80 134217728 5299597.007 5300528.573 5300589.08 4.05140563735 4.05145188527 4.05216405165 2.02570281868 2.02572594263 2.02608202583
160 67108864 3273816.982 3274299.178 3274310.217 6.55858335246 6.55860546412 6.5595714721 3.27929167623 3.27930273206 3.27978573605
240 33554432 1686537.746 1687146.399 1687414.458 9.54485561247 9.54637212843 9.54981730957 4.77242780623 4.77318606422 4.77490865479
320 33554432 1695493.345 1695738.433 1695891.527 12.6628597042 12.6640029276 12.6658335424 6.33142985212 6.33200146381 6.33291677119
400 33554432 2006852.62 2007200.532 2007747.559 13.3699804438 13.3736241955 13.3759426739 6.68499022192 6.68681209776 6.68797133693
480 16777216 1265006.88 1265195.253 1265439.71 12.7276923845 12.7301515887 12.7320472439 6.36384619225 6.36507579435 6.36602362194
560 16777216 1403576.42 1403669.839 1404040.581 13.3831473066 13.3866821085 13.387573097 6.69157365331 6.69334105426 6.69378654851
640 16777216 1646048.176 1646131.199 1646470.835 13.0429498194 13.04564089 13.0462988831 6.5214749097 6.52282044501 6.52314944153
720 16777216 1782402.992 1782545.401 1782588.83 13.55286796 13.553198155 13.5542810175 6.77643398001 6.77659907749 6.77714050875
800 16777216 2052681.8 2052783.995 2053239.511 13.0737526997 13.076653786 13.0773048214 6.53687634983 6.53832689299 6.53865241071
880 16777216 2173249.05 2173600.718 2173610.092 13.5847272097 13.584785796 13.5869840412 6.79236360483 6.79239289799 6.79349202062
960 8388608 1216541.422 1216894.405 1216960.376 13.2347179724 13.2354354608 13.2392757606 6.61735898622 6.61771773041 6.61963788028
1040 8388608 1288248.579 1288389.832 1288451.265 13.5420757571 13.5427214703 13.5442063934 6.77103787857 6.77136073517 6.77210319671
1120 8388608 1415085.529 1415550.07 1415587.272 13.273983379 13.2743322319 13.2786898989 6.63699168948 6.63716611593 6.63934494945
1200 8388608 1485756.461 1485872.633 1485901.935 13.5491170216 13.5493842156 13.5504436484 6.77455851082 6.77469210781 6.77522182419
1280 8388608 1618937.828 1619135.356 1619152.416 13.2630111086 13.2631508542 13.2647691027 6.63150555432 6.6315754271 6.63238455134
1360 8388608 1683956.604 1684065.971 1684155.734 13.5480426776 13.5487648067 13.5496447508 6.77402133881 6.77438240334 6.77482237541
1440 8388608 1819515.82 1819586.544 1819655.015 13.2767974373 13.2772970429 13.2778131272 6.63839871867 6.63864852146 6.63890656362
1520 8388608 1882577.732 1882836.126 1883528.071 13.5391495952 13.5441252522 13.5459842569 6.76957479759 6.77206262612 6.77299212843
1600 8388608 2012801.014 2012936.331 2012979.883 13.3352279507 13.3355164724 13.3364129953 6.66761397536 6.66775823621 6.66820649763
1760 8388608 2203670.153 2203733.187 2203817.588 13.3985227819 13.3990359333 13.3994192006 6.69926139096 6.69951796665 6.69970960032
1920 4194304 1203018.336 1203638.803 1203746.367 13.3800008054 13.3811965183 13.3880979849 6.69000040272 6.69059825915 6.69404899245
2080 4194304 1301340.011 1301456.413 1301495.904 13.4063461793 13.4067529774 13.407952182 6.70317308966 6.70337648872 6.703976091
2240 4194304 1396651.084 1396717.111 1396734.355 13.4531536743 13.4533197682 13.453955777 6.72657683715 6.7266598841 6.72697788849
2400 4194304 1500204.946 1500377.682 1500820.065 13.4144389921 13.4183942094 13.4199392248 6.70721949603 6.70919710468 6.70996961238
2640 4194304 1629107.909 1629889.532 1630395.028 13.5831652696 13.5873779696 13.5938970019 6.79158263478 6.79368898481 6.79694850097
2880 4194304 1798996.403 1800244.812 1800855.353 13.4153978551 13.4199475977 13.4292603363 6.70769892756 6.70997379883 6.71463016816
3120 4194304 1934874.298 1934976.133 1934995.319 13.5258502711 13.5259843848 13.5266962753 6.76292513553 6.76299219242 6.76334813767
3360 4194304 2090863.25 2090994.713 2091048.107 13.4792321543 13.4795763494 13.4804238776 6.73961607714 6.73978817468 6.74021193878
3680 2097152 1147920.767 1148107.093 1148217.914 13.4426039969 13.4439015438 13.4460837052 6.72130199843 6.72195077189 6.72304185259
4000 2097152 1237650.754 1237680.707 1238561.379 13.5457283623 13.5553668285 13.5556948887 6.77286418116 6.77768341427 6.77784744435
4400 2097152 1349881.323 1350147.704 1350479.647 13.665468888 13.6688286365 13.6715259968 6.83273444402 6.83441431827 6.8357629984
4800 2097152 1488656.667 1488695.422 1488847.034 13.5223154161 13.5236925582 13.5240446278 6.76115770803 6.76184627912 6.76202231391
5280 2097152 1641846.494 1668781.738 1668960.299 13.2692941427 13.270713968 13.488426111 6.63464707137 6.63535698399 6.74421305552
5760 2097152 1801294.468 1801857.245 1802790.362 13.4009985571 13.4079384519 13.4121274834 6.70049927857 6.70396922593 6.70606374171
6320 2097152 1980719.089 1981540.374 1981715.737 13.3762884278 13.3774722069 13.3830190395 6.68814421389 6.68873610344 6.69150951975
6880 2097152 2162452.55 2163309.634 2163393.548 13.3386787377 13.3391961402 13.3444831055 6.66933936885 6.66959807012 6.67224155277
7520 1048576 1178358.487 1178757.041 1179416.82 13.3715093532 13.3789937124 13.3835188646 6.68575467662 6.68949685621 6.69175943229
8240 1048576 1283459.251 1284609.766 1286721.888 13.4298892722 13.4519703472 13.4640289254 6.71494463612 6.72598517362 6.73201446269
9040 1048576 1410051.205 1410093.358 1410167.544 13.4439727823 13.4446800791 13.4450820032 6.72198639114 6.72234003956 6.72254100162
9920 1048576 1552579.674 1552988.36 1553328.592 13.3930115927 13.3959457623 13.399471981 6.69650579637 6.69797288114 6.69973599049
10880 1048576 1687545.665 1688065.43 1694909.363 13.4620849103 13.5166643156 13.5208274557 6.73104245516 6.75833215778 6.76041372783
11920 1048576 1846851.806 1847035.172 1847859.017 13.5281163823 13.5341504152 13.535494163 6.76405819113 6.7670752076 6.76774708149
13040 1048576 2028917.905 2029399.405 2029792.03 13.4727408896 13.4753474415 13.4785453924 6.73637044481 6.73767372076 6.7392726962
14320 524288 1106686.139 1106798.403 1106889.259 13.5655922197 13.566705806 13.5680820341 6.78279610987 6.78335290298 6.78404101707
15680 524288 1219985.87 1221164.128 1221176.061 13.4638011709 13.4639327368 13.476936155 6.73190058546 6.73196636841 6.7384680775
17200 524288 1327152.633 1327379.008 1330081.195 13.5597039247 13.5873078385 13.5896254519 6.77985196235 6.79365391923 6.79481272596
18880 524288 1461896.916 1462758.499 1465131.558 13.512175594 13.5340966356 13.5420730855 6.756087797 6.7670483178 6.77103654277
20720 524288 1598659.267 1598764.371 1598865.514 13.5886943147 13.5895539794 13.5904474258 6.79434715733 6.79477698969 6.79522371292
22720 524288 1755443.413 1755880.522 1756059.148 13.5665400264 13.5679201526 13.5712985925 6.78327001318 6.7839600763 6.78564929623
24960 524288 1933835.28 1934971.186 1935149.694 13.5247712573 13.5260189657 13.5339639475 6.76238562865 6.76300948287 6.76698197377
27440 524288 2113997.747 2116111.824 2116656.42 13.5935738876 13.5970722878 13.6106698698 6.79678694382 6.7985361439 6.80533493492
30160 262144 1155200.682 1155247.35 1155259.695 13.6874212339 13.687567498 13.6881204507 6.84371061694 6.843783749 6.84406022537
33120 262144 1280036.409 1281105.684 1281341.256 13.5517517123 13.5542436326 13.5655661338 6.77587585613 6.77712181628 6.78278306692
36400 262144 1393887.503 1394077.008 1394384.023 13.68638975 13.6894038783 13.6912650116 6.84319487502 6.84470193916 6.84563250582
40000 262144 1542379.992 1542951.169 1543410.535 13.5877781863 13.5918235271 13.5968568762 6.79388909316 6.79591176356 6.79842843812
44000 262144 1701302.775 1702289.953 1702299.069 13.5514801248 13.5515526949 13.5594159599 6.77574006239 6.77577634743 6.77970797996
48400 262144 1863252.445 1864730.89 1865349.249 13.6036397546 13.6081508255 13.6189485585 6.80181987732 6.80407541273 6.80947427926
53200 262144 2036959.616 2037730.188 2037759.629 13.687640683 13.6878384412 13.6930164844 6.84382034148 6.84391922058 6.84650824221
58480 131072 1127752.562 1127897.441 1128872.537 13.5800815571 13.5918218827 13.5935679834 6.79004077854 6.79591094134 6.7967839917
64320 131072 1241305.609 1241595.886 1242065.594 13.5750496282 13.5801852037 13.5833609046 6.78752481409 6.79009260184 6.79168045232
70720 131072 1357635.651 1358033.301 1358590.848 13.6456267958 13.6512290725 13.6552275026 6.8228133979 6.82561453624 6.82761375128
77760 131072 1498202.195 1499292.866 1499533.038 13.5937768115 13.5959544011 13.6058520726 6.79688840574 6.79797720054 6.8029260363
85520 131072 1645613.913 1645973.028 1646167.023 13.6186392795 13.6202443774 13.6232166627 6.80931963974 6.81012218871 6.81160833136
94000 131072 1791361.927 1791480.872 1791972.672 13.7510668466 13.75484181 13.7557551205 6.87553342331 6.877420905 6.87787756025
103360 131072 1997136.685 1997894.845 1998620.927 13.5569499318 13.5618768464 13.5670252535 6.7784749659 6.78093842321 6.78351262673
113680 131072 2181436.161 2182085.148 2182678.637 13.6531917319 13.6569051612 13.6609681515 6.82659586593 6.82845258062 6.83048407576
125040 65536 1202282.119 1202992.274 1214734.116 13.4920413152 13.6237307872 13.6317779504 6.74602065758 6.81186539358 6.81588897522
137520 65536 1319304.934 1321078.963 1332650.694 13.5256909565 13.6441665826 13.6625134762 6.76284547825 6.82208329132 6.8312567381
151200 65536 1460944.667 1461113.349 1475825.57 13.4284747485 13.5636885486 13.5652546244 6.71423737427 6.78184427429 6.7826273122
166320 65536 1585227.422 1585905.645 1617156.48 13.4803869073 13.7460227276 13.7519038199 6.74019345364 6.8730113638 6.87595190995
182880 65536 1766152.806 1766752.189 1781140.768 13.4579185377 13.5675209626 13.5721254008 6.72895926887 6.78376048131 6.7860627004
201120 65536 1925010.858 1926395.501 1955938.449 13.4775205495 13.6842100318 13.694052961 6.73876027476 6.8421050159 6.84702648051
221200 65536 2106276.666 2106348.409 2149146.487 13.4905305782 13.7646394472 13.7651082918 6.74526528912 6.88231972358 6.8825541459
243280 32768 1166893.879 1168177.143 1180367.543 13.5073165766 13.648270877 13.6632802408 6.75365828828 6.82413543851 6.83164012038
267600 32768 1275106.961 1299852.925 1302249.298 13.4670324852 13.4918599348 13.7536960713 6.7335162426 6.74592996742 6.87684803565
294320 32768 1410133.215 1432346.403 1432909.829 13.461109087 13.4664041321 13.6785342795 6.7305545435 6.73320206606 6.83926713974
323680 32768 1548693.96 1572420.271 1577203.843 13.4495566785 13.4904725354 13.697149358 6.72477833926 6.74523626769 6.84857467902
356000 32768 1736512.691 1736869.206 1737277.268 13.4295293156 13.4326844643 13.4354422636 6.71476465782 6.71634223216 6.71772113182
391600 32768 1909211.569 1910183.637 1911664.192 13.4248984248 13.4353038645 13.4421443997 6.71244921242 6.71765193223 6.72107219983
430720 32768 2099387.387 2099941.217 2100174.774 13.4406270704 13.4421219468 13.4456680529 6.7203135352 6.72106097339 6.72283402644
473760 16384 1148193.316 1151626.982 1151800.036 13.4781795405 13.480204895 13.520517376 6.73908977027 6.74010244751 6.76025868801
521120 16384 1262326.872 1264648.098 1264718.132 13.5018702808 13.5026179907 13.5274472395 6.75093514038 6.75130899537 6.76372361976
573200 16384 1387597.718 1388212.444 1389284.197 13.5196366881 13.5300743637 13.5360683838 6.75981834406 6.76503718187 6.76803419188
630480 16384 1525646.268 1527306.924 1527618.919 13.5240329791 13.5267956397 13.5415194684 6.76201648953 6.76339781983 6.7707597342
693520 16384 1677928.093 1679596.329 1679639.075 13.5298491791 13.5301935159 13.543645556 6.76492458953 6.76509675796 6.77182277799
762800 16384 1845281.137 1846480.975 1846910.058 13.5336478849 13.5367928175 13.5455947058 6.76682394244 6.76839640874 6.77279735288
839040 16384 2029124.624 2029580.285 2029870.905 13.5445375626 13.5464770343 13.5495190363 6.7722687813 6.77323851714 6.77475951817
922880 8192 1115763.122 1115997.113 1116036.008 13.5483674466 13.5488396375 13.5516810171 6.77418372329 6.77441981877 6.77584050856
1015120 8192 1227171.836 1227335.078 1227356.757 13.5508489974 13.5510883524 13.552890958 6.77542449868 6.77554417621 6.77644547899
1116560 8192 1349540.436 1349683.472 1350302.148 13.5478707985 13.5540809527 13.5555175317 6.77393539923 6.77704047635 6.77775876587
1228160 8192 1484201.805 1484405.336 1484911.986 13.5510883 13.5557134915 13.5575724084 6.77554415 6.77785674573 6.77878620421
1350960 8192 1632336.125 1632590.889 1632592.455 13.55765707 13.5576700747 13.5597860643 6.77882853501 6.77883503734 6.77989303214
1486000 8192 1795256.809 1795417.545 1795518.872 13.5596592047 13.5604244638 13.5616385789 6.77982960237 6.78021223191 6.78081928946
1634560 8192 1974725.616 1974888.536 1975202.237 13.5584248227 13.5605785095 13.5616972925 6.77921241135 6.78028925477 6.78084864627
1798000 8192 2171807.103 2172108.205 2172239.715 13.5613172877 13.5621383558 13.5640186273 6.78065864384 6.7810691779 6.78200931365
1977760 4096 1194392.091 1194496.094 1194519.762 13.563450715 13.5637194641 13.5649005399 6.78172535751 6.78185973206 6.78245026993
2175520 4096 1313601.57 1313667.443 1314047.583 13.5625681068 13.566492749 13.567173066 6.78128405339 6.78324637448 6.78358653302
2393040 4096 1444935.905 1445053.785 1445147.557 13.5652470815 13.5661273535 13.5672340982 6.78262354077 6.78306367676 6.78361704909
2632320 4096 1589288.891 1589510.144 1589531.594 13.5662389608 13.5664220335 13.5683106842 6.78311948042 6.78321101674 6.78415534209
2895520 4096 1748161.11 1748247.752 1748653.309 13.5647813766 13.5679281228 13.5686005737 6.78239068828 6.7839640614 6.78430028683
3185040 4096 1922863.907 1923095.401 1923189.578 13.5669660331 13.5676304288 13.5692638387 6.78348301657 6.78381521438 6.78463191935
3503520 4096 2115130.513 2115523.03 2120170.997 13.5370382298 13.5667801451 13.569297811 6.76851911488 6.78339007257 6.78464890549
3853840 2048 1163306.932 1163519.739 1166624.156 13.5307747219 13.5668765307 13.5693583574 6.76538736097 6.78343826533 6.78467917872
4239200 2048 1280292.98 1281499.359 1291253.069 13.4472193072 13.5495683849 13.5623357085 6.72360965362 6.77478419246 6.78116785425
4663120 2048 1410694.28 1417594.553 1426284.007 13.3915401324 13.473626489 13.5395314143 6.69577006622 6.73681324451 6.76976570714
5129360 2048 1559467.255 1567398.188 1571735.887 13.3672958248 13.4042891722 13.4724589392 6.68364791241 6.70214458612 6.7362294696
5642240 2048 1714870.831 1727661.981 1727673.818 13.3767235454 13.3768151954 13.476592302 6.6883617727 6.68840759771 6.73829615101
6206400 2048 1883351.315 1896411.396 1901257.625 13.3708415239 13.4050103546 13.4979672659 6.68542076195 6.70250517731 6.74898363293
6827040 2048 2071704.645 2078582.021 2083496.548 13.4214553256 13.4531885475 13.4978486955 6.71072766279 6.72659427376 6.74892434776
7509680 1024 1139288.077 1139723.082 1139795.858 13.493490551 13.4943521658 13.4995046033 6.7467452755 6.7471760829 6.74975230167
8260640 1024 1252932.003 1253447.607 1253715.592 13.4941216556 13.4970066762 13.5025609367 6.74706082781 6.74850333812 6.75128046833
9086640 1024 1378215.208 1378796.286 1379065.26 13.4942408164 13.4968732575 13.5025637593 6.74712040821 6.74843662873 6.75128187963
9995280 1024 1516260.22 1516977.437 1517155.937 13.4925705004 13.4941581468 13.5005411142 6.74628525018 6.7470790734 6.75027055712
10994800 1024 1668582.669 1669630.149 1669916.81 13.484115056 13.4864301615 13.4948964881 6.742057528 6.74321508074 6.74744824405
12094240 1024 1836728.294 1837669.018 1838676.406 13.4711053229 13.4784900204 13.4853933491 6.73555266146 6.73924501022 6.74269667455
13303600 1024 2022129.609 2023452.887 2023579.87 13.4641450056 13.4649899561 13.4738014214 6.73207250278 6.73249497803 6.7369007107
14633920 1024 2225405.312 2226388.791 2226821.029 13.4587682484 13.4613811753 13.4673301975 6.72938412421 6.73069058764 6.73366509876
16097280 512 1223939.209 1224652.474 1224893.758 13.4571791328 13.4598304988 13.4676743737 6.72858956638 6.72991524941 6.73383718684
17706960 512 1346695.1 1347351.939 1347542.395 13.4555522018 13.457454222 13.46401798 6.72777610088 6.72872711099 6.73200899001
19477600 512 1481795.073 1482457.36 1482466.387 13.4539727679 13.454054692 13.4600679699 6.72698638394 6.727027346 6.73003398494
21425360 512 1630295.622 1630658.74 1630918.377 13.4522787586 13.4544206595 13.4574173812 6.72613937932 6.72721032973 6.7287086906
23567840 512 1793476.144 1793614.388 1794296.627 13.4500994968 13.4552155254 13.4562526749 6.72504974842 6.7276077627 6.72812633743
25924560 512 1972452.622 1973254.922 1973523.619 13.4514475451 13.4532792211 13.4587513758 6.72572377255 6.72663961053 6.72937568789
28516960 512 2169638.263 2170652.427 2170826.46 13.4517279838 13.4528064819 13.4590947892 6.72586399191 6.72640324097 6.7295473946
31368640 256 1194727.38 1195426.813 1195486.959 13.4344783597 13.4351542941 13.4430196787 6.71723917985 6.71757714707 6.72150983934
34505440 256 1314090.965 1314827.822 1314938.561 13.4354454299 13.436577006 13.4441113671 6.71772271496 6.71828850302 6.72205568357
37955920 256 1445513.525 1446405.183 1446444.155 13.435313747 13.4356757487 13.44396348 6.71765687352 6.71783787434 6.72198174002
41751440 256 1590160.68 1590852.108 1590860.336 13.4372180865 13.4372875847 13.4431303382 6.71860904325 6.71864379237 6.72156516912
45926560 256 1749086.416 1749941.688 1750077.039 13.436207776 13.437247013 13.4438175867 6.718103888 6.7186235065 6.72190879333
50519200 256 1924061.815 1925031.502 1925225.129 13.4352237618 13.4365751278 13.4433468812 6.71761188091 6.7182875639 6.72167344062
55571120 256 2116347.037 2117455.419 2117877.469 13.4344001749 13.4370779119 13.4441152337 6.71720008746 6.71853895593 6.72205761687
61128160 128 1166613.928 1167160.003 1167404.378 13.4047886533 13.4075952909 13.4138711912 6.70239432664 6.70379764547 6.70693559558
67240960 128 1283135.014 1283912.341 1284221.652 13.4039834426 13.4072126346 13.4153347638 6.70199172129 6.70360631731 6.70766738191
73965040 128 1411504.651 1412442.51 1412505.137 13.4052965501 13.4058909343 13.4147983335 6.70264827504 6.70294546714 6.70739916676
81361520 128 1552669.387 1553572.903 1553829.138 13.4046586015 13.4068694683 13.4146710783 6.70232930077 6.70343473415 6.70733553917
89497600 128 1707841.866 1708834.614 1708888.872 13.4071828633 13.407608561 13.4154022431 6.70359143166 6.7038042805 6.70770112155
98447360 128 1878619.945 1879789.286 1879920.86 13.4061622998 13.407100651 13.415445858 6.70308114992 6.70355032548 6.70772292902
108292080 128 2066264.064 2067436.119 2067856.8 13.4065243203 13.409252274 13.4168584563 6.70326216013 6.70462613699 6.70842922814
119121280 64 1141433.237 1142426.817 1142731.877 13.3430458596 13.346608827 13.35822661 6.67152292978 6.67330441351 6.67911330499
131033360 64 1255388.778 1256525.744 1256605.899 13.3472794401 13.348130876 13.3602198569 6.67363972004 6.67406543801 6.68010992846
144136640 64 1381016.366 1382391.916 1382437.874 13.3456195515 13.3460632303 13.3593564669 6.67280977575 6.67303161515 6.67967823344
158550240 64 1519059.932 1520425.914 1520921.191 13.3435123661 13.347859 13.3598617754 6.67175618306 6.67392949999 6.67993088768
174405200 64 1671356.428 1672561.64 1672756.822 13.3455534638 13.3471108425 13.3567354192 6.67277673192 6.67355542125 6.67836770961
191845680 64 1839017.052 1839866.49 1840037.499 13.3455144546 13.3467548724 13.3529197096 6.67275722732 6.67337743621 6.67645985482
211030240 64 2022938.3 2023705.01 2023985.684 13.3458803259 13.3477313079 13.3527902062 6.67294016295 6.67386565397 6.6763951031
232133200 64 2225229.499 2226276.191 2226349.449 13.3460852758 13.346524443 13.3528023125 6.67304263788 6.67326222149 6.67640115623
255346480 32 1234611.098 1235446.512 1235605.47 13.2260459481 13.2277476696 13.2366983793 6.61302297407 6.61387383479 6.61834918967
280881120 32 1358004.75 1359056.047 1359135.324 13.2263442518 13.2271157762 13.2373555247 6.6131721259 6.61355788809 6.61867776236
308969200 32 1493679.807 1495415.747 1495585.981 13.2215927745 13.2230978841 13.2384656386 6.61079638724 6.61154894205 6.61923281929
339866080 32 1643327.716 1645084.428 1645130.39 13.2217052534 13.2220746545 13.2362090095 6.6108526267 6.61103732726 6.61810450473
373852640 32 1807381.303 1809668.189 1809689.975 13.221363488 13.2215226556 13.2382518953 6.61068174398 6.6107613278 6.61912594766
411237840 32 1988162.133 1990576.792 1990632.234 13.2215390219 13.2219072712 13.2379655176 6.61076951093 6.61095363559 6.61898275879
452361600 32 2187232.507 2189465.848 2189758.413 13.2211582009 13.2229248638 13.2364265378 6.61057910044 6.61146243191 6.6182132689
497597760 16 1223777.309 1226494.242 1226523.867 12.9823224386 12.9826360163 13.0114590317 6.49116121929 6.49131800816 6.50572951586
547357520 16 1346030.02 1349238.96 1349289.893 12.9812286677 12.9817187016 13.0126671618 6.49061433383 6.49085935082 6.50633358088
602093200 16 1480677.283 1484116.818 1484170.092 12.9816538575 12.9821198482 13.0122766258 6.49082692875 6.4910599241 6.50613831292
662302480 16 1628586.773 1632398.988 1632809.39 12.9798857661 12.9831490437 13.0135401511 6.48994288305 6.49157452185 6.50677007555
728532720 16 1791638.576 1795694.609 1795760.991 12.9822661016 12.982746021 13.0121372426 6.49113305079 6.49137301052 6.50606862129
801385920 16 1970682.549 1975310.034 1975379.188 12.9819882662 12.9824427551 13.0129276544 6.49099413312 6.49122137756 6.50646382722
881524480 16 2167701.585 2172557.981 2172750.321 12.9829843251 12.9841337293 13.013222648 6.49149216257 6.49206686466 6.50661132399
969676880 8 1232820.678 1238252.625 1238466.61 12.5274512488 12.5296161436 12.5848230459 6.26372562438 6.26480807178 6.29241152297
1066644560 8 1356043.82 1362192.684 1362243.983 12.5280883403 12.5285601372 12.585369815 6.26404417013 6.26428006862 6.29268490748
1173308960 8 1491564.392 1498464.883 1498478.864 12.5280001013 12.5281169902 12.5860763777 6.26400005065 6.26405849512 6.29303818886
1290639840 8 1640802.621 1648297.76 1648334.545 12.5279407039 12.5282202895 12.5854488381 6.26397035197 6.26411014476 6.29272441905
1419703760 8 1804844.924 1813056.465 1813074.969 12.528582959 12.5287108253 12.5857129651 6.2642914795 6.26435541267 6.29285648256
1561674080 8 1985383.082 1994164.874 1994388.09 12.5285471796 12.5299495572 12.5853723176 6.2642735898 6.26497477861 6.29268615879
1717841440 8 2183569.763 2193600.78 2193890.774 12.5281820616 12.5298382872 12.5873986285 6.26409103081 6.26491914358 6.29369931425
1889625520 4 1280041.886 1291011.848 1291350.7 11.7063506916 11.7094232585 11.8097730436 5.85317534578 5.85471162926 5.90488652181
2078588000 4 1407745.221 1419933.844 1420329.285 11.707640035 11.7109005256 11.8122965377 5.85382001752 5.85545026279 5.90614826886
2286446800 4 1549368.342 1561976.696 1562009.849 11.7102810918 11.7105296429 11.8058268677 5.85514054592 5.85526482144 5.90291343387
2515091440 4 1703709.996 1718125.002 1718238.868 11.7100898453 11.7108659129 11.8099509701 5.85504492266 5.85543295644 5.90497548504
2766600560 4 1873702.535 1889861.659 1889895.331 11.711127128 11.7113357873 11.8123363056 5.85556356401 5.85566789363 5.90616815278
3043260560 4 2061133.199 2078795.2 2078957.905 11.7107154606 11.7116320453 11.8119898762 5.8553577303 5.85581602267 5.90599493808
3347586560 4 2267143.648 2286837.078 2286987.741 11.7100288733 11.7108003616 11.8125256437 5.85501443665 5.85540018081 5.90626282186
3682345200 4 2493982.003 2515365.723 2515816.921 11.7094218399 11.7115222374 11.8119383238 5.85471091996 5.85576111868 5.90596916188
4050579680 2 1540810.141 1563908.213 1564435.962 10.3566519267 10.360146833 10.5154543632 5.17832596334 5.1800734165 5.25772718159
4455637600 2 1696259.997 1720432.951 1720648.495 10.3580425937 10.3593402984 10.5069685258 5.17902129685 5.1796701492 5.25348426288
4901201360 2 1864264.169 1892363.661 1892960.034 10.3566927393 10.3599566215 10.5161091255 5.17834636967 5.17997831073 5.25805456276
5391321440 2 2050433.218 2081592.996 2082071.63 10.3576099157 10.3599915072 10.5174289856 5.17880495783 5.1799957536 5.25871449279
5930453520 2 2255385.641 2289827.005 2290131.7 10.3582750634 10.3596533835 10.517852756 5.1791375317 5.17982669175 5.25892637799
6523498800 2 2480910.979 2518670.784 2519581.892 10.3564783041 10.3602246732 10.5179087121 5.17823915207 5.18011233659 5.25895435606
7175848640 2 2730065.69 2770848.045 2771858.802 10.3552874119 10.35906484 10.5138109552 5.17764370597 5.17953242001 5.25690547761
7893433440 1 1501088.579 1523794.969 1524736.112 10.353835497 10.3602303467 10.5169455693 5.17691774851 5.18011517336 5.25847278464
8682776720 1 1651152.301 1676880.936 1676983.295 10.3552334074 10.3558655043 10.517232983 5.17761670369 5.17793275217 5.25861649149
9551054320 1 1816444.449 1844176.587 1844248.98 10.3576625755 10.3580691647 10.5162085472 5.17883128774 5.17903458233 5.25810427358
10506159680 1 1997711.796 2028467.291 2028619.549 10.3579398958 10.3587173691 10.5181935663 5.1789699479 5.17935868457 5.25909678315
11556775600 1 2197431.01 2231071.172 2231348.316 10.3585581123 10.3598448539 10.5184422604 5.17927905613 5.17992242697 5.25922113022
12712453120 1 2417186.279 2454286.374 2454293.294 10.3593593733 10.3593885821 10.518389278 5.17967968664 5.17969429105 5.25919463901
13983698400 1 2658656.252 2699325.846 2699478.798 10.3602950394 10.3608820852 10.5193730024 5.18014751972 5.18044104261 5.25968650121

META_DATA
FLOPS          8
CONFIG  {'ERT_WORKING_SET_MIN': ['1'], 'ERT_CFLAGS': ['-O3'], 'ERT_CC': ['gcc'], 'ERT_MPI_CFLAGS': [], 'ERT_MPI_LDFLAGS': [], 'ERT_MEMORY_MAX': ['15000000000'], 'ERT_PROCS_THREADS': ['8,10,16'], 'ERT_LDFLAGS': [], 'ERT_LDLIBS': [], 'ERT_SPEC_GBYTES_DRAM': ['0'], 'ERT_RUN': ['export', 'KMP_AFFINITY=scatter;', 'export', 'OMP_NUM_THREADS=ERT_OPENMP_THREADS;', 'ERT_CODE'], 'ERT_FLOPS': ['1,2,4,8,16'], 'ERT_OPENMP_CFLAGS': ['-fopenmp'], 'ERT_SPEC_GFLOPS': ['0'], 'ERT_MPI': ['False'], 'ERT_TRIALS_MIN': ['1'], 'ERT_DRIVER': ['driver1'], 'ERT_RESULTS': ['Results.arm'], 'ERT_OPENMP': ['True'], 'ERT_MPI_PROCS': ['1'], 'ERT_KERNEL': ['kernel1'], 'ERT_OPENMP_THREADS': ['8,10,16'], 'ERT_LD': ['gcc'], 'ERT_NUM_EXPERIMENTS': ['4'], 'ERT_OPENMP_LDFLAGS': ['-fopenmp'], 'ERT_ALIGN': ['32'], 'ERT_GNUPLOT': ['gnuplot']}
MPI_PROCS      1
OPENMP_THREADS 10
UNAME  ('Linux', 'localhost.localdomain', '5.4.44-mlnx.14.gd7fb187', '#1 SMP PREEMPT Tue Sep 15 16:18:01 UTC 2020', 'aarch64', 'aarch64')
HOSTNAME  localhost.localdomain
TIMESTAMP_DATA  1614758190.5
TIMESTAMP_DATA  1614758815.27
TIMESTAMP_DATA  1614757566.16
TIMESTAMP_DATA  1614759438.26
ERT_VERSION  1.0.0
