80 134217728 10094666.723 10154230.26 10168165.132 2.11196771504 2.11486601447 2.12734477217 2.11196771504 2.11486601447 2.12734477217
160 67108864 6793031.212 6793683.09 6801495.884 3.15736962078 3.16100062301 3.16130396134 3.15736962078 3.16100062301 3.16130396134
240 33554432 3288961.805 3290203.814 3290477.637 4.89476882593 4.8951761868 4.89702474973 4.89476882593 4.8951761868 4.89702474973
320 33554432 4776048.569 4776137.696 4776206.607 4.49621179463 4.49627666681 4.49636057292 4.49621179463 4.49627666681 4.49636057292
400 33554432 5564782.759 5564968.43 5565047.725 4.82359665658 4.8236653878 4.82382633115 4.82359665658 4.8236653878 4.82382633115
480 16777216 3541083.938 3541184.58 3541319.43 4.54805833768 4.54823152991 4.5483607963 4.54805833768 4.54823152991 4.5483607963
560 16777216 3976347.499 3976616.906 3976659.753 4.72519226867 4.72524318137 4.72556332783 4.72519226867 4.72524318137 4.72556332783
640 16777216 4713565.722 4713945.275 4714130.828 4.55541801098 4.55559732394 4.55596415677 4.55541801098 4.55559732394 4.55596415677
720 16777216 5123310.144 5123622.513 5123731.579 4.71515548141 4.71525585242 4.71554334228 4.71515548141 4.71525585242 4.71554334228
800 16777216 5864477.131 5864480.806 5864816.899 4.5770475127 4.57730982298 4.57731269137 4.5770475127 4.57730982298 4.57731269137
880 16777216 6289302.389 6289664.302 6290040.942 4.6943891832 4.69467029434 4.69494044548 4.6943891832 4.69467029434 4.69494044548
960 8388608 3502546.55 3502927.617 3503052.75 4.59774045938 4.59790470172 4.59840494054 4.59774045938 4.59790470172 4.59840494054
1040 8388608 3701633.284 3701706.951 3701790.167 4.71347749409 4.71358345514 4.71367726118 4.71347749409 4.71358345514 4.71367726118
1120 8388608 4081971.728 4082171.35 4082210.479 4.60301643354 4.60306055502 4.60328565999 4.60301643354 4.60306055502 4.60328565999
1200 8388608 4300424.759 4300715.315 4300851.699 4.6810865868 4.68123503311 4.68155131836 4.6810865868 4.68123503311 4.68155131836
1280 8388608 4679879.519 4680193.815 4680634.442 4.58801830096 4.5884502499 4.5887584056 4.58801830096 4.5884502499 4.5887584056
1360 8388608 4872137.064 4872900.978 4873120.786 4.6822179794 4.68242918603 4.68316335527 4.6822179794 4.68242918603 4.68316335527
1440 8388608 5277167.724 5278526.38 5279974.155 4.57562676081 4.57688174706 4.57806010791 4.57562676081 4.57688174706 4.57806010791
1520 8388608 5447214.617 5447295.114 5447401.876 4.68138185882 4.68147360962 4.68154279077 4.68138185882 4.68147360962 4.68154279077
1600 8388608 5836182.487 5836723.373 5836811.097 4.59900880016 4.59907792173 4.59950415529 4.59900880016 4.59907792173 4.59950415529
1760 8388608 6437557.055 6437698.94 6438015.963 4.58649067192 4.5867165326 4.58681762472 4.58649067192 4.5867165326 4.58681762472
1920 4194304 3489898.921 3490488.791 3490568.594 4.61418445914 4.61428995318 4.6150698701 4.61418445914 4.61428995318 4.6150698701
2080 4194304 3794479.836 3795082.941 3795136.454 4.59754342208 4.59760825027 4.5983390067 4.59754342208 4.59760825027 4.5983390067
2240 4194304 4066332.262 4066752.568 4067709.895 4.61942527984 4.62051270782 4.62099029526 4.61942527984 4.62051270782 4.62099029526
2400 4194304 4343000.423 4344247.76 4347648.191 4.63070108609 4.63432573652 4.63565674398 4.63070108609 4.63432573652 4.63565674398
2640 4194304 4759784.781 4760194.022 4760440.537 4.65207472877 4.65231564462 4.65271564555 4.65207472877 4.65231564462 4.65271564555
2880 4194304 5205522.343 5206357.938 5207428.483 4.63937068341 4.640324643 4.64106951197 4.63937068341 4.640324643 4.64106951197
3120 4194304 5629167.286 5629368.057 5629567.961 4.64910578242 4.64927087641 4.64943669823 4.64910578242 4.64927087641 4.64943669823
3360 4194304 6098333.144 6098739.068 6099212.811 4.6212066628 4.62156563279 4.62187325855 4.6212066628 4.62156563279 4.62187325855
3680 2097152 3344781.299 3344908.049 3344926.181 4.61446318537 4.61448819934 4.6146630647 4.61446318537 4.61448819934 4.6146630647
4000 2097152 3623456.177 3623987.077 3624295.491 4.62909716983 4.62949112222 4.63016942401 4.62909716983 4.62949112222 4.63016942401
4400 2097152 3982183.718 3982876.067 3983151.155 4.63325063043 4.63357063829 4.63437623849 4.63325063043 4.63357063829 4.63437623849
4800 2097152 4337283.276 4337819.273 4338130.916 4.64086022064 4.64119363509 4.64176718901 4.64086022064 4.64119363509 4.64176718901
5280 2097152 4822403.509 4823348.153 4823394.275 4.59135701072 4.59140091437 4.59230030807 4.59135701072 4.59140091437 4.59230030807
5760 2097152 5244974.181 5245401.812 5245423.231 4.60576582214 4.60578462926 4.60616014613 4.60576582214 4.60578462926 4.60616014613
6320 2097152 5725611.585 5726238.62 5726271.505 4.62919043515 4.62921701995 4.62972398432 4.62919043515 4.62921701995 4.62972398432
6880 2097152 6251544.636 6251789.019 6252200.788 4.61546461774 4.61576861156 4.61594904943 4.61546461774 4.61576861156 4.61594904943
7520 1048576 3413452.485 3413576.093 3413827.57 4.6196190981 4.61995942388 4.62012672193 4.6196190981 4.61995942388 4.62012672193
8240 1048576 3726526.241 3726695.641 3726823.611 4.63679913077 4.63695835256 4.63716913888 4.63679913077 4.63695835256 4.63716913888
9040 1048576 4091096.175 4091247.509 4091277.576 4.63382249868 4.63385655312 4.6340279644 4.63382249868 4.63385655312 4.6340279644
9920 1048576 4493195.005 4493427.265 4493516.917 4.62972505151 4.62981742289 4.63005674511 4.62972505151 4.62981742289 4.63005674511
10880 1048576 4929776.909 4929923.584 4930017.575 4.6281810182 4.62826925635 4.62840696064 4.6281810182 4.62826925635 4.62840696064
11920 1048576 5386414.254 5386609.065 5386678.884 4.64071692008 4.64077707113 4.64094491459 4.64071692008 4.64077707113 4.64094491459
13040 1048576 5892510.135 5892727.873 5892863.303 4.64067477453 4.64078142914 4.64095291369 4.64067477453 4.64078142914 4.64095291369
14320 524288 3235887.569 3236119.775 3236209.064 4.63987586186 4.64000388243 4.64033684725 4.63987586186 4.64000388243 4.64033684725
15680 524288 3550196.924 3550325.623 3550569.869 4.63071345914 4.63103203083 4.63119991143 4.63071345914 4.63103203083 4.63119991143
17200 524288 3884352.048 3884381.584 3884483.031 4.64296202508 4.64308328365 4.64311858893 4.64296202508 4.64308328365 4.64311858893
18880 524288 4262456.242 4262487.291 4262730.478 4.64423331059 4.64449827729 4.64453210919 4.64423331059 4.64449827729 4.64453210919
20720 524288 4674509.161 4674730.613 4675108.043 4.64727114757 4.64764636054 4.64786653993 4.64727114757 4.64764636054 4.64786653993
22720 524288 5130744.906 5131478.705 5131506.044 4.64262275358 4.6426474881 4.64331147942 4.64262275358 4.6426474881 4.64331147942
24960 524288 5651258.378 5652896.293 5653633.148 4.62931645455 4.62991988592 4.63126178444 4.62931645455 4.62991988592 4.63126178444
27440 524288 6188665.141 6188907.851 6189429.195 4.64872034779 4.64911194878 4.64929427986 4.64872034779 4.64911194878 4.64929427986
30160 262144 3399995.998 3400230.367 3400360.792 4.65024950211 4.65042787497 4.65074843891 4.65024950211 4.65042787497 4.65074843891
33120 262144 3749363.68 3749728.827 3749823.312 4.63072980117 4.63084648548 4.63129747926 4.63072980117 4.63084648548 4.63129747926
36400 262144 4102212.037 4102264.095 4102510.347 4.65180623224 4.65208547233 4.65214450835 4.65180623224 4.65208547233 4.65214450835
40000 262144 4509552.907 4509920.235 4510187.386 4.64981123957 4.6500866772 4.65046545245 4.64981123957 4.6500866772 4.65046545245
44000 262144 4962676.745 4963254.448 4966474.783 4.64487851201 4.64789227344 4.64843333252 4.64487851201 4.64789227344 4.64843333252
48400 262144 5455874.64 5456412.562 5456534.101 4.65048668812 4.65059027551 4.65104880049 4.65048668812 4.65059027551 4.65104880049
53200 262144 5993946.206 5994172.08 5994261.834 4.6531370121 4.65320668605 4.65338203604 4.6531370121 4.65320668605 4.65338203604
58480 131072 3294464.665 3294745.29 3294745.892 4.65291759138 4.65291844153 4.65331478066 4.65291759138 4.65291844153 4.65331478066
64320 131072 3624059.907 3624227.724 3624273.726 4.65227059398 4.65232964484 4.65254507726 4.65227059398 4.65232964484 4.65254507726
70720 131072 3984452.899 3984474.009 3984582.535 4.65263889433 4.65276561928 4.65279027007 4.65263889433 4.65276561928 4.65279027007
77760 131072 4381722.303 4381855.894 4382141.662 4.65167925007 4.65198261493 4.65212444569 4.65167925007 4.65198261493 4.65212444569
85520 131072 4816364.44 4816645.834 4816898.245 4.65414749072 4.65439138617 4.65466331696 4.65414749072 4.65439138617 4.65466331696
94000 131072 5293954.47 5294120.296 5294751.192 4.65395541857 4.65451002665 4.65465582291 4.65395541857 4.65451002665 4.65465582291
103360 131072 5826568.928 5826683.429 5826854.366 4.65005681249 4.65019323088 4.65028461429 4.65005681249 4.65019323088 4.65028461429
113680 131072 6402006.698 6402513.036 6403012.141 4.65414234172 4.65450515328 4.65487328048 4.65414234172 4.65450515328 4.65487328048
125040 65536 3520651.629 3521102.557 3521770.687 4.65369393314 4.65457697261 4.65517313471 4.65369393314 4.65457697261 4.65517313471
137520 65536 3872756.845 3873188.544 3873624.744 4.65326990383 4.6537939569 4.65431271867 4.65326990383 4.6537939569 4.65431271867
151200 65536 4266791.502 4266949.66 4267627.722 4.64381799233 4.64455594257 4.64472810324 4.64381799233 4.64455594257 4.64472810324
166320 65536 4683863.006 4684519.954 4697890.713 4.64035806105 4.65360277127 4.65425547504 4.64035806105 4.65360277127 4.65425547504
182880 65536 5159327.664 5159845.704 5192950.421 4.61595921715 4.64557444836 4.64604090321 4.61595921715 4.64557444836 4.64604090321
201120 65536 5666913.201 5667658.689 5708390.383 4.61797439756 4.65116233819 4.65177420317 4.61797439756 4.65116233819 4.65177420317
221200 65536 6230412.12 6270613.858 6284447.341 4.6134727251 4.62365042029 4.65348452744 4.6134727251 4.62365042029 4.65348452744
243280 32768 3426102.046 3439129.924 3449206.724 4.62239562769 4.63593944757 4.65356777642 4.62239562769 4.63593944757 4.65356777642
267600 32768 3768635.952 3784570.094 3806910.263 4.60673679925 4.6339301861 4.6535228723 4.60673679925 4.6339301861 4.6535228723
294320 32768 4145224.065 4164362.111 4178388.724 4.61626641131 4.631815151 4.65319973481 4.61626641131 4.631815151 4.65319973481
323680 32768 4559539.178 4580201.682 4588483.079 4.62302946634 4.63138829964 4.65237640294 4.62302946634 4.63138829964 4.65237640294
356000 32768 5046955.083 5047188.877 5047264.294 4.62246766585 4.6225367365 4.62275086984 4.62246766585 4.6225367365 4.62275086984
391600 32768 5558472.331 5559259.324 5560223.536 4.61562335288 4.61642389827 4.6170775119 4.61562335288 4.61642389827 4.6170775119
430720 32768 6112983.011 6118506.874 6119168.129 4.61299074072 4.61348928771 4.6176581661 4.61299074072 4.61348928771 4.6176581661
473760 16384 3354901.727 3355826.236 3356201.112 4.62551770944 4.62603442141 4.62730921596 4.62551770944 4.62603442141 4.62730921596
521120 16384 3684482.022 3685447.439 3687154.669 4.63122968601 4.6333750359 4.63458908417 4.63122968601 4.6333750359 4.63458908417
573200 16384 4052044.717 4052976.867 4053385.614 4.63380970592 4.63427703053 4.63534311978 4.63380970592 4.63427703053 4.63534311978
630480 16384 4456907.63 4457069.441 4457458.888 4.63483100105 4.63523598039 4.63540426572 4.63483100105 4.63523598039 4.63540426572
693520 16384 4900794.362 4901735.785 4902070.023 4.63585041694 4.63616652483 4.63705711389 4.63585041694 4.63616652483 4.63705711389
762800 16384 5390017.372 5390518.301 5390920.501 4.63657929947 4.6369252462 4.6373561855 4.63657929947 4.6369252462 4.6373561855
839040 16384 5928335.597 5928962.406 5929069.284 4.6370958751 4.63717946536 4.6376697591 4.6370958751 4.63717946536 4.6376697591
922880 8192 3260135.36 3260335.359 3260475.197 4.63750373992 4.63770264561 4.63798715401 4.63750373992 4.63770264561 4.63798715401
1015120 8192 3585358.719 3585551.508 3585704.311 4.63834288538 4.63854055447 4.63878997431 4.63834288538 4.63854055447 4.63878997431
1116560 8192 3943225.581 3943902.424 3944069.908 4.63828468225 4.63848165428 4.63927783593 4.63828468225 4.63848165428 4.63927783593
1228160 8192 4337093.894 4338093.488 4338259.813 4.63830528999 4.63848312529 4.63955218213 4.63830528999 4.63848312529 4.63955218213
1350960 8192 4770416.472 4771281.765 4771293.538 4.63902052215 4.6390319688 4.63987343032 4.63902052215 4.6390319688 4.63987343032
1486000 8192 5247122.804 5247828.651 5248572.689 4.63871331172 4.63937098925 4.63999508101 4.63871331172 4.63937098925 4.63999508101
1634560 8192 5771981.006 5772440.729 5773017.992 4.63893081177 4.63939472006 4.63976423557 4.63893081177 4.63939472006 4.63976423557
1798000 8192 6348276.159 6349263.066 6349433.023 4.63953740331 4.63966159439 4.6403828791 4.63953740331 4.63966159439 4.6403828791
1977760 4096 3491076.124 3491618.654 3491800.179 4.63995907253 4.64020029835 4.64092140776 4.63995907253 4.64020029835 4.64092140776
2175520 4096 3840417.475 3840631.175 3840757.816 4.64019360079 4.64034660657 4.64060481862 4.64019360079 4.64034660657 4.64060481862
2393040 4096 4223943.336 4224021.708 4224089.031 4.64094945351 4.64102342156 4.64110953216 4.64094945351 4.64102342156 4.64110953216
2632320 4096 4646184.724 4646614.049 4646935.963 4.64046967974 4.64079116806 4.64121999468 4.64046967974 4.64079116806 4.64121999468
2895520 4096 5110770.957 5111008.545 5111014.328 4.64097697986 4.64098223103 4.64119797963 4.64097697986 4.64098223103 4.64119797963
3185040 4096 5621340.842 5621830.551 5622219.833 4.6408444449 4.64116579881 4.64157011883 4.6408444449 4.64116579881 4.64157011883
3503520 4096 6183399.403 6184215.608 6184462.496 4.64079713614 4.64098240735 4.64159501424 4.64079713614 4.64098240735 4.64159501424
3853840 2048 3400155.091 3400670.128 3401283.933 4.64099115244 4.64182882957 4.64253194855 4.64099115244 4.64182882957 4.64253194855
4239200 2048 3742880.912 3744689.769 3747756.834 4.63310827492 4.63690299361 4.639143913 4.63310827492 4.63690299361 4.639143913
4663120 2048 4120330.32 4126389.842 4126609.414 4.6285309812 4.62877727295 4.63558453731 4.6285309812 4.62877727295 4.63558453731
5129360 2048 4537963.836 4542594.413 4542643.512 4.62502912775 4.62507911776 4.62979858793 4.62502912775 4.62507911776 4.62979858793
5642240 2048 4990584.826 4994320.914 4996035.65 4.62579065864 4.62737886451 4.63084304661 4.62579065864 4.62737886451 4.63084304661
6206400 2048 5487236.355 5490374.866 5491260.384 4.62943160992 4.63017827024 4.63282657341 4.62943160992 4.63017827024 4.63282657341
6827040 2048 6035594.863 6036296.227 6039274.793 4.63028373414 4.63256851361 4.63310683946 4.63028373414 4.63256851361 4.63310683946
7509680 1024 3319000.23 3319226.788 3320857.158 4.63128159636 4.63355643417 4.63387272498 4.63128159636 4.63355643417 4.63387272498
8260640 1024 3650055.922 3651388.559 3653111.261 4.63106363625 4.63324854275 4.6349401438 4.63106363625 4.63324854275 4.6349401438
9086640 1024 4014683.381 4016145.419 4018280.544 4.63119449133 4.63365659818 4.63534404931 4.63119449133 4.63365659818 4.63534404931
9995280 1024 4416888.152 4418023.445 4420271.065 4.63101315258 4.63336912871 4.63456006481 4.63101315258 4.63336912871 4.63456006481
10994800 1024 4859164.847 4861075.097 4862824.719 4.63050833644 4.63217497173 4.63399598676 4.63050833644 4.63217497173 4.63399598676
12094240 1024 5346146.352 5349071.992 5349906.469 4.62980122429 4.63052349212 4.63305751268 4.62980122429 4.63052349212 4.63305751268
13303600 1024 5881643.357 5884702.992 5885584.492 4.62923824083 4.62993167829 4.632340172 4.62923824083 4.62993167829 4.632340172
14633920 1024 6470058.566 6473916.718 6475674.269 4.6281308965 4.62938735011 4.63214789391 4.6281308965 4.62938735011 4.63214789391
16097280 512 3556817.644 3558822.95 3560041.141 4.63017534549 4.6317602622 4.63437161245 4.63017534549 4.6317602622 4.63437161245
17706960 512 3912034.561 3914165.6 3915869.625 4.63037046081 4.63238628432 4.63490972722 4.63037046081 4.63238628432 4.63490972722
19477600 512 4303404.578 4305865.006 4307699.055 4.63009651913 4.63206867196 4.63471701033 4.63009651913 4.63206867196 4.63471701033
21425360 512 4733929.291 4736538.657 4738343.109 4.63021949557 4.63198344377 4.6345366167 4.63021949557 4.63198344377 4.6345366167
23567840 512 5206575.028 5209881.577 5212285.769 4.63011224433 4.63224889152 4.63519070218 4.63011224433 4.63224889152 4.63519070218
25924560 512 5727486.931 5731194.072 5733431.993 4.63016731905 4.63197531029 4.6349733766 4.63016731905 4.63197531029 4.6349733766
28516960 512 6300402.185 6304162.285 6306630.75 4.63026427225 4.63207730383 4.63484174225 4.63026427225 4.63207730383 4.63484174225
31368640 256 3461762.347 3463889.95 3465244.508 4.63480820557 4.63662065245 4.63947032468 4.63480820557 4.63662065245 4.63947032468
34505440 256 3807718.145 3810129.032 3811700.76 4.63488253469 4.63679448429 4.63973030756 4.63488253469 4.63679448429 4.63973030756
37955920 256 4188221.658 4191038.156 4192944.158 4.63479366948 4.63690148279 4.64001970929 4.63479366948 4.63690148279 4.64001970929
41751440 256 4607334.024 4610195.67 4611915.355 4.63511049847 4.63683947714 4.63971944918 4.63511049847 4.63683947714 4.63971944918
45926560 256 5067798.242 5071169.265 5073359.13 4.63487762594 4.63687908867 4.63996347075 4.63487762594 4.63687908867 4.63996347075
50519200 256 5574810.301 5578258.077 5580231.98 4.6352607728 4.63690099005 4.63976871022 4.6352607728 4.63690099005 4.63976871022
55571120 256 6132047.2 6135883.726 6138723.076 4.6349074698 4.63705225043 4.63995343023 4.6349074698 4.63705225043 4.63995343023
61128160 128 3366094.826 3368230.593 3369477.983 4.64428289455 4.64600285756 4.64895071854 4.64428289455 4.64600285756 4.64895071854
67240960 128 3702333.076 3704978.718 3706593.798 4.64407126815 4.64609571881 4.64941576207 4.64407126815 4.64609571881 4.64941576207
73965040 128 4072938.083 4075619.808 4077262.458 4.64405969325 4.64593144896 4.64899044722 4.64405969325 4.64593144896 4.64899044722
81361520 128 4479991.062 4483167.926 4484625.641 4.64443429337 4.6459444446 4.64923898993 4.64443429337 4.6459444446 4.64923898993
89497600 128 4926823.253 4931601.531 4933569.614 4.64397736174 4.64583066089 4.65033641831 4.64397736174 4.64583066089 4.65033641831
98447360 128 5418847.176 5424064.396 5425966.909 4.64479872116 4.64642790351 4.6509014448 4.64479872116 4.64642790351 4.6509014448
108292080 128 5962839.642 5966816.663 5968977.875 4.6444756641 4.64615791732 4.64925675424 4.6444756641 4.64615791732 4.64925675424
119121280 64 3266524.008 3268857.533 3270175.066 4.6626017055 4.6644809956 4.66781318694 4.6626017055 4.6644809956 4.66781318694
131033360 64 3593441.648 3595560.616 3597015.729 4.66282922946 4.66471626298 4.66746693642 4.66282922946 4.66471626298 4.66746693642
144136640 64 3952834.643 3955205.559 3956659.699 4.66289530147 4.66460962516 4.66740746484 4.66289530147 4.66460962516 4.66740746484
158550240 64 4348073.371 4350781.19 4352343.885 4.6628739034 4.66454869453 4.66745360264 4.6628739034 4.66454869453 4.66745360264
174405200 64 4781108.955 4787023.359 4787778.87 4.6626768291 4.66341271513 4.66918152464 4.6626768291 4.66341271513 4.66918152464
191845680 64 5261436.386 5264794.645 5266543.946 4.662687199 4.66423644146 4.66721352088 4.662687199 4.66423644146 4.66721352088
211030240 64 5787225.627 5791040.778 5792899.05 4.66292792035 4.66442419515 4.66749915434 4.66292792035 4.66442419515 4.66749915434
232133200 64 6366280.854 6370051.033 6372207.487 4.66291307378 4.6644916102 4.66725397158 4.66291307378 4.6644916102 4.66725397158
255346480 32 3473803.734 3475754.018 3477254.912 4.69973445536 4.70176388645 4.7044035793 4.69973445536 4.70176388645 4.7044035793
280881120 32 3821086.093 3823247.025 3824899.798 4.6998333628 4.70186508025 4.70452411761 4.6998333628 4.70186508025 4.70452411761
308969200 32 4203207.121 4205629.587 4207480.458 4.69973158459 4.70179990675 4.70450973049 4.69973158459 4.70179990675 4.70450973049
339866080 32 4623611.535 4626207.315 4627939.947 4.70002406451 4.70178434275 4.7044240104 4.70002406451 4.70178434275 4.7044240104
373852640 32 5086112.598 5088912.972 5090910.003 4.69986091797 4.70170527412 4.70429399644 4.69986091797 4.70170527412 4.70429399644
411237840 32 5594330.659 5597869.697 5599878.373 4.69996310757 4.70164958897 4.70462390664 4.69996310757 4.70164958897 4.70462390664
452361600 32 6154088.005 6157435.294 6159753.161 4.70004911614 4.70181837367 4.70437575421 4.70004911614 4.70181837367 4.70437575421
497597760 16 3330638.999 3332832.504 3333950.083 4.77605480694 4.77765633313 4.78080282035 4.77605480694 4.77765633313 4.78080282035
547357520 16 3663678.853 3666080.916 3667347.763 4.77605118792 4.77770159506 4.78083405855 4.77605118792 4.77770159506 4.78083405855
602093200 16 4030208.545 4032576.508 4034052.078 4.77608668095 4.77783431059 4.7806415437 4.77608668095 4.77783431059 4.7806415437
662302480 16 4433159.677 4435462.849 4437497.376 4.77604324334 4.77823399305 4.78071644249 4.77604324334 4.77823399305 4.78071644249
728532720 16 4875100.578 4878824.222 4881007.342 4.7762778063 4.77841504002 4.78206483477 4.7762778063 4.77841504002 4.78206483477
801385920 16 5362964.358 5366979.547 5368933.328 4.7764328356 4.77817163554 4.78174899703 4.7764328356 4.77817163554 4.78174899703
881524480 16 5900879.713 5904021.246 5906280.817 4.7760653843 4.77789326709 4.78043694025 4.7760653843 4.77789326709 4.78043694025
969676880 8 3140682.275 3143290.697 3143598.95 4.93537195004 4.93585594702 4.93995530955 4.93537195004 4.93585594702 4.93995530955
1066644560 8 3454519.453 3455271.011 3457355.619 4.93623301757 4.93921110838 4.94028567278 4.93623301757 4.93921110838 4.94028567278
1173308960 8 3799855.258 3801751.813 3802739.95 4.93668870521 4.93797183072 4.94043643386 4.93668870521 4.93797183072 4.94043643386
1290639840 8 4179862.98 4181475.068 4181862.782 4.93804759183 4.93850545661 4.94041013756 4.93804759183 4.93850545661 4.94041013756
1419703760 8 4598143.133 4599058.798 4600203.566 4.93788151635 4.93911062191 4.94009418649 4.93788151635 4.93911062191 4.94009418649
1561674080 8 5057906.764 5058753.698 5060167.811 4.93793609486 4.93931643477 4.94014351112 4.93793609486 4.93931643477 4.94014351112
1717841440 8 5563469.389 5565731.719 5568092.303 4.93624414689 4.93833774743 4.94034587381 4.93624414689 4.93833774743 4.94034587381
1889625520 4 2855264.682 2856069.47 2856793.527 5.29159843619 5.29293993679 5.29443181058 5.29159843619 5.29293993679 5.29443181058
2078588000 4 3140795.163 3142160.382 3142978.742 5.29074657038 5.29212451893 5.29442486282 5.29074657038 5.29212451893 5.29442486282
2286446800 4 3455131.139 3456020.077 3456797.103 5.29148048178 5.29267017913 5.29403188016 5.29148048178 5.29267017913 5.29403188016
2515091440 4 3800612.041 3801450.853 3802185.558 5.291885736 5.2929084968 5.29407666527 5.291885736 5.2929084968 5.29407666527
2766600560 4 4180344.094 4182418.195 4183992.536 5.28987666435 5.29186787358 5.29449346329 5.28987666435 5.29186787358 5.29449346329
3043260560 4 4598238.27 4599947.457 4600837.844 5.29166323733 5.29268751602 5.2946548331 5.29166323733 5.29268751602 5.2946548331
3347586560 4 5058000.78 5060722.447 5062512.766 5.2899999897 5.29187141964 5.29471893043 5.2899999897 5.29187141964 5.29471893043
3682345200 4 5564231.796 5565548.907 5566787.986 5.29187777118 5.29305592175 5.29430884263 5.29187777118 5.29305592175 5.29430884263
4050579680 2 2621814.865 2623177.794 2624966.061 6.17239169707 6.17659952637 6.17981038108 6.17239169707 6.17659952637 6.17981038108
4455637600 2 2883676.888 2884694.622 2885553.962 6.17647447759 6.17831442679 6.18049493484 6.17647447759 6.17831442679 6.18049493484
4901201360 2 3172390.441 3173484.995 3174285.15 6.17613242465 6.17768966007 6.17982111742 6.17613242465 6.17768966007 6.17982111742
5391321440 2 3489156.985 3491290.381 3491972.669 6.175674269 6.1768811547 6.18065792187 6.175674269 6.1768811547 6.18065792187
5930453520 2 3838121.62 3839642.646 3840603.197 6.17658551618 6.17813069263 6.18057905106 6.17658551618 6.17813069263 6.18057905106
6523498800 2 4222335.993 4223802.367 4224185.395 6.17728455548 6.17784473153 6.17999023367 6.17728455548 6.17784473153 6.17999023367
7175848640 2 4644741.595 4647085.565 4648712.547 6.1744825626 6.17664429856 6.17976134364 6.1744825626 6.17664429856 6.17976134364
7893433440 1 2554728.797 2555369.653 2556132.574 6.17607515376 6.17791905819 6.17946879471 6.17607515376 6.17791905819 6.17946879471
8682776720 1 2810222.224 2810530.814 2811669.481 6.17624281849 6.17874508029 6.17942356718 6.17624281849 6.17874508029 6.17942356718
9551054320 1 3090975.647 3092202.111 3092594.897 6.17672513737 6.17750973394 6.17996089958 6.17672513737 6.17750973394 6.17996089958
10506159680 1 3400376.056 3401764.225 3403332.181 6.17404303856 6.1768888054 6.17941045754 6.17404303856 6.1768888054 6.17941045754
11556775600 1 3740317.669 3741513.365 3742029.03 6.1767428886 6.1775941832 6.17956902206 6.1767428886 6.1775941832 6.17956902206
12712453120 1 4113553.877 4115231.303 4116399.718 6.17649110431 6.17824476147 6.18076412762 6.17649110431 6.17824476147 6.18076412762
13983698400 1 4525004.558 4526733.219 4527972.246 6.17658308854 6.17827370136 6.18063395109 6.17658308854 6.17827370136 6.18063395109

META_DATA
HOSTNAME  localhost.localdomain
CONFIG  {'ERT_WORKING_SET_MIN': ['1'], 'ERT_CFLAGS': ['-O3'], 'ERT_CC': ['gcc'], 'ERT_MPI_CFLAGS': [], 'ERT_MPI_LDFLAGS': [], 'ERT_MEMORY_MAX': ['15000000000'], 'ERT_PROCS_THREADS': ['8,10,16'], 'ERT_LDFLAGS': [], 'ERT_LDLIBS': [], 'ERT_SPEC_GBYTES_DRAM': ['0'], 'ERT_RUN': ['export', 'KMP_AFFINITY=scatter;', 'export', 'OMP_NUM_THREADS=ERT_OPENMP_THREADS;', 'ERT_CODE'], 'ERT_FLOPS': ['1,2,4,8,16'], 'ERT_OPENMP_CFLAGS': ['-fopenmp'], 'ERT_SPEC_GFLOPS': ['0'], 'ERT_MPI': ['False'], 'ERT_TRIALS_MIN': ['1'], 'ERT_DRIVER': ['driver1'], 'ERT_RESULTS': ['Results.arm'], 'ERT_OPENMP': ['True'], 'ERT_MPI_PROCS': ['1'], 'ERT_KERNEL': ['kernel1'], 'ERT_OPENMP_THREADS': ['8,10,16'], 'ERT_LD': ['gcc'], 'ERT_NUM_EXPERIMENTS': ['4'], 'ERT_OPENMP_LDFLAGS': ['-fopenmp'], 'ERT_ALIGN': ['32'], 'ERT_GNUPLOT': ['gnuplot']}
MPI_PROCS      1
OPENMP_THREADS 10
TIMESTAMP_DATA  1614775155.88
TIMESTAMP_DATA  1614771795.58
UNAME  ('Linux', 'localhost.localdomain', '5.4.44-mlnx.14.gd7fb187', '#1 SMP PREEMPT Tue Sep 15 16:18:01 UTC 2020', 'aarch64', 'aarch64')
TIMESTAMP_DATA  1614770114.63
FLOPS          16
ERT_VERSION  1.0.0
TIMESTAMP_DATA  1614773475.53
