8 1073741824 9419517.776 9419736.567 9420178.944 1.82373066224 1.8238163097 1.82385867223 0.11398316639 0.113988519356 0.113991167014
16 536870912 4374431.447 4380502.286 4394972.476 3.90898220133 3.92189481076 3.92733761911 0.244311387583 0.245118425673 0.245458601194
24 536870912 4878366.324 4904316.333 4907950.868 5.25062382837 5.25451500806 5.28246590446 0.328163989273 0.328407188003 0.330154119029
32 268435456 2597856.518 4814212.245 4831357.064 3.55590964535 3.56857328047 6.61309393531 0.222244352834 0.223035830029 0.413318370957
40 268435456 2633259.315 5256577.541 5258665.973 4.08370423036 4.08532668119 8.15523042401 0.255231514398 0.255332917574 0.509701901501
48 268435456 2859444.008 2859547.373 2859647.935 9.01153021692 9.01184712634 9.01217289232 0.563220638557 0.563240445396 0.56326080577
56 134217728 1464807.697 1468794.112 1476750.623 10.1793663073 10.2345083039 10.262361105 0.636210394204 0.639656768994 0.641397569063
64 134217728 1597971.414 1598006.86 1598103.211 10.7501624837 10.7508106592 10.7510491323 0.671885155232 0.671925666201 0.671940570772
72 134217728 1784840.48 1785735.503 1787184.748 10.814412362 10.8231889883 10.8286163658 0.675900772627 0.676449311766 0.67678852286
80 134217728 1880781.797 1886713.617 1891079.166 11.3558632902 11.3821389142 11.418037177 0.709741455636 0.711383682137 0.713627323563
88 134217728 2085365.005 2086533.485 2087212.596 11.3176396948 11.3213232847 11.3276668935 0.707352480926 0.707582705293 0.707979180844
96 134217728 2186600.29 2186734.61 2186958.427 11.7833990157 11.7846050719 11.7853289848 0.736462438479 0.736537816996 0.736583061553
104 134217728 2382927.356 2382994.009 2383072.927 11.7148271493 11.7152151111 11.7155427981 0.732176696832 0.732200944446 0.732221424882
112 67108864 1229480.23 1231043.705 1231489.572 12.2066689624 12.211090049 12.2266183459 0.762916810147 0.763193128062 0.764163646617
120 67108864 1333448.803 1334827.654 1336158.867 12.0540511744 12.0660725838 12.0785494904 0.753378198403 0.754129536486 0.754909343152
128 67108864 1387688.683 1387759.946 1387847.625 12.3787863124 12.379568407 12.3802041441 0.773674144523 0.773723025437 0.773762759006
136 67108864 1483051.711 1483241.561 1483565.816 12.3038767887 12.3065665688 12.3081419701 0.768992299294 0.769160410548 0.769258873132
144 67108864 1513824.64 1513906.976 1513952.632 12.7661542531 12.7665392514 12.7672336156 0.797884640819 0.79790870321 0.797952100978
152 67108864 1639969.049 1640066.001 1640134.866 12.4386689649 12.4391912542 12.4399266367 0.777416810308 0.777449453389 0.777495414793
160 67108864 1682032.679 1682128.647 1682179.353 12.7660801696 12.7664649896 12.7671933775 0.797880010598 0.797904061853 0.797949586091
176 67108864 1808694.453 1808931.819 1809258.166 13.0563567831 13.0587122632 13.0604260376 0.816022298943 0.816169516448 0.816276627349
192 67108864 1976326.642 1976454.683 1976499.197 13.0381048548 13.0383985009 13.0392432245 0.814881553428 0.814899906309 0.814952701528
208 67108864 2102560.3 2102656.497 2102684.429 13.2769744423 13.2771508156 13.2777582759 0.829810902642 0.829821925973 0.829859892247
224 33554432 1135365.112 1135405.63 1135502.367 13.2385329814 13.2396609096 13.240133396 0.827408311338 0.827478806847 0.827508337248
240 33554432 1198442.706 1198515.815 1198588.083 13.4375834271 13.4383936853 13.4392134721 0.839848964192 0.83989960533 0.839950842005
264 33554432 1345553.824 1345581.242 1345706.777 13.165379263 13.1666075173 13.1668758098 0.822836203938 0.822912969829 0.822929738112
288 33554432 1429714.852 1429776.487 1429839.585 13.517147682 13.5177442123 13.5183269622 0.844821730124 0.844859013268 0.844895435135
312 33554432 1555867.696 1555957.618 1556002.416 13.4562551785 13.4566426012 13.4574203333 0.841015948654 0.841040162573 0.841088770828
336 33554432 1639999.089 1640042.153 1640174.181 13.7476730003 13.7487797266 13.7491407497 0.859229562522 0.859298732915 0.859321296855
368 33554432 1787175.792 1787283.082 1787318.244 13.8173836892 13.8176555246 13.8184850436 0.863586480573 0.863603470287 0.863655315224
400 33554432 1934352.005 1934433.622 1934534.244 13.8759733426 13.8766951188 13.8772806245 0.86724833391 0.867293444923 0.867330039033
440 33554432 2144609.519 2144665.736 2144773.509 13.7673745205 13.7680663538 13.7684272584 0.86046090753 0.860504147113 0.860526703649
480 16777216 1156386.594 1156433.636 1156471.046 13.926961177 13.9274117067 13.9279782761 0.870435073564 0.870463231666 0.870498642256
528 16777216 1261548.217 1471762.101 1471816.005 12.0373334954 12.0377743685 14.0436487938 0.75233334346 0.752360898033 0.877728049613
576 16777216 1566397.456 1566466.737 1566526.466 12.3377122899 12.3381827239 12.3387284357 0.771107018118 0.771136420243 0.771170527233
632 16777216 1692532.118 1692632.62 1692671.185 12.528364169 12.5286496157 12.5293935627 0.783022760561 0.783040600978 0.783087097671
688 16777216 1818667.94 1818832.688 1818886.437 12.6920783763 12.6924534446 12.6936032182 0.793254898519 0.793278340289 0.793350201137
752 16777216 1965948.963 1965974.661 1966056.368 12.8342875996 12.8348209998 12.8349887708 0.802142974977 0.802176312485 0.802186798173
824 16777216 2134117.001 2134166.078 2134295.134 12.954558874 12.9553422543 12.9556401805 0.809659929628 0.809708890894 0.80972751128
904 8388608 1161659.752 1161744.595 1161852.218 13.053814443 13.055023737 13.0559772239 0.81586340269 0.815938983559 0.815998576492
992 8388608 1261526.092 1261591.501 1261684.871 13.1910896727 13.1920659412 13.192749938 0.824443104541 0.824504121323 0.824546871124
1088 8388608 1371960.369 1371989.265 1372103.727 13.3033754291 13.3044853 13.3047655169 0.831460964321 0.831530331252 0.831547844805
1192 8388608 1492855.424 1492889.57 1492957.599 13.3951838186 13.3957942194 13.3961006207 0.837198988663 0.837237138712 0.837256288791
1304 8388608 1619000.668 1619120.08 1619133.091 13.5118538344 13.5119624136 13.5129590101 0.844490864649 0.844497650847 0.844559938131
1432 8388608 1766117.997 1766236.608 1766313.915 13.6017573705 13.6023527104 13.603266233 0.850109835657 0.850147044399 0.85020413956
1568 8388608 1923859.322 1923937.941 1923982.936 13.6730291084 13.6733488786 13.6739076434 0.854564319275 0.85458430491 0.854619227715
1720 8388608 2097326.183 2097412.068 2097463.031 13.7579595414 13.7582938328 13.7588572316 0.859872471335 0.85989336455 0.859928576975
1888 4194304 1145897.086 1145970.309 1146004.984 13.8199153801 13.8203335458 13.8212166673 0.863744711253 0.863770846614 0.863826041704
2072 4194304 1251039.419 1251067.786 1251106.616 13.8926575511 13.8930887443 13.8934037665 0.868291096944 0.868318046517 0.868337735408
2272 4194304 1366673.924 1366747.313 1366806.025 13.9441274236 13.944726428 13.9454752456 0.871507963978 0.87154540175 0.871592202852
2496 4194304 1495436.165 1495535.047 1495647.838 13.9992617487 14.0003175519 14.0012432881 0.874953859292 0.875019846994 0.875077705507
2744 4194304 1637403.468 1637465.371 1637604.962 14.0561007606 14.0572990181 14.0578304626 0.87850629754 0.878581188634 0.878614403912
3016 4194304 1795036.307 1795170.609 1795234.244 14.0928916728 14.093391236 14.094445683 0.88080572955 0.88083695225 0.880902855187
3312 4194304 1963283.734 1963412.946 1963482.706 14.1498927447 14.15039549 14.1513267873 0.884368296545 0.884399718122 0.884457924205
3640 2097152 1076238.83 1076297.204 1076383.978 14.1838478387 14.184991379 14.1857607572 0.886490489921 0.886561961189 0.886610047326
4000 2097152 1180063.769 1180167.022 1180196.035 14.2156180011 14.2159674752 14.2172113412 0.88847612507 0.888497967197 0.888575708827
4400 2097152 1294407.542 1294521.606 1294555.223 14.2558133266 14.256183531 14.2574397948 0.890988332909 0.891011470688 0.891089987175
4840 2097152 1421894.37 1422004.154 1422043.376 14.2755359665 14.2759297172 14.277031957 0.892220997906 0.892245607322 0.892314497314
5320 2097152 1559890.427 1559943.993 1560112.124 14.3026241106 14.3041656496 14.3046568488 0.893914006914 0.894010353101 0.894041053051
5848 2097152 1711050.34 1711139.132 1711204.677 14.3339310146 14.3344800743 14.3352239374 0.895870688413 0.895905004643 0.895951496085
6432 2097152 1879176.422 1879425.035 1879501.932 14.3536768272 14.3542641104 14.3561631639 0.897104801699 0.897141506897 0.897260197744
7072 2097152 2063292.445 2063431.205 2063513.705 14.3745679111 14.3751426343 14.3761093876 0.898410494444 0.898446414646 0.898506836727
7776 1048576 1132841.931 1132983.045 1133058.227 14.3924235872 14.3933786335 14.3951715643 0.899526474203 0.899586164593 0.89969822277
8552 1048576 1244488.016 1244669.85 1244711.572 14.4088351932 14.4093181851 14.411423552 0.900552199574 0.900582386566 0.900713972002
9400 1048576 1366067.049 1366237.215 1366357.963 14.4275726668 14.4288477752 14.4306451242 0.901723291673 0.901802985948 0.901915320263
10336 1048576 1500794.668 1500979.765 1501036.589 14.4407959345 14.4413426333 14.4431237225 0.902549745908 0.902583914581 0.902695232657
11368 1048576 1649315.752 1649496.374 1649608.433 14.4521714724 14.4531532847 14.4547360971 0.903260717024 0.903322080295 0.903421006071
12504 1048576 1812309.447 1812517.147 1812631.384 14.466696781 14.4676085693 14.4692666318 0.904168548811 0.904225535583 0.904329164488
13752 1048576 1991726.492 1991978.125 1992037.96 14.4776529781 14.4780878575 14.4799170066 0.904853311129 0.904880491095 0.904994812912
15120 524288 1094190.592 1094279.606 1094353.437 14.487521658 14.4884991304 14.489677791 0.905470103622 0.905531195653 0.905604861936
16632 524288 1202915.913 1203100.313 1246550.453 13.9905416504 14.4958120645 14.498034188 0.874408853149 0.905988254032 0.906127136752
18288 524288 1321974.389 1322065.659 1427116.917 13.437131646 14.504845321 14.5058467453 0.839820727877 0.906552832562 0.906615421579
20112 524288 1453063.461 1453211.694 1560110.595 13.5176061105 14.5119672509 14.5134476766 0.844850381905 0.906997953183 0.907090479787
22120 524288 1597682.193 1663772.258 1739604.086 13.3332068524 13.9409110883 14.5175938129 0.833325428278 0.87130694302 0.907349613303
24328 524288 1756462.742 1822679.867 1900651.185 13.4215878902 13.9957418688 14.5233692227 0.838849243135 0.8747338668 0.907710576419
26760 524288 1931381.946 2078065.761 2078794.914 13.4981539405 13.5028901812 14.5284022242 0.843634621284 0.843930636322 0.908025139011
29432 262144 1102387.201 1134025.973 1139435.902 13.5425295876 13.6071349188 13.997662892 0.846408099225 0.850445932423 0.874853930747
32368 262144 1213520.194 1240930.53 1244934.022 13.6313681562 13.6753456972 13.9842369891 0.851960509759 0.854709106077 0.874014811821
35600 262144 1329801.814 1357936.396 1381333.378 13.5120551615 13.7448652639 14.0356650168 0.844503447596 0.859054078995 0.877229063548
39160 262144 1480735.531 1492024.609 1521626.281 13.492878203 13.7605760362 13.8654862061 0.843304887687 0.860036002261 0.866592887883
43072 262144 1619101.192 1634366.245 1666113.726 13.5537763021 13.8170577158 13.9473263608 0.847111018879 0.863566107241 0.871707897551
47376 262144 1774757.895 1805867.915 1826044.562 13.602443667 13.7544213958 13.9955248871 0.850152729186 0.859651337235 0.874720305442
52112 262144 1952908.888 1976250.562 2000696.739 13.6560907625 13.8250163119 13.9902564958 0.853505672656 0.864063519492 0.874391030986
57320 131072 1071851.746 1087667.414 1095549.154 13.7155818387 13.8149712739 14.0188175614 0.857223864918 0.863435704621 0.876176097585
63048 131072 1178834.928 1186875.661 1194727.956 13.8338228623 13.9253465675 14.0203301747 0.864613928897 0.870334160471 0.876270635917
69352 131072 1294401.069 1300960.131 1310226.265 13.8756268086 13.9744564455 14.0452685983 0.867226675539 0.873403527844 0.877829287392
76280 131072 1423227.937 1423300.21 1439058.92 13.8954312725 14.0492808049 14.0499942421 0.868464454534 0.878080050308 0.878124640129
83904 131072 1564855.17 1564926.116 1580654.063 13.9150815418 14.0549320196 14.0555692295 0.869692596362 0.878433251222 0.878473076841
92288 131072 1719616.195 1719750.774 1735360.505 13.941048792 14.0675880702 14.0686890146 0.871315549503 0.879224254386 0.879293063415
101512 131072 1889432.347 1889547.865 1889640.112 14.0824496469 14.0831371467 14.0839981756 0.880153102931 0.880196071667 0.880249885973
111656 131072 2079232.616 2079363.123 2079401.587 14.0761412548 14.0764016348 14.077285167 0.879758828423 0.879775102177 0.879830322939
122816 65536 1141630.748 1141676.024 1141710.615 14.0996663607 14.1000935586 14.100652755 0.881229147545 0.881255847412 0.881290797189
135096 65536 1255659.181 1255725.182 1255787.763 14.1005537988 14.1012565216 14.1019977235 0.881284612422 0.881328532599 0.881374857721
148600 65536 1381345.156 1381390.208 1381530.485 14.0983491942 14.0997808492 14.1002407077 0.881146824639 0.881236303074 0.881265044231
163456 65536 1518021.764 1518054.845 1518150.896 14.1122367272 14.1131296426 14.1134371984 0.882014795452 0.88207060266 0.882089824899
179800 65536 1669236.215 1669382.102 1669423.823 14.1166942003 14.1170470031 14.1182807971 0.882293387519 0.882315437691 0.882392549817
197776 65536 1836042.522 1836080.822 1836282.289 14.1170538034 14.1186028204 14.1188973356 0.882315862711 0.882412676276 0.882431083478
217552 65536 2019229.666 2019263.418 2019317.613 14.1210949483 14.1214739443 14.1217099888 0.88256843427 0.88259212152 0.882606874299
239304 32768 1110039.143 1110109.863 1110189.677 14.1264391742 14.1274548283 14.1283548809 0.882902448389 0.88296592677 0.883022180057
263232 32768 1220732.996 1220818.232 1220910.121 14.1297643907 14.1308279151 14.1318145807 0.883110274421 0.883176744693 0.883238411293
289552 32768 1342281.409 1342347.997 1342380.249 14.1361435302 14.1364831731 14.1371844568 0.883508970639 0.883530198317 0.883574028552
318504 32768 1476157.267 1476213.35 1476242.616 14.1395986796 14.1398789978 14.1404162081 0.883724917477 0.883742437365 0.883776013007
350352 32768 1623536.565 1623562.368 1623580.966 14.1419917779 14.1421537753 14.1423785377 0.883874486122 0.883884610954 0.883898658605
385384 32768 1785808.936 1785915.894 1785996.185 14.1414220456 14.1420578141 14.1429048286 0.883838877853 0.883878613379 0.883931551791
423920 32768 1963899.887 1964151.698 1971796.356 14.0897010158 14.1445394204 14.1463530315 0.880606313485 0.884033713775 0.884147064468
466312 16384 1079874.891 1079956.373 1103986.738 13.8408470773 14.1488230432 14.1498906432 0.86505294233 0.884301440203 0.884368165201
512936 16384 1187870.559 1187956.9 1211582.23 13.8726752769 14.1485662047 14.1495946007 0.867042204804 0.884285387795 0.884349662546
564224 16384 1306354.741 1306711.627 1655125.834 11.1704449609 14.1488693067 14.1527346683 0.698152810054 0.88430433167 0.884545916766
620640 16384 1437052.438 1464867.648 1813290.026 11.2155977413 13.8832552878 14.1519759351 0.700974858834 0.867703455487 0.884498495941
682704 16384 1581016.25 1642188.761 2010214.204 11.1285875045 13.6225781124 14.1496614421 0.695536719031 0.851411132024 0.884353840133
750968 16384 1767938.989 1866081.086 2248687.339 10.9431484748 13.1868435989 13.9188736586 0.683946779673 0.824177724933 0.869929603662
826064 16384 2062241.9 2264139.127 2938501.772 9.21165520808 11.9553011691 13.1257468641 0.575728450505 0.747206323068 0.820359179008
908664 16384 2640672.3 3285565.842 3723519.578 7.99649399668 9.06239697631 11.2755762811 0.499780874793 0.566399811019 0.704723517568
999528 8192 1936416.751 2030524.024 2107665.266 7.76986128498 8.06504456901 8.45699498496 0.485616330312 0.504065285563 0.52856218656
1099480 8192 2536471.465 2835428.884 2961824.938 6.08202061131 6.35314129078 7.10194479558 0.380126288207 0.397071330674 0.443871549724
1209424 8192 3576435.432 3748824.813 3948949.589 5.01784142072 5.28571053715 5.54048946018 0.313615088795 0.330356908572 0.346280591261
1330360 8192 4140629.411 4366548.303 4470884.217 4.87523657113 4.99172727003 5.26408332562 0.304702285696 0.311982954377 0.329005207851
1463392 8192 4802547.709 4918394.207 4919376.953 4.87383153539 4.87480537731 4.99239486639 0.304614470962 0.304675336082 0.312024679149
1609728 8192 5407773.139 5410418.573 5412262.09 4.87296866143 4.87462905063 4.87701367533 0.304560541339 0.304664315664 0.304813354708
1770696 8192 5948308.778 5951814.671 5952818.345 4.87350387374 4.87432570865 4.87719860329 0.304593992108 0.304645356791 0.304824912706
1947760 4096 3271811.92 3274297.636 3274612.782 4.87265242709 4.87312141223 4.87682370202 0.304540776693 0.304570088264 0.304801481376
2142536 4096 3598275.7 3601625.497 3602792.775 4.87168039022 4.8732592899 4.87779602658 0.304480024389 0.304578705619 0.304862251661
2356784 4096 3957983.065 3961888.008 3963015.484 4.87173835327 4.87312475492 4.87793257599 0.304483647079 0.304570297182 0.304870786
2592456 4096 4353502.126 4357094.75 4358992.449 4.8720890895 4.87421109031 4.87823341699 0.304505568094 0.304638193145 0.304889588562
2851696 4096 4790620.381 4793149.929 4795174.702 4.87179197502 4.87384996882 4.87642346379 0.304486998438 0.304615623051 0.304776466487
3136864 4096 5269492.802 5272644.13 5273858.458 4.8725596435 4.87368182916 4.87659644933 0.304534977719 0.304605114322 0.304787278083
3450544 4096 5794462.172 5799890.903 5800747.079 4.87296826823 4.87368761253 4.87825368584 0.304560516764 0.304605475783 0.304890855365
3795592 2048 3189160.632 3191391.857 3191902.289 4.87068319277 4.87146221104 4.87487042076 0.304417699548 0.30446638819 0.304679401298
4175144 2048 3507570.17 3510313.17 3511111.166 4.87064892436 4.87175616414 4.87556598875 0.304415557773 0.304484760259 0.304722874297
4592656 2048 3858045.972 3861580.844 3862419.152 4.87039811986 4.87145543132 4.87591882329 0.304399882491 0.304465964458 0.304744926456
5051920 2048 4244321.277 4247195.814 4247628.905 4.87158007039 4.8720768305 4.87537652537 0.304473754399 0.304504801906 0.304711032835
5557112 2048 4670275.205 4672106.68 4672950.003 4.87099813552 4.87187735876 4.87378789319 0.30443738347 0.304492334922 0.304611743324
6112816 2048 5137577.724 5139574.275 5140602.936 4.8706532381 4.87162807585 4.87352127424 0.304415827381 0.304476754741 0.30459507964
6724096 2048 5650667.29 5652620.79 5653230.565 4.87188641951 4.872411973 4.87409642127 0.30449290122 0.304525748312 0.30463102633
7396504 1024 3110594.763 3111100.961 3111891.419 4.86779201212 4.86902880424 4.86982115838 0.304237000758 0.304314300265 0.304363822399
8136152 1024 3420464.833 3421112.601 3422011.448 4.86931138285 4.87059072278 4.87151311577 0.304331961428 0.304411920173 0.304469569736
8949760 1024 3760813.959 3762701.198 3763103.338 4.87074279755 4.87126335988 4.87370784086 0.304421424847 0.304453959993 0.304606740054
9844736 1024 4137191.761 4139146.464 4139724.936 4.87037656842 4.87105723447 4.8733586676 0.304398535526 0.304441077154 0.304584916725
10829208 1024 4551446.709 4552942.292 4554601.175 4.86940944593 4.87118363502 4.87278428201 0.304338090371 0.304448977189 0.304549017625
11912128 1024 5007282.14 5007738.055 5008955.963 4.87048365452 4.87166818153 4.87211174883 0.304405228407 0.304479261346 0.304506984302
13103336 1024 5507913.71 5508137.282 5509401.293 4.87087991976 4.87199769252 4.87219545202 0.304429994985 0.304499855783 0.304512215751
14413664 1024 6058379.183 6059485.72 6059962.558 4.87118255096 4.87156587804 4.87245564867 0.304448909435 0.304472867377 0.304528478042
15855024 512 3338774.489 3339199.108 3339904.408 4.86108061569 4.86210736494 4.86272571852 0.303817538481 0.303881710309 0.303920357408
17440520 512 3672556.69 3673322.299 3673723.73 4.86130525661 4.86183651374 4.86285004902 0.303831578538 0.303864782109 0.303928128064
19184568 512 4039320.135 4040500.157 4041047.974 4.8613621413 4.86202125199 4.8634416128 0.303835133832 0.303876328249 0.3039651008
21103024 512 4443687.636 4444615.547 4445290.343 4.86121150895 4.8619495539 4.86296480449 0.303825719309 0.303871847119 0.30393530028
23213320 512 4887756.725 4888998.819 4889801.267 4.8612281731 4.86202606301 4.86326161824 0.303826760819 0.303876628938 0.30395385114
25534648 512 5376560.485 5377994.878 5378559.162 4.86142826814 4.86193835159 4.86323545042 0.303839266759 0.303871146974 0.303952215651
28088112 512 5913972.508 5915864.778 5916743.088 4.86115862396 4.86188034503 4.86343598133 0.303822413998 0.303867521564 0.303964748833
30896920 256 3264640.433 3266410.68 3266800.464 4.8424209603 4.84299881116 4.84562492092 0.302651310019 0.302687425697 0.302851557558
33986608 256 3590935.985 3593017.382 3593179.916 4.8428254924 4.84304456282 4.84585171351 0.302676593275 0.302690285176 0.302865732094
37385264 256 3951500.41 3952272.092 3952818.003 4.84243270332 4.84310156852 4.84404736984 0.302652043958 0.302693848033 0.302752960615
41123784 256 4346131.786 4347468.04 4348103.103 4.84242827487 4.84313563993 4.84462470186 0.302651767179 0.302695977496 0.302789043866
45236160 256 4780188.538 4782326.999 4782852.269 4.84248992387 4.84302180191 4.84518837194 0.302655620242 0.302688862619 0.302824273246
49759776 256 5258123.823 5260085.91 5261047.06 4.84257316489 4.84345802481 4.84526537784 0.302660822806 0.302716126551 0.302829086115
54735752 256 5783172.719 5785848.619 5786544.74 4.84308102386 4.84366371633 4.84590490129 0.302692563991 0.30272898227 0.302869056331
60209320 128 3205987.946 3207570.412 3208180.131 4.80446399224 4.80537726073 4.80774918048 0.300278999515 0.300336078795 0.30048432378
66230248 128 3526480.539 3528120.834 3528902.894 4.80459338137 4.80565839033 4.8078936777 0.300287086335 0.300353649395 0.300493354856
72853272 128 3879765.841 3881269.79 3881896.081 4.80446597303 4.80524123318 4.80710393264 0.300279123314 0.300327577074 0.30044399579
80138592 128 4267936.633 4269104.005 4269759.68 4.80483237689 4.80557033232 4.80688475864 0.300302023556 0.30034814577 0.300430297415
88152448 128 4693652.46 4696341.959 4697001.879 4.80455985953 4.80523498608 4.80798842273 0.300284991221 0.30032718663 0.300499276421
96967688 128 5162949.867 5165524.08 5166421.976 4.8048200947 4.80565529142 4.80805135968 0.300301255919 0.300353455714 0.30050320998
106664456 128 5679323.811 5682599.057 5683298.477 4.804621972 4.80521332969 4.80798447926 0.30028887325 0.300325833106 0.300499029954
117330896 64 3172436.512 3174291.787 3174390.385 4.73109884624 4.73124580088 4.73401268432 0.29569367789 0.295702862555 0.29587579277
129063984 64 3490076.388 3491550.812 3492066.45 4.73077766089 4.73147630996 4.73347517802 0.295673603806 0.295717269373 0.295842198626
141970376 64 3839251.32 3840757.067 3841301.54 4.73074241602 4.73141305503 4.73326870615 0.295671401001 0.295713315939 0.295829294134
156167408 64 4222653.763 4224908.183 4225771.9 4.73036138652 4.73132843559 4.73385443039 0.295647586657 0.295708027225 0.2958659019
171784144 64 4645300.855 4647183.394 4648182.086 4.73053121095 4.73154781462 4.73346530577 0.295658200684 0.295721738413 0.295841581611
188962552 64 5109798.567 5111753.579 5113096.459 4.73044208142 4.73168478922 4.73349513466 0.295652630089 0.295730299326 0.295843445916
207858800 64 5621037.202 5623452.152 5624449.623 4.73040531667 4.73124438172 4.73327705259 0.295650332292 0.295702773857 0.295829815787
228644680 64 6182293.447 6185413.532 6186532.084 4.73068249588 4.7315379786 4.73392589512 0.295667655993 0.295721123662 0.295870368445
251509144 32 3505175.186 3507327.315 3507850.81 4.58873141643 4.58941631913 4.59223415717 0.286795713527 0.286838519946 0.287014634823
276660056 32 3856242.721 3858012.147 3858743.437 4.58860348533 4.58947325963 4.59157912638 0.286787717833 0.286842078727 0.286973695399
304326056 32 4241711.492 4243410.143 4244212.99 4.58904103774 4.5899092776 4.59174736913 0.286815064858 0.28686932985 0.286984210571
334758656 32 4666200.118 4667615.554 4669077.295 4.58860554888 4.59004254659 4.5914348811 0.286787846805 0.286877659162 0.286964680069
368234520 32 5133259.318 5134525.774 5135168.417 4.58933522063 4.58990962697 4.59104203003 0.286833451289 0.286869351686 0.286940126877
405057968 32 5645411.455 5648267.404 5648835.959 4.58921274049 4.58967469098 4.59199655484 0.286825796281 0.286854668186 0.286999784677
445563760 32 6210405.046 6212348.325 6213810.033 4.58914586841 4.59022565191 4.59166196549 0.286821616775 0.286889103244 0.286978872843
490120136 16 3620077.724 3621696.183 3622413.128 4.32966748899 4.33052458282 4.33246066736 0.270604218062 0.270657786426 0.27077879171
539132144 16 3982193.381 3984038.604 3984839.907 4.32946592853 4.33033670675 4.3323432484 0.270591620533 0.270646044172 0.270771453025
593045352 16 4380755.029 4382805.098 4383204.575 4.32958374159 4.32997836766 4.33200467462 0.27059898385 0.270623647979 0.270750292164
652349880 16 4818354.48 4820785.436 4821647.064 4.32947411598 4.33024793099 4.3324326275 0.270592132249 0.270640495687 0.270777039219
717584864 16 5300163.74 5302799.841 5303631.335 4.32962138534 4.33030028221 4.33245400981 0.270601336584 0.270643767638 0.270778375613
789343344 16 5830416.288 5832907.533 5833315.766 4.33012509887 4.33042815527 4.33227847898 0.270632818679 0.270651759704 0.270767404936
868277672 16 6414413.48 6416460.462 6416945.443 4.32992391019 4.33025118265 4.33163306211 0.270620244387 0.270640698916 0.270727066382
955105432 8 3926654.835 3927978.957 3928308.894 3.89014390781 3.8904706668 3.891782587 0.243133994238 0.243154416675 0.243236411687
1050615968 8 4318884.833 4320855.877 4321109.145 3.89017146384 3.89039948717 3.89217497988 0.24313571649 0.243149967948 0.243260936243
1155677560 8 4750957.727 4752549.111 4753262.478 3.89013673147 3.89072064867 3.89202388708 0.243133545717 0.243170040542 0.243251492943
1271245312 8 5226500.179 5228118.275 5228459.147 3.8902331299 3.89048677213 3.89169124565 0.243139570619 0.243155423258 0.243230702853
1398369840 8 5748395.987 5750879.831 5751516.069 3.89009039905 3.89052077204 3.89220184041 0.243130649941 0.243157548252 0.243262615026
1538206824 8 6323919.887 6326319.828 6326946.164 3.88991917207 3.89030429272 3.89178067145 0.243119948254 0.243144018295 0.243236291965
1692027504 8 6955776.415 6958820.64 6958912.67 3.89032616844 3.89037761778 3.89208025802 0.243145385528 0.243148601111 0.243255016126
1861230248 8 7652095.209 7654777.436 7656626.755 3.88939998264 3.89033962345 3.89170327272 0.243087498915 0.243146226466 0.243231454545
2047353272 4 5063202.935 5064851.574 5066089.897 3.23303109676 3.23382155167 3.23487452237 0.202064443548 0.202113846979 0.202179657648
2252088592 4 5569335.633 5571699.109 5572173.185 3.23333610386 3.23361121689 3.23498347437 0.202083506491 0.202100701056 0.202186467148
2477297448 4 6125972.831 6128716.82 6129051.171 3.23351511206 3.23369151587 3.2351399738 0.202094694504 0.202105719742 0.202196248363
2725027192 4 6738194.409 6741687.416 6742310.419 3.23334527502 3.23364407022 3.23532035628 0.202084079689 0.202102754389 0.202207522267
2997529904 4 7412502.12 7415954.346 7416086.847 3.23354347471 3.23360124849 3.23510723421 0.202096467169 0.202100078031 0.202194202138
3297282888 4 8153929.524 8157638.019 8158106.873 3.23338042939 3.23356626545 3.23503692623 0.202086276837 0.202097891591 0.202189807889
3627011176 4 8970923.169 8973684.146 8974141.781 3.23329964203 3.23346453206 3.23445969399 0.202081227627 0.202091533254 0.202153730874
3989712288 2 6600470.696 6602297.808 6602538.783 2.41707768428 2.41716590437 2.41783501314 0.151067355268 0.151072869023 0.151114688321
4388683512 2 7259609.177 7262375.132 7263648.335 2.41679294459 2.41721664454 2.41813761871 0.151049559037 0.151076040284 0.151133601169
4827551856 2 7985983.874 7988637.098 7989449.302 2.41696350951 2.41720924197 2.41801232367 0.151060219344 0.151075577623 0.15112577023
5310307040 2 8785253.48 8787418.521 8788320.611 2.41698375608 2.41723187637 2.41782757986 0.151061484755 0.151076992273 0.151114223741
5841337744 2 9664184.194 9666103.86 9666655.231 2.41710813282 2.41724600878 2.41772616363 0.151069258301 0.151077875549 0.151107885227
6425471512 2 10629716.057 10632820.257 10633638.751 2.41703584726 2.41722190602 2.41792780825 0.151064740454 0.151076369126 0.151120488015
7068018656 2 11692069.277 11696396.807 11697035.844 2.41702898077 2.41716103604 2.41805568836 0.151064311298 0.151072564753 0.151128480523
7774820520 1 6430638.829 6432459.341 6433396.539 2.41701890218 2.41737105758 2.41805541463 0.151063681386 0.151085691099 0.151128463414
8552302568 1 7074672.171 7075825.258 7076520.692 2.4170925064 2.41733006573 2.41772406163 0.15106828165 0.151083129108 0.151107753852
9407532824 1 7781885.754 7783924.135 7784849.747 2.41688231109 2.41716971051 2.41780286203 0.151055144443 0.151073106907 0.151112678877
10348286104 1 8559920.832 8562075.077 8562560.191 2.41710093084 2.41723788006 2.41784621776 0.151068808177 0.151077367503 0.15111538861
11383114712 1 9416571.464 9418449.441 9420294.713 2.4167215695 2.417195056 2.41767712495 0.151045098094 0.151074691 0.15110482031
12521426176 1 10357250.213 10359835.236 10361716.797 2.41686323248 2.41730218498 2.41790550938 0.15105395203 0.151081386561 0.151119094336
13773568792 1 11393821.697 11395356.66 11397382.942 2.41697043297 2.4174002101 2.41772587957 0.15106065206 0.151087513131 0.151107867473

META_DATA
TIMESTAMP_DATA  1618331729.25
TIMESTAMP_DATA  1618333156.22
UNAME  ('Linux', 'linux', '5.4.44-mlnx.14.gd7fb187', '#1 SMP PREEMPT Tue Sep 15 16:18:01 UTC 2020', 'aarch64', 'aarch64')
MPI_PROCS      1
OPENMP_THREADS 1
FLOPS          1
HOSTNAME  linux
TIMESTAMP_DATA  1618337447.59
TIMESTAMP_DATA  1618330292.38
CONFIG  {'ERT_WORKING_SET_MIN': ['1'], 'ERT_CFLAGS': ['-O3'], 'ERT_CC': ['gcc'], 'ERT_MPI_CFLAGS': [], 'ERT_MPI_LDFLAGS': [], 'ERT_MEMORY_MAX': ['15000000000'], 'ERT_PROCS_THREADS': ['1'], 'ERT_LDFLAGS': [], 'ERT_LDLIBS': [], 'ERT_SPEC_GBYTES_DRAM': ['0'], 'ERT_RUN': ['export', 'KMP_AFFINITY=scatter;', 'export', 'OMP_NUM_THREADS=ERT_OPENMP_THREADS;', 'ERT_CODE'], 'ERT_FLOPS': ['1,2,4,8,16'], 'ERT_OPENMP_CFLAGS': ['-fopenmp'], 'ERT_SPEC_GFLOPS': ['0'], 'ERT_MPI': ['False'], 'ERT_TRIALS_MIN': ['1'], 'ERT_DRIVER': ['driver1'], 'ERT_RESULTS': ['Results.arm'], 'ERT_OPENMP': ['True'], 'ERT_MPI_PROCS': ['1'], 'ERT_KERNEL': ['kernel1'], 'ERT_OPENMP_THREADS': ['1'], 'ERT_LD': ['gcc'], 'ERT_NUM_EXPERIMENTS': ['6'], 'ERT_OPENMP_LDFLAGS': ['-fopenmp'], 'ERT_ALIGN': ['32'], 'ERT_GNUPLOT': ['gnuplot']}
TIMESTAMP_DATA  1618336023.84
ERT_VERSION  1.0.0
TIMESTAMP_DATA  1618334589.3
