80 134217728 2958395.404 2999871.198 3135471.615 6.84899725364 7.15858617341 7.25894735064 1.71224931341 1.78964654335 1.81473683766
160 67108864 1521948.564 1535705.047 1537122.183 13.9708064313 13.9836985767 14.1100934604 3.49270160783 3.49592464418 3.52752336511
240 33554432 776740.111 777254.896 777892.97 20.704811563 20.7218088209 20.7355422128 5.17620289074 5.18045220522 5.1838855532
320 33554432 779679.882 779849.726 780068.619 27.5294197933 27.5371469195 27.5431455598 6.88235494832 6.88428672988 6.88578638996
400 33554432 800037.865 800345.012 800499.12 33.5335104428 33.539967386 33.552843902 8.38337761071 8.38499184649 8.38821097549
480 16777216 431192.844 431303.301 431305.168 37.3427646014 37.3429262486 37.3524922413 9.33569115036 9.33573156214 9.33812306032
560 16777216 507948.018 508038.112 508085.67 36.9829007773 36.9863627869 36.9929230042 9.24572519434 9.24659069672 9.24823075105
640 16777216 585207.799 585357.823 585802.384 36.658841047 36.6866822928 36.6960872987 9.16471026175 9.1716705732 9.17402182468
720 16777216 633337.863 633588.905 634136.921 38.0977518261 38.1307040722 38.1458182929 9.52443795652 9.53267601806 9.53645457322
800 16777216 694557.587 694730.141 694744.126 38.6380317521 38.6388095403 38.6484088612 9.65950793803 9.65970238507 9.66210221529
880 16777216 745243.184 745379.427 745471.27 39.6097091173 39.6145896847 39.6218318986 9.90242727932 9.90364742117 9.90545797464
960 8388608 405497.851 405581.047 405581.448 39.7112033586 39.7112426213 39.7193901775 9.92780083965 9.92781065531 9.92984754437
1040 8388608 433336.525 433430.467 433443.985 40.2550392757 40.2562947657 40.2650218326 10.0637598189 10.0640736914 10.0662554582
1120 8388608 467488.838 467643.859 467712.797 40.1752572102 40.1811796699 40.1945038953 10.0438143026 10.0452949175 10.0486259738
1200 8388608 502234.898 502315.188 502359.88 40.0761685029 40.0797341609 40.086141525 10.0190421257 10.0199335402 10.0215353812
1280 8388608 530256.741 530417.112 530534.482 40.4777393527 40.4866962135 40.4989410215 10.1194348382 10.1216740534 10.1247352554
1360 8388608 563585.831 563748.019 564047.569 40.4522863213 40.4737808223 40.4854283145 10.1130715803 10.1184452056 10.1213570786
1440 8388608 596853.67 596912.418 596977.464 40.4691843443 40.4735943021 40.4775780972 10.1172960861 10.1183985755 10.1193945243
1520 8388608 620580.976 620609.746 620755.23 41.0811976888 41.0908279871 41.092732949 10.2702994222 10.2727069968 10.2731832373
1600 8388608 660499.666 660751.108 660757.161 40.6254327375 40.6258048984 40.6412705135 10.1563581844 10.1564512246 10.1603176284
1760 8388608 709951.115 709961.559 709967.737 41.5904816813 41.5908435966 41.5914554342 10.3976204203 10.3977108992 10.3978638586
1920 4194304 389089.288 389102.96 389153.275 41.387618696 41.3929705392 41.3944250246 10.346904674 10.3482426348 10.3486062562
2080 4194304 420741.285 420969.199 421038.776 41.4410872219 41.4479365271 41.4703887212 10.3602718055 10.3619841318 10.3675971803
2240 4194304 451234.058 451329.926 451384.684 41.6285323496 41.6335829679 41.6424283293 10.4071330874 10.408395742 10.4106070823
2400 4194304 479470.407 479616.404 479663.042 41.9725045233 41.9765859385 41.9893676566 10.4931261308 10.4941464846 10.4973419142
2640 4194304 527544.281 527597.352 527640.499 41.9716173455 41.9750497914 41.979272485 10.4929043364 10.4937624478 10.4948181212
2880 4194304 574623.459 574687.411 574738.36 42.0351114897 42.0388381189 42.0435167789 10.5087778724 10.5097095297 10.5108791947
3120 4194304 620426.179 620496.986 620498.293 42.1797404687 42.1798293151 42.1846431467 10.5449351172 10.5449573288 10.5461607867
3360 4194304 667295.703 668084.495 668789.153 42.1444079252 42.1888594795 42.2387297764 10.5361019813 10.5472148699 10.5596824441
3680 2097152 363640.136 364050.828 364431.633 42.3537292659 42.3980321781 42.4459161461 10.5884323165 10.5995080445 10.6114790365
4000 2097152 394031.867 394052.164 394386.45 42.5400416267 42.5761295908 42.5783227325 10.6350104067 10.6440323977 10.6445806831
4400 2097152 434065.171 434160.634 434650.664 42.459241705 42.507164756 42.5165132634 10.6148104262 10.626791189 10.6291283158
4800 2097152 471278.857 471778.447 473759.268 42.4955469156 42.6739698009 42.7192073248 10.6238867289 10.6684924502 10.6798018312
5280 2097152 544381.874 545433.926 545444.864 40.601583371 40.6023975854 40.6808642567 10.1503958428 10.1505993963 10.1702160642
5760 2097152 594165.2 594271.78 610484.889 39.5737740201 40.6534381289 40.66073045 9.89344350504 10.1633595322 10.1651826125
6320 2097152 648906.515 649105.261 649353.272 40.8221570954 40.8377544794 40.8502621984 10.2055392739 10.2094386198 10.2125655496
6880 2097152 700159.854 700569.246 700606.798 41.1883121922 41.1905199732 41.2146045723 10.297078048 10.2976299933 10.3036511431
7520 1048576 381945.529 382200.863 409431.705 38.5182262326 41.2625521466 41.2901365315 9.62955655816 10.3156380366 10.3225341329
8240 1048576 415711.462 416172.312 416189.327 41.520844863 41.5225424223 41.568573541 10.3802112157 10.3806356056 10.3921433853
9040 1048576 455378.089 455588.746 455837.46 41.5899432223 41.6126479121 41.6318978404 10.3974858056 10.403161978 10.4079744601
9920 1048576 497955.055 498015.959 502191.84 41.4258978003 41.7732553828 41.7783645956 10.3564744501 10.4433138457 10.4445911489
10880 1048576 542682.874 542726.72 546927.828 41.7185094484 42.0414417038 42.0448384373 10.4296273621 10.510360426 10.5112096093
11920 1048576 593705.574 593962.862 594055.141 42.0803560389 42.0868937089 42.1051324676 10.5200890097 10.5217234272 10.5262831169
13040 1048576 648718.516 648801.278 648888.241 42.1441788464 42.1498277012 42.1552050782 10.5360447116 10.5374569253 10.5388012695
14320 524288 355364.696 355376.912 355734.3 42.2101785518 42.2526275989 42.2540800733 10.552544638 10.5631568997 10.5635200183
15680 524288 386380.67 386497.079 386499.522 42.5399534647 42.5402223544 42.5530388981 10.6349883662 10.6350555886 10.6382597245
17200 524288 423595.292 423758.125 423817.046 42.554935839 42.560852845 42.5772135352 10.6387339597 10.6402132113 10.6443033838
18880 524288 464056.251 464156.808 464293.578 42.6392175513 42.651781766 42.6610240404 10.6598043878 10.6629454415 10.6652560101
20720 524288 509378.547 509387.901 509393.063 42.6517286907 42.6521609118 42.6529441571 10.6629321727 10.663040228 10.6632360393
22720 524288 552741.499 552912.933 553299.842 43.0573893423 43.0875193871 43.1008830766 10.7643473356 10.7718798468 10.7752207692
24960 524288 606737.575 606982.085 607624.716 43.0733909777 43.1189941298 43.1363707118 10.7683477444 10.7797485324 10.784092678
27440 524288 664121.547 664336.009 664751.161 43.2837535729 43.3108021396 43.3247883162 10.8209383932 10.8277005349 10.831197079
30160 262144 365354.092 365509.389 365983.853 43.2055292887 43.2616139445 43.2800026775 10.8013823222 10.8154034861 10.8200006694
33120 262144 400888.281 401002.619 401046.367 43.2977829718 43.3025066103 43.3148569888 10.824445743 10.8256266526 10.8287142472
36400 262144 438777.199 438913.448 439040.81 43.467674907 43.4802881683 43.4937896579 10.8669187268 10.8700720421 10.8734474145
40000 262144 486431.706 486456.846 486510.575 43.1059900394 43.1107510819 43.1129791527 10.7764975098 10.7776877705 10.7782447882
44000 262144 533220.64 533256.457 533391.781 43.2490203669 43.259995631 43.2629014511 10.8122550917 10.8149989077 10.8157253628
48400 262144 580627.815 580773.096 580837.135 43.6878733657 43.6926906132 43.7036231204 10.9219683414 10.9231726533 10.9259057801
53200 262144 637685.694 637823.796 637834.778 43.7293834737 43.7301364028 43.7396069293 10.9323458684 10.9325341007 10.9349017323
58480 131072 351254.253 351644.155 351683.184 43.5908846867 43.5957228409 43.644115307 10.8977211717 10.8989307102 10.9110288267
64320 131072 388625.339 388710.209 388721.297 43.3758124655 43.3770497651 43.3865226683 10.8439531164 10.8442624413 10.8466306671
70720 131072 428612.415 428625.565 428657.864 43.2485327739 43.2517917591 43.2531187413 10.8121331935 10.8129479398 10.8132796853
77760 131072 470729.051 470745.174 470747.578 43.3020123579 43.3022334925 43.3037166427 10.8255030895 10.8255583731 10.8259291607
85520 131072 510846.444 510935.784 511011.614 43.8709302603 43.8774413185 43.8851148781 10.9677325651 10.9693603296 10.9712787195
94000 131072 562041.639 562071.664 562265.84 43.8254189513 43.8405590928 43.8429011129 10.9563547378 10.9601397732 10.9607252782
103360 131072 621907.515 622062.001 622078.292 43.5559385184 43.5570791922 43.5678990629 10.8889846296 10.889269798 10.8919747657
113680 131072 686366.012 686514.735 686662.234 43.3991101366 43.4084345182 43.4178403344 10.8497775341 10.8521086295 10.8544600836
125040 65536 374128.808 374262.173 385460.692 42.5185841777 43.7908077876 43.8064178153 10.6296460444 10.9477019469 10.9516044538
137520 65536 409816.442 410020.29 430841.211 41.8368089677 43.961291379 43.9831582941 10.4592022419 10.9903228448 10.9957895735
151200 65536 454028.294 454046.847 470257.769 42.143028157 43.6476688054 43.6494523841 10.5357570392 10.9119172014 10.912363096
166320 65536 495106.131 505396.69 516561.358 42.2019469757 43.1342259879 44.03075154 10.5504867439 10.783556497 11.007687885
182880 65536 552845.238 567224.19 586130.074 40.89612259 42.2592121115 43.358331975 10.2240306475 10.5648030279 10.8395829937
201120 65536 607030.293 620373.778 641199.365 41.1123311702 42.4924482221 43.4264993757 10.2780827925 10.6231120555 10.8566248439
221200 65536 666419.586 689534.924 703639.557 41.2045146006 42.0473646669 43.5058137682 10.3011286502 10.5118411667 10.8764534421
243280 32768 366543.639 379122.083 384458.182 41.4703050331 42.0539947287 43.4971348118 10.3675762583 10.5134986822 10.874283703
267600 32768 399377.945 416438.947 420134.193 41.7424572725 42.1128564615 43.9118730004 10.4356143181 10.5282141154 10.9779682501
294320 32768 440013.938 455805.184 463645.29 41.6019658476 42.3175431019 43.8362375694 10.4004914619 10.5793857755 10.9590593923
323680 32768 489019.377 502109.92 510651.509 41.5404480475 42.2471089199 43.3780203356 10.3851120119 10.56177723 10.8445050839
356000 32768 560581.302 561843.716 561886.179 41.5223169246 41.5254550965 41.6189693034 10.3805792312 10.3813637741 10.4047423259
391600 32768 620398.965 620583.166 621141.75 41.3172960922 41.3544855969 41.3667640467 10.3293240231 10.3386213992 10.3416910117
430720 32768 681323.455 682198.403 682771.524 41.3427697667 41.3775021986 41.4306387265 10.3356924417 10.3443755496 10.3576596816
473760 16384 370033.37 370985.031 371140.618 41.8282638092 41.8458061183 41.9534262005 10.4570659523 10.4614515296 10.4883565501
521120 16384 401459.542 404764.444 406357.598 42.0222489847 42.187648676 42.5349465476 10.5055622462 10.546912169 10.6337366369
573200 16384 440732.598 443730.738 444112.88 42.2924406065 42.3288629601 42.616810477 10.5731101516 10.58221574 10.6542026192
630480 16384 483641.604 484589.345 487298.538 42.3961227645 42.6331467111 42.7166903532 10.5990306911 10.6582866778 10.6791725883
693520 16384 531778.224 535066.966 535364.455 42.4482110229 42.4718115751 42.734475265 10.6120527557 10.6179528938 10.6836188163
762800 16384 584340.717 585484.779 587447.925 42.5491849341 42.6918534803 42.7754384947 10.6372962335 10.6729633701 10.6938596237
839040 16384 642061.163 643121.667 643381.19 42.733084441 42.7503287959 42.8209402848 10.6832711102 10.687582199 10.7052350712
922880 8192 353038.883 353510.682 353548.172 42.7677672167 42.7723027617 42.829463405 10.6919418042 10.6930756904 10.7073658513
1015120 8192 388040.568 388603.264 388755.546 42.7819647877 42.7987297605 42.860792019 10.6954911969 10.6996824401 10.7151980048
1116560 8192 426740.479 427103.816 427703.498 42.771964984 42.8320196512 42.8684878521 10.692991246 10.7080049128 10.717121963
1228160 8192 468993.493 469525.447 469566.526 42.8526573464 42.8564065453 42.9050162536 10.7131643366 10.7141016363 10.7262540634
1350960 8192 515896.398 516152.116 516153.512 42.8828403283 42.8829563105 42.9042124074 10.7207100821 10.7207390776 10.7260531018
1486000 8192 567060.883 567598.022 567625.154 42.8920808538 42.8941311568 42.9347619099 10.7230202134 10.7235327892 10.7336904775
1634560 8192 623538.245 624014.234 624174.646 42.9056694494 42.9166989803 42.9494602051 10.7264173624 10.7291747451 10.7373650513
1798000 8192 685676.015 686200.386 686201.756 42.9296948637 42.9297805729 42.9626111393 10.7324237159 10.7324451432 10.7406527848
1977760 4096 377060.552 377239.407 377254.597 42.9466202635 42.9483495609 42.9687216922 10.7366550659 10.7370873902 10.7421804231
2175520 4096 414601.112 414783.97 414844.549 42.9603326908 42.9666070268 42.9855572602 10.7400831727 10.7416517567 10.746389315
2393040 4096 455942.549 456256.48 456261.796 42.9660862511 42.9665868636 42.9961707303 10.7415215628 10.7416467159 10.7490426826
2632320 4096 501531.539 501617.577 501630.291 42.9877657448 42.9888553128 42.9962300736 10.7469414362 10.7472138282 10.7490575184
2895520 4096 551428.775 551821.46 551849.03 42.9829510437 42.9850985498 43.0157092183 10.7457377609 10.7462746375 10.7539273046
3185040 4096 606517.754 606770.026 606798.666 42.9991843126 43.0012139064 43.019099619 10.7497960782 10.7503034766 10.7547749047
3503520 4096 667187.93 667253.65 667511.259 42.9967816318 43.0133815529 43.0176184992 10.749195408 10.7533453882 10.7544046248
3853840 2048 366845.002 367063.712 368018.066 42.892809072 43.0043290141 43.0299678446 10.723202268 10.7510822535 10.7574919611
4239200 2048 403930.617 404153.342 407237.046 42.6379755245 42.9633047548 42.9869944719 10.6594938811 10.7408261887 10.746748618
4663120 2048 445536.182 445968.738 480690.485 39.7347984119 42.8284269558 42.870007626 9.93369960298 10.7071067389 10.7175019065
5129360 2048 495171.309 495964.308 540207.309 38.8922145443 42.361634136 42.4294747659 9.72305363606 10.590408534 10.6073686915
5642240 2048 611941.29 619411.88 622934.919 37.0995658376 37.3105776402 37.7660658263 9.27489145941 9.32764441005 9.44151645659
6206400 2048 725317.02 728178.277 728677.159 34.8870745927 34.9109760658 35.0486941558 8.72176864816 8.72774401646 8.76217353896
6827040 2048 803341.072 806128.013 806528.776 34.6714917956 34.6887285754 34.8090702874 8.6678729489 8.67218214386 8.70226757185
7509680 1024 443774.194 444969.832 445678.637 34.5087768701 34.5637468744 34.656870201 8.62719421752 8.6409367186 8.66421755024
8260640 1024 490218.045 490601.064 491434.327 34.4253337435 34.4838035655 34.5107465801 8.60633343588 8.62095089137 8.62768664503
9086640 1024 540863.283 541814.932 541996.675 34.3349684202 34.3464855265 34.4069181712 8.58374210506 8.58662138163 8.60172954281
9995280 1024 596747.207 598015.355 599263.32 34.1591630204 34.2304478787 34.3031910328 8.53979075509 8.55761196968 8.5757977582
10994800 1024 660449.298 661149.588 663689.588 33.9275330021 34.0578755681 34.0939879385 8.48188325052 8.51446889202 8.52349698462
12094240 1024 732767.755 733756.497 736201.221 33.644339093 33.7564350316 33.8019834402 8.41108477325 8.4391087579 8.45049586004
13303600 1024 814128.39 814952.536 819578.109 33.2436560967 33.4323431076 33.4661868259 8.31091402418 8.35808577691 8.36654670647
14633920 1024 909751.047 917020.963 918519.17 32.6288978378 32.6822061537 32.9433730896 8.15722445945 8.17055153842 8.23584327241
16097280 512 508130.708 548767.642 549194.374 30.0141725778 30.0375121607 32.4397137596 7.50354314445 7.50937804019 8.10992843991
17706960 512 626007.685 668504.664 670117.721 27.0578235313 27.123112248 28.9643841034 6.76445588282 6.78077806201 7.24109602584
19477600 512 813922.365 845151.327 845736.3 23.5830747717 23.599397839 24.5048708055 5.89576869291 5.89984945974 6.12621770137
21425360 512 1016575.391 1028877.748 1029100.128 21.3191778361 21.3237857293 21.5818411839 5.32979445903 5.33094643233 5.39546029597
23567840 512 1162748.707 1164441.875 1189156.656 20.2946079797 20.7253523582 20.755532141 5.07365199493 5.18133808955 5.18888303524
25924560 512 1285996.854 1287093.624 1336919.01 19.8566624017 20.625344532 20.6429349788 4.96416560043 5.15633613301 5.16073374469
28516960 512 1415705.253 1417351.811 1481963.322 19.7045140096 20.6027655331 20.6267278998 4.92612850239 5.15069138328 5.15668197496
31368640 256 782047.162 782521.752 820671.961 19.5702356645 20.5243415138 20.5367968332 4.89255891612 5.13108537844 5.13419920831
34505440 256 860217.612 861518.996 903311.933 19.5577902102 20.5065533807 20.5375768103 4.88944755255 5.12663834519 5.13439420257
37955920 256 946644.86 947298.343 993891.435 19.5528710236 20.5145835877 20.5287451093 4.8882177559 5.12864589693 5.13218627733
41751440 256 1040913.342 1054706.896 1093996.677 19.5400385846 20.2679411323 20.5365196289 4.88500964615 5.06698528308 5.13412990723
45926560 256 1145163.814 1153534.486 1202895.452 19.5481649556 20.3846516991 20.5336550392 4.88704123889 5.09616292477 5.13341375979
50519200 256 1259538.885 1260931.376 1323143.174 19.5487766617 20.513273674 20.5359522505 4.88719416543 5.1283184185 5.13398806262
55571120 256 1385433.338 1386913.494 1455374.72 19.5498884576 20.5149157198 20.5368332489 4.8874721144 5.12872892994 5.13420831223
61128160 128 767903.889 768679.008 806837.549 19.395241309 20.3580542686 20.3786036041 4.84881032724 5.08951356715 5.09465090103
67240960 128 844570.278 845520.824 887725.329 19.3907791044 20.3586774818 20.3815907431 4.84769477609 5.08966937046 5.09539768578
73965040 128 928978.612 930073.598 976146.484 19.3977548968 20.3586579392 20.3826546655 4.8494387242 5.08966448481 5.09566366637
81361520 128 1021955.937 1022949.759 1073977.622 19.3938390273 20.3612630403 20.3810637679 4.84845975683 5.09031576007 5.09526594198
89497600 128 1124160.144 1125316.002 1181425.861 19.3929948178 20.3599571669 20.3808912122 4.84824870445 5.08998929174 5.09522280306
98447360 128 1236440.376 1237914.62 1299456.488 19.3946656873 20.3588549265 20.3831293843 4.84866642183 5.08971373163 5.09578234608
108292080 128 1360049.98 1361823.124 1429465.896 19.3937977517 20.3571021753 20.3836424306 4.84844943793 5.08927554383 5.09591060764
119121280 64 759691.809 760417.546 798422.094 19.0970715297 20.0515150133 20.0706703157 4.77426788242 5.01287875333 5.01766757893
131033360 64 835409.659 836373.717 878238.585 19.0976237738 20.0535594784 20.0767011721 4.77440594346 5.01338986959 5.01917529302
144136640 64 918898.967 921393.62 965901.169 19.1008050431 20.0234617644 20.0778220268 4.77520126078 5.00586544109 5.01945550669
158550240 64 1011031.959 1012142.587 1062591.262 19.0990001949 20.0509601914 20.0729863575 4.77475004872 5.01274004786 5.01824658937
174405200 64 1111957.184 1113669.007 1168706.772 19.1013401606 20.0453325536 20.0761917106 4.77533504016 5.01133313841 5.01904792766
191845680 64 1223170.385 1224941.141 1285768.48 19.0984982304 20.0468791667 20.0759005786 4.7746245576 5.01171979169 5.01897514466
211030240 64 1345543.608 1347327.302 1414286.369 19.0992936877 20.0484846406 20.0750615286 4.77482342192 5.01212116015 5.01876538215
232133200 64 1479709.251 1481905.743 1555605.507 19.1006328187 20.0505664685 20.0803296863 4.77515820468 5.01264161711 5.02008242158
255346480 32 838715.303 839746.427 882471.76 18.5186376049 19.4608446009 19.4847699351 4.62965940123 4.86521115022 4.87119248377
280881120 32 922650.954 923564.282 970119.677 18.5300763464 19.4641477917 19.4834152634 4.63251908661 4.86603694793 4.87085381586
308969200 32 1014842.256 1041384.345 1067220.069 18.5285391218 18.9882140009 19.4848299655 4.63213478044 4.74705350021 4.87120749138
339866080 32 1116217.196 1173615.761 1174358.598 18.5219652302 18.5336886593 19.4867353755 4.63049130756 4.63342216482 4.87168384387
373852640 32 1227880.904 1291074.741 1291852.75 18.5211270867 18.5322880234 19.4860665086 4.63028177166 4.63307200586 4.87151662715
411237840 32 1328139.143 1420203.114 1420647.775 18.5262119317 18.5320124288 19.8166147717 4.63155298293 4.63300310719 4.95415369292
452361600 32 1460911.284 1562314.13 1562736.166 18.5259310112 18.5309355168 19.8171803566 4.6314827528 4.6327338792 4.95429508915
497597760 16 850909.941 910684.281 911299.828 17.4729851041 17.484795392 18.7130594588 4.36824627602 4.371198848 4.6782648647
547357520 16 935890.848 1001886.008 1002154.911 17.4777775848 17.4824685644 18.7152600941 4.36944439621 4.37061714111 4.67881502352
602093200 16 1029173.918 1101816.553 1102212.373 17.4802813613 17.4865610319 18.720822655 4.37007034034 4.37164025798 4.68020566374
662302480 16 1132712.863 1212104.816 1212545.279 17.4786704687 17.4850219884 18.7105488534 4.36966761717 4.3712554971 4.67763721334
728532720 16 1245452.213 1333120.715 1333725.445 17.4796448005 17.4875739141 18.7185399782 4.36991120013 4.37189347853 4.67963499455
801385920 16 1369898.358 1466727.876 1466892.202 17.4820954158 17.4840540359 18.7198920929 4.37052385394 4.37101350898 4.67997302322
881524480 16 1507024.747 1613644.451 1613872.24 17.4789445291 17.4814119322 18.718195183 4.36973613227 4.37035298304 4.67954879576
969676880 8 921102.793 986924.437 987378.207 15.7131583116 15.7203829375 16.843755331 3.9282895779 3.93009573437 4.21093883275
1066644560 8 1013119.588 1085893.963 1086005.291 15.7147604173 15.7163715257 16.8453094404 3.92869010433 3.92909288142 4.2113273601
1173308960 8 1114260.529 1194232.665 1194514.12 15.7159660532 15.719669969 16.8478940709 3.9289915133 3.92991749225 4.21197351773
1290639840 8 1225838.891 1313903.598 1314322.312 15.7116996733 15.7167066682 16.8458005302 3.92792491831 3.92917666704 4.21145013256
1419703760 8 1348348.452 1444913.468 1445860.518 15.7105473711 15.7208446478 16.8467284004 3.92763684277 3.93021116196 4.21168210011
1561674080 8 1484894.822 1589488.23 1589887.67 15.7160696013 15.7200190655 16.8273098605 3.92901740033 3.93000476638 4.20682746512
1717841440 8 1633168.262 1749037.411 1750086.274 15.7052046224 15.7146227217 16.8295353758 3.9263011556 3.92865568042 4.20738384396
1889625520 4 1078016.639 1154557.789 1154980.073 13.0885411042 13.093328289 14.022978508 3.27213527605 3.27333207225 3.50574462701
2078588000 4 1185900.745 1270261.224 1270399.817 13.0893469737 13.0907750987 14.0220031652 3.27233674342 3.27269377468 3.5055007913
2286446800 4 1304566.655 1397191.447 1397857.095 13.0854394669 13.0916736137 14.021188055 3.27135986673 3.27291840343 3.50529701374
2515091440 4 1435202.133 1536382.885 1537243.751 13.0888361113 13.0961700475 14.0194409257 3.27220902783 3.27404251187 3.50486023142
2766600560 4 1578268.164 1690515.438 1691615.682 13.0838255494 13.0923409408 14.0234752147 3.27095638736 3.2730852352 3.50586880367
3043260560 4 1736052.037 1859557.824 1859919.468 13.0898594799 13.092405176 14.0238218447 3.27246486997 3.273101294 3.50595546117
3347586560 4 1909355.869 2045178.195 2046109.168 13.0885941468 13.0945521253 14.0260351225 3.2721485367 3.27363803133 3.50650878063
3682345200 4 2100436.845 2249852.173 2250806.426 13.0880920099 13.0936431973 14.0250642004 3.27202300248 3.27341079933 3.5062660501
4050579680 2 1540323.124 1567881.208 1650908.759 9.81418181451 10.3338943265 10.5187791234 2.45354545363 2.58347358163 2.62969478085
4455637600 2 1694318.101 1724942.844 1816214.624 9.8130199837 10.3322556234 10.5190107982 2.45325499592 2.58306390586 2.62975269955
4901201360 2 1863835.265 1896773.598 1997754.478 9.8134208462 10.3358700589 10.5185290826 2.45335521155 2.58396751471 2.62963227064
5391321440 2 2050414.927 2086578.888 2197489.888 9.81359954272 10.3352362492 10.5175228077 2.45339988568 2.58380906229 2.62938070193
5930453520 2 2255299.352 2295147.143 2295553.215 10.3338114425 10.335639766 10.5182551748 2.58345286062 2.5839099415 2.62956379371
6523498800 2 2481224.322 2524567.872 2525094.917 10.3338670655 10.3360244299 10.5165804513 2.58346676637 2.58400610748 2.62914511282
7175848640 2 2728901.307 2777346.266 2777405.546 10.3346069145 10.3348274975 10.5182970474 2.58365172862 2.58370687438 2.62957426184
7893433440 1 1500797.456 1527264.663 1527456.142 10.3353978199 10.3366936082 10.5189856345 2.58384945497 2.58417340204 2.62974640863
8682776720 1 1651111.08 1680394.668 1680705.842 10.3322978989 10.3342112247 10.5174955521 2.58307447473 2.58355280618 2.62937388804
9551054320 1 1816270.13 1848250.338 1848271.623 10.3351197964 10.3352388187 10.5172178546 2.5837799491 2.58380970468 2.62930446365
10506159680 1 1997532.283 2032832.47 2033442.679 10.3333718609 10.3364736987 10.5191388088 2.58334296523 2.58411842467 2.62978470221
11556775600 1 2197293.801 2236346.041 2237288.081 10.3310572279 10.3354090898 10.5190990797 2.58276430696 2.58385227244 2.62977476993
12712453120 1 2418379.193 2459958.503 2460230.383 10.3343599102 10.3355020863 10.5132008717 2.58358997756 2.58387552158 2.62830021793
13983698400 1 2658920.48 2706050.591 2707366.441 10.3301113497 10.3351344919 10.5183276485 2.58252783743 2.58378362299 2.62958191213

META_DATA
HOSTNAME  localhost.localdomain
CONFIG  {'ERT_WORKING_SET_MIN': ['1'], 'ERT_CFLAGS': ['-O3'], 'ERT_CC': ['gcc'], 'ERT_MPI_CFLAGS': [], 'ERT_MPI_LDFLAGS': [], 'ERT_MEMORY_MAX': ['15000000000'], 'ERT_PROCS_THREADS': ['8,10,16'], 'ERT_LDFLAGS': [], 'ERT_LDLIBS': [], 'ERT_SPEC_GBYTES_DRAM': ['0'], 'ERT_RUN': ['export', 'KMP_AFFINITY=scatter;', 'export', 'OMP_NUM_THREADS=ERT_OPENMP_THREADS;', 'ERT_CODE'], 'ERT_FLOPS': ['1,2,4,8,16'], 'ERT_OPENMP_CFLAGS': ['-fopenmp'], 'ERT_SPEC_GFLOPS': ['0'], 'ERT_MPI': ['False'], 'ERT_TRIALS_MIN': ['1'], 'ERT_DRIVER': ['driver1'], 'ERT_RESULTS': ['Results.arm'], 'ERT_OPENMP': ['True'], 'ERT_MPI_PROCS': ['1'], 'ERT_KERNEL': ['kernel1'], 'ERT_OPENMP_THREADS': ['8,10,16'], 'ERT_LD': ['gcc'], 'ERT_NUM_EXPERIMENTS': ['4'], 'ERT_OPENMP_LDFLAGS': ['-fopenmp'], 'ERT_ALIGN': ['32'], 'ERT_GNUPLOT': ['gnuplot']}
TIMESTAMP_DATA  1614752220.59
MPI_PROCS      1
OPENMP_THREADS 10
UNAME  ('Linux', 'localhost.localdomain', '5.4.44-mlnx.14.gd7fb187', '#1 SMP PREEMPT Tue Sep 15 16:18:01 UTC 2020', 'aarch64', 'aarch64')
FLOPS          4
TIMESTAMP_DATA  1614752859.63
TIMESTAMP_DATA  1614753180.36
TIMESTAMP_DATA  1614752544.77
ERT_VERSION  1.0.0
