80 134217728 1931052.213 1935420.466 1938308.794 11.0791616622 11.0956956678 11.1207953547 5.5395808311 5.54784783391 5.56039767735
160 67108864 965472.323 965683.232 970680.65 22.1234826099 22.237971799 22.2428297201 11.0617413049 11.1189858995 11.1214148601
240 33554432 485404.105 485764.605 485968.282 33.1423427342 33.1562390389 33.1808635199 16.5711713671 16.5781195194 16.5904317599
320 33554432 485973.743 486123.573 487132.967 44.0841370525 44.1756739906 44.1892937413 22.0420685262 22.0878369953 22.0946468707
400 33554432 488717.91 489258.491 499329.371 53.7591961519 54.8657736019 54.9264617701 26.879598076 27.4328868009 27.4632308851
480 16777216 244270.188 244502.316 244728.014 65.8123567333 65.8731075578 65.9357062434 32.9061783666 32.9365537789 32.9678531217
560 16777216 246611.707 246939.162 247019.629 76.0687804288 76.0935680182 76.1946062844 38.0343902144 38.0467840091 38.0973031422
640 16777216 246575.177 246702.039 247144.596 86.8917905856 87.0476651391 87.092450835 43.4458952928 43.5238325695 43.5462254175
720 16777216 250567.313 251017.207 252987.682 95.4955231378 96.2451591615 96.4179674944 47.7477615689 48.1225795808 48.2089837472
800 16777216 250541.404 250873.752 250984.109 106.953168099 107.00021579 107.142153638 53.4765840494 53.5001078949 53.5710768189
880 16777216 263597.261 263713.994 268464.569 109.988071312 111.969409405 112.018994613 54.9940356562 55.9847047025 56.0094973066
960 8388608 131609.076 131902.065 132105.463 121.918707934 122.106711218 122.37854599 60.9593539671 61.053355609 61.1892729951
1040 8388608 146701.288 146982.166 203323.212 85.8156059427 118.71035184 118.937637685 42.9078029714 59.3551759198 59.4688188423
1120 8388608 145259.104 145531.494 145575.335 129.077373719 129.116257956 129.358376877 64.5386868593 64.5581289779 64.6791884383
1200 8388608 167144.714 167283.257 167832.884 119.956582525 120.350712684 120.450469047 59.9782912626 60.1753563418 60.2252345234
1280 8388608 165561.896 165641.498 166015.998 129.354018521 129.646475909 129.70880981 64.6770092603 64.8232379545 64.8544049049
1360 8388608 187559.051 187860.088 188288.23 121.181306766 121.457484679 121.652427 60.5906533828 60.7287423394 60.8262135001
1440 8388608 185811.93 185936.229 186165.539 129.772626931 129.932671916 130.019590454 64.8863134654 64.9663359581 65.0097952268
1520 8388608 207944.415 208116.121 208774.15 122.148112302 122.534324575 122.635504878 61.0740561511 61.2671622877 61.3177524388
1600 8388608 206056.704 206352.48 206658.995 129.892945623 130.085887991 130.272614668 64.9464728114 65.0429439956 65.1363073341
1760 8388608 226296.894 226433.153 226651.708 130.278745396 130.404491431 130.483011225 65.1393726978 65.2022457153 65.2415056125
1920 4194304 123268.53 123532.359 123552.797 130.358257774 130.379825095 130.658874248 65.1791288869 65.1899125475 65.329437124
2080 4194304 133378.606 133513.58 133781.133 130.424255265 130.685617448 130.817866248 65.2121276324 65.342808724 65.4089331238
2240 4194304 143504.619 143790.589 151652.829 123.904592113 130.67949753 130.939910164 61.9522960564 65.3397487648 65.4699550821
2400 4194304 153629.256 153652.117 154028.377 130.707468274 131.027541911 131.047039634 65.3537341369 65.5137709557 65.5235198171
2640 4194304 175307.107 175568.794 175977.623 125.845120206 126.138162799 126.32645361 62.922560103 63.0690813995 63.1632268052
2880 4194304 184087.168 184345.805 185078.205 130.535040795 131.053652346 131.237778833 65.2675203977 65.5268261732 65.6188894166
3120 4194304 206001.194 206105.934 206900.173 126.497994567 126.985460593 127.050025545 63.2489972833 63.4927302966 63.5250127725
3360 4194304 221559.293 222287.182 227806.167 123.726777247 126.798687295 127.215259168 61.8633886237 63.3993436473 63.6076295838
3680 2097152 121347.38 121393.739 122115.435 126.39711532 127.148556813 127.197132068 63.1985576598 63.5742784066 63.5985660341
4000 2097152 131541.953 131850.975 137951.659 121.616630939 127.243776544 127.542701149 60.8083154694 63.621888272 63.7713505744
4400 2097152 146971.614 147131.97 147325.662 125.266279815 125.431186709 125.568040642 62.6331399074 62.7155933547 62.7840203211
4800 2097152 157603.527 157702.921 160811.785 125.193929039 127.66192961 127.742440688 62.5969645197 63.830964805 63.8712203439
5280 2097152 172311.037 172590.443 181466.395 122.038712016 128.314898178 128.522963506 61.019356008 64.1574490889 64.2614817529
5760 2097152 188152.893 188639.419 248552.978 97.1993626244 128.070745595 128.401911099 48.5996813122 64.0353727977 64.2009555495
6320 2097152 208147.263 208487.694 252079.276 105.157400087 127.144201039 127.352149137 52.5787000436 63.5721005193 63.6760745684
6880 2097152 223558.428 223909.525 243208.404 118.650552552 128.877105697 129.07950632 59.3252762762 64.4385528485 64.5397531602
7520 1048576 121828.893 122287.867 122631.079 128.601845214 128.962777967 129.448627921 64.3009226071 64.4813889836 64.7243139606
8240 1048576 134647.362 135366.754 141350.26 122.253276931 127.657138621 128.339183355 61.1266384653 63.8285693103 64.1695916776
9040 1048576 147061.539 147451.077 150699.665 125.801567508 128.573181463 128.913747326 62.9007837542 64.2865907314 64.4568736629
9920 1048576 160315.355 160920.994 167246.41 124.389802089 129.279265078 129.767656005 62.1949010445 64.6396325392 64.8838280026
10880 1048576 175606.232 175758.005 181103.428 125.988856268 129.820623305 129.932824707 62.9944281342 64.9103116527 64.9664123537
11920 1048576 193149.222 193355.922 198961.047 125.642944772 129.285162727 129.423518154 62.821472386 64.6425813635 64.7117590771
13040 1048576 211044.243 211437.807 214088.52 127.736237702 129.3376169 129.578811017 63.868118851 64.6688084501 64.7894055087
14320 524288 115727.73 115996.636 115997.485 129.447705871 129.448653321 129.749441383 64.7238529353 64.7243266606 64.8747206914
15680 524288 126030.3 126329.416 127238.368 129.219448021 130.149194072 130.458085714 64.6097240103 65.0745970361 65.2290428572
17200 524288 138670.602 139160.937 142440.634 126.61771219 129.601794791 130.060062767 63.3088560951 64.8008973955 65.0300313833
18880 524288 151504.158 151793.218 154441.212 128.185441073 130.421603421 130.670439289 64.0927205363 65.2108017105 65.3352196446
20720 524288 166702.29 166969.913 177677.303 122.280642227 130.122213815 130.331111348 61.1403211135 65.0611069073 65.1655556741
22720 524288 182120.499 182524.641 197642.803 120.538903306 130.522906877 130.812549113 60.2694516531 65.2614534385 65.4062745567
24960 524288 199918.251 200194.936 206329.781 126.847694178 130.734860147 130.915795977 63.4238470888 65.3674300733 65.4578979885
27440 524288 220193.134 220625.16 225999.977 127.313842337 130.415431495 130.671310759 63.6569211686 65.2077157474 65.3356553797
30160 262144 120843.391 121120.042 124711.512 126.79283433 130.552514835 130.851393271 63.3964171648 65.2762574174 65.4256966357
33120 262144 132371.348 132786.185 136336.961 127.363984298 130.769767653 131.179585479 63.6819921488 65.3848838266 65.5897927397
36400 262144 145783.824 146052.32 146877.44 129.932024959 130.666073637 130.906726661 64.9660124795 65.3330368186 65.4533633306
40000 262144 159934.426 160269.19 165090.98 127.030077597 130.851849941 131.125740246 63.5150387986 65.4259249704 65.5628701228
44000 262144 175678.054 175985.031 182430.551 126.451802472 131.083148771 131.312201352 63.2259012362 65.5415743854 65.6561006761
48400 262144 193479.497 193767.536 198742.401 127.680550664 130.958672045 131.153634331 63.8402753321 65.4793360225 65.5768171653
53200 262144 212619.437 212835.422 216360.07 128.915291994 131.05018581 131.183310395 64.4576459972 65.5250929049 65.5916551975
58480 131072 116836.009 117107.975 118410.999 129.465854097 130.906380372 131.211098797 64.7329270484 65.4531901862 65.6055493987
64320 131072 128332.277 128634.12 130590.36 129.114446733 131.077991438 131.386292476 64.5572233663 65.538995719 65.6931462379
70720 131072 141058.122 141398.197 141983.203 130.570541362 131.11075016 131.426843185 65.2852706809 65.5553750802 65.7134215923
77760 131072 155128.525 155462.098 160147.536 127.284614857 131.120817886 131.402767093 63.6423074283 65.5604089429 65.7013835463
85520 131072 170638.72 171705.316 181377.407 123.60169467 130.564128137 131.380233513 61.8008473349 65.2820640684 65.6901167566
94000 131072 187533.079 189425.602 193073.088 127.628020328 130.085562563 131.398343862 63.8140101639 65.0427812815 65.6991719312
103360 131072 206043.339 206314.355 206377.735 131.28937499 131.329707232 131.502449783 65.644687495 65.6648536162 65.7512248916
113680 131072 226706.224 227027.929 227187.151 131.171722471 131.263717426 131.449985775 65.5858612356 65.6318587129 65.7249928877
125040 65536 124656.801 124698.106 125800.245 130.279896355 131.431369776 131.474919527 65.1399481774 65.7156848878 65.7374597636
137520 65536 137071.914 137399.605 138154.88 130.469668824 131.186850501 131.500472372 65.2348344119 65.5934252504 65.7502361862
151200 65536 150608.951 150884.911 151840.999 130.518677633 131.345714218 131.586378289 65.2593388167 65.672857109 65.7931891445
166320 65536 165758.049 165923.744 166199.64 131.166920939 131.385023713 131.516358762 65.5834604696 65.6925118565 65.7581793811
182880 65536 182140.634 182230.928 182451.612 131.379751032 131.538853602 131.604062386 65.6898755161 65.7694268011 65.8020311931
201120 65536 200443.499 200664.31 200740.504 131.319789055 131.369652331 131.51437074 65.6598945273 65.6848261656 65.7571853702
221200 65536 220343.58 220375.322 222371.99 130.38119774 131.562491376 131.581443852 65.1905988699 65.7812456878 65.7907219262
243280 32768 121157.459 121245.777 122444.896 130.210393416 131.498172345 131.594028231 65.1051967082 65.7490861723 65.7970141153
267600 32768 133257.531 133538.305 133563.343 131.304242662 131.328861782 131.605572071 65.6521213309 65.6644308912 65.8027860354
294320 32768 146570.609 146746.125 147019.62 131.197152598 131.441668528 131.59906786 65.5985762989 65.7208342639 65.7995339298
323680 32768 161166.276 161467.234 161539.685 131.315673173 131.374595046 131.619920783 65.6578365867 65.6872975232 65.8099603915
356000 32768 177416.802 177638.392 177655.38 131.326256486 131.338815542 131.502855068 65.663128243 65.6694077708 65.7514275339
391600 32768 195158.669 195294.381 195527.072 131.254957881 131.411346648 131.502729197 65.6274789406 65.705673324 65.7513645986
430720 32768 214700.948 215129.176 215803.792 130.802455594 131.212634403 131.474342256 65.4012277968 65.6063172017 65.7371711279
473760 16384 118021.6 118282.198 119097.312 130.348598296 131.246865061 131.536665153 65.1742991479 65.6234325304 65.7683325764
521120 16384 129832.972 130064.617 130907.66 130.443552043 131.289051195 131.523294098 65.2217760214 65.6445255976 65.7616470491
573200 16384 142777.99 142920.058 143817.299 130.600544793 131.420444848 131.55121178 65.3002723963 65.7102224238 65.77560589
630480 16384 157019.179 157043.291 162862.989 126.852446752 131.553334806 131.573536249 63.426223376 65.7766674031 65.7867681247
693520 16384 172744.197 173004.867 173163.078 131.236194358 131.356208378 131.554424141 65.6180971789 65.6781041888 65.7772120704
762800 16384 189984.949 190139.416 190270.903 131.367592238 131.458436793 131.565318893 65.6837961188 65.7292183963 65.7826594464
839040 16384 208988.059 209351.64 209804.415 131.044252429 131.327668224 131.556141779 65.5221262146 65.6638341118 65.7780708897
922880 8192 114930.855 114960.241 115243.061 131.205000881 131.527785506 131.561415079 65.6025004404 65.7638927531 65.7807075393
1015120 8192 126372.841 126560.186 126857.041 131.106054098 131.413571722 131.608389496 65.5530270488 65.7067858608 65.8041947478
1116560 8192 139008.955 139316.433 141463.087 129.317968581 131.310561476 131.601011172 64.6589842904 65.6552807378 65.8005055861
1228160 8192 152942.297 153130.107 153897.056 130.750866605 131.405729639 131.567093176 65.3754333026 65.7028648194 65.7835465882
1350960 8192 168197.807 168230.904 168542.798 131.326457746 131.56993224 131.595821817 65.6632288732 65.7849661201 65.7979109086
1486000 8192 184999.55 185114.815 185434.67 131.294886765 131.521747733 131.60369309 65.6474433826 65.7608738663 65.801846545
1634560 8192 203522.81 203851.833 203985.681 131.286818313 131.373020521 131.585403327 65.6434091567 65.6865102606 65.7927016633
1798000 8192 223816.169 223995.232 224274.625 131.349821675 131.513656505 131.618873344 65.6749108376 65.7568282525 65.8094366721
1977760 4096 123108.199 123240.188 123642.31 131.037748486 131.465313247 131.606262228 65.518874243 65.7326566233 65.803131114
2175520 4096 135473.747 135663.913 135874.543 131.164083032 131.367726656 131.552128989 65.582041516 65.6838633278 65.7760644946
2393040 4096 148929.778 149219.378 159936.349 122.572409603 131.375589034 131.631054201 61.2862048014 65.6877945169 65.8155271003
2632320 4096 163864.551 164225.573 164763.419 130.878356196 131.306988589 131.596280638 65.4391780981 65.6534942947 65.798140319
2895520 4096 180247.547 180677.66 185940.678 127.56810449 131.284077069 131.597351724 63.7840522449 65.6420385343 65.7986758621
3185040 4096 198217.751 198547.392 198672.78 131.330762473 131.41370137 131.63224559 65.6653812364 65.7068506848 65.8161227952
3503520 4096 218121.271 218597.29 218727.359 131.217402209 131.295478732 131.58201265 65.6087011045 65.6477393658 65.7910063251
3853840 2048 119912.146 120226.318 120566.258 130.926586774 131.296781791 131.640781744 65.4632933868 65.6483908956 65.8203908718
4239200 2048 131935.37 132250.586 132520.41 131.027086318 131.294414075 131.608098723 65.5135431591 65.6472070377 65.8040493614
4663120 2048 145082.074 145166.27 145546.952 131.23008938 131.574225335 131.650582277 65.6150446902 65.7871126674 65.8252911383
5129360 2048 159591.46 159785.826 159905.656 131.389089577 131.487623689 131.647762105 65.6945447883 65.7438118447 65.8238810523
5642240 2048 175594.975 175856.425 176064.696 131.262061987 131.417518808 131.613191323 65.6310309933 65.7087594042 65.8065956614
6206400 2048 193274.495 193430.949 194232.946 130.881062783 131.423717515 131.530103856 65.4405313916 65.7118587574 65.7650519278
6827040 2048 212523.368 212913.808 217844.075 128.365005291 131.337446372 131.578734626 64.1825026455 65.6687231859 65.7893673132
7509680 1024 116825.306 117000.037 117257.223 131.163132185 131.451451079 131.648057827 65.5815660925 65.7257255397 65.8240289137
8260640 1024 128531.724 128548.185 128593.938 131.559784101 131.606608993 131.623463792 65.7798920506 65.8033044963 65.8117318959
9086640 1024 141359.522 141653.109 141793.658 131.243096359 131.373316487 131.64616332 65.6215481795 65.6866582434 65.8230816598
9995280 1024 155532.264 155803.625 156259.089 131.002513652 131.385476044 131.614707544 65.5012568261 65.692738022 65.8073537719
10994800 1024 171123.83 171496.447 171581.611 131.23405398 131.299223943 131.585124059 65.6170269901 65.6496119713 65.7925620295
12094240 1024 188369.846 188730.187 188870.1 131.143063513 131.240284947 131.491340286 65.5715317565 65.6201424736 65.745670143
13303600 1024 207094.893 207409.595 207718.606 131.166741991 131.36216191 131.561780232 65.5833709957 65.6810809548 65.7808901159
14633920 1024 227986.131 228224.584 228747.999 131.018711818 131.319192853 131.456540924 65.5093559092 65.6595964263 65.7282704622
16097280 512 125440.867 125741.398 131739.522 125.12277614 131.091390602 131.405459116 62.56138807 65.5456953008 65.7027295578
17706960 512 138393.868 138861.812 139253.536 130.208018847 130.575330819 131.016838405 65.1040094235 65.2876654094 65.5084192025
19477600 512 152662.174 152922.18 153352.096 130.060579022 130.426223325 130.64835825 65.030289511 65.2131116624 65.3241791251
21425360 512 169101.122 169278.6 169813.823 129.197778204 129.606274154 129.742300823 64.5988891022 64.803137077 64.8711504114
23567840 512 188823.801 189066.023 189341.769 127.459821927 127.645717496 127.80946063 63.7299109633 63.8228587481 63.9047303152
25924560 512 216692.115 216942.266 217892.068 121.834400323 122.367807479 122.509069792 60.9172001617 61.1839037396 61.2545348962
28516960 512 258939.325 260128.427 261249.132 111.775938991 112.257500561 112.773009816 55.8879694957 56.1287502807 56.3865049081
31368640 256 157988.853 159071.161 159427.212 100.740290685 100.965778957 101.657448453 50.3701453426 50.4828894786 50.8287242265
34505440 256 189475.397 190684.369 194101.747 91.0181672914 92.6493627802 93.2405238871 45.5090836457 46.3246813901 46.6202619436
37955920 256 224966.367 226445.598 227689.381 85.3506252889 85.8194251142 86.3837172603 42.6753126445 42.9097125571 43.1918586301
41751440 256 264371.726 265278.817 266108.666 80.3308573198 80.5821494598 80.8586364489 40.1654286599 40.2910747299 40.4293182244
45926560 256 306423.34 308359.272 318756.663 73.769120616 76.2564996586 76.7382756157 36.884560308 38.1282498293 38.3691378078
50519200 256 351533.388 352708.308 353603.994 73.1491466129 73.3349053972 73.5800105565 36.5745733064 36.6674526986 36.7900052782
55571120 256 401118.238 403041.676 406608.698 69.9749257208 70.5942217251 70.9327344024 34.9874628604 35.2971108626 35.4663672012
61128160 128 229544.681 230586.899 236453.976 66.1812045825 67.8651260235 68.1732588698 33.0906022912 33.9325630117 34.0866294349
67240960 128 258892.167 260345.609 260630.395 66.046347971 66.1185945333 66.4897897819 33.0231739855 33.0592972667 33.2448948909
73965040 128 292613.143 293722.847 293997.614 64.405455481 64.4657044333 64.7101837117 32.2027277405 32.2328522166 32.3550918559
81361520 128 328796.963 329747.909 331035.601 62.9193629237 63.1650680763 63.3477539755 31.4596814619 31.5825340381 31.6738769877
89497600 128 368318.107 369356.158 371526.957 61.6681647679 62.0306040762 62.2054283093 30.834082384 31.0153020381 31.1027141546
98447360 128 411658.706 413955.99 416456.65 60.5165607513 60.8821342578 61.2218903491 30.2582803756 30.4410671289 30.6109451746
108292080 128 459738.922 460962.091 463216.001 59.8484776436 60.1411114304 60.3011212525 29.9242388218 30.0705557152 30.1505606262
119121280 64 260081.746 260794.152 262316.943 58.1263400893 58.4657428975 58.6258900307 29.0631700446 29.2328714487 29.3129450154
131033360 64 289699.774 290656.459 292011.594 57.4370005322 57.7047905204 57.8953509298 28.7185002661 28.8523952602 28.9476754649
144136640 64 318600.845 322682.811 324064.138 56.9316001266 57.175310525 57.9078499305 28.4658000633 28.5876552625 28.9539249653
158550240 64 357355.947 358278.315 359482.862 56.4545152642 56.6443177562 56.7905218603 28.2272576321 28.3221588781 28.3952609301
174405200 64 396428.978 397874.863 399507.025 55.8785307968 56.1077556689 56.3123960126 27.9392653984 28.0538778344 28.1561980063
191845680 64 439514.799 440098.727 441614.301 55.6056427167 55.7971326284 55.8712632564 27.8028213584 27.8985663142 27.9356316282
211030240 64 486348.87 487948.57 489534.654 55.1786691694 55.3580282447 55.5401120188 27.5893345847 27.6790141223 27.7700560094
232133200 64 538921.274 539920.14 540857.012 54.9369776868 55.0323045923 55.1343044587 27.4684888434 27.5161522962 27.5671522294
255346480 32 307547.038 308575.206 309188.245 52.855097127 52.9601030875 53.1371552992 26.4275485635 26.4800515437 26.5685776496
280881120 32 339919.555 341202.92 345879.496 51.9729902694 52.6853395041 52.884252805 25.9864951347 26.3426697521 26.4421264025
308969200 32 376379.073 377188.547 378581.748 52.2318598413 52.4247858459 52.5375352099 26.1159299206 26.2123929229 26.2687676049
339866080 32 416337.654 416711.08 422203.048 51.5188822607 52.1978660131 52.2446838786 25.7594411303 26.0989330065 26.1223419393
373852640 32 457372.436 460096.79 461195.568 51.8794425188 52.0033381672 52.3130977661 25.9397212594 26.0016690836 26.1565488831
411237840 32 505351.542 507618.513 508224.672 51.7865881175 51.8484276794 52.0810160306 25.8932940587 25.9242138397 26.0405080153
452361600 32 557211.1 559617.551 562348.3 51.4825818803 51.7337998929 51.9572248292 25.7412909402 25.8668999465 25.9786124146
497597760 16 326111.766 326850.829 328659.193 48.4487537825 48.7168056716 48.8272119565 24.2243768912 24.3584028358 24.4136059783
547357520 16 359943.43 360533.352 362961.752 48.2569872541 48.582025887 48.6616484151 24.1284936271 24.2910129435 24.3308242076
602093200 16 396413.039 397032.773 398556.289 48.34193546 48.5274357943 48.6033013662 24.17096773 24.2637178972 24.3016506831
662302480 16 435965.718 437584.029 440180.816 48.147667026 48.4333932581 48.6131787087 24.073833513 24.216696629 24.3065893543
728532720 16 479860.988 481553.402 485686.218 48.0002235517 48.4121739005 48.5829180179 24.0001117759 24.2060869502 24.291459009
801385920 16 528992.006 529812.079 532334.993 48.1733302849 48.4027270356 48.4777636507 24.0866651425 24.2013635178 24.2388818254
881524480 16 582922.261 583765.013 620265.345 45.4785739481 48.3221548599 48.3920159639 22.739286974 24.16107743 24.1960079819
969676880 8 357013.784 357604.335 359470.51 43.1602305291 43.385464217 43.4572298755 21.5801152645 21.6927321085 21.7286149377
1066644560 8 393623.383 395029.153 396024.486 43.0940852481 43.2026670194 43.3569592079 21.547042624 21.6013335097 21.6784796039
1173308960 8 434221.11 436233.53 437612.159 42.898587194 43.0341596163 43.2336036357 21.449293597 21.5170798081 21.6168018179
1290639840 8 478177.389 480251.752 481021.416 42.9299751594 42.9987758587 43.1853071999 21.4649875797 21.4993879294 21.5926535999
1419703760 8 528088.769 530358.555 531159.165 42.7654489592 42.8300061267 43.0140943975 21.3827244796 21.4150030634 21.5070471987
1561674080 8 582361.283 584795.129 587078.763 42.5612147037 42.7274169036 42.9059863858 21.2806073518 21.3637084518 21.4529931929
1717841440 8 642958.809 644557.8 646459.651 42.5169041834 42.642355798 42.7484041828 21.2584520917 21.321177899 21.3742020914
1889625520 4 425322.849 427030.615 427251.099 35.3820135171 35.4002819212 35.5424219403 17.6910067585 17.7001409606 17.7712109701
2078588000 4 467818.971 469834.637 472458.661 35.1961036439 35.3926736994 35.5451681757 17.5980518219 17.6963368497 17.7725840879
2286446800 4 515848.838 516661.356 517887.223 35.3196093428 35.4034111272 35.4591753486 17.6598046714 17.7017055636 17.7295876743
2515091440 4 567000.918 570871.989 571935.481 35.1800722082 35.2456100627 35.4862415232 17.5900361041 17.6228050313 17.7431207616
2766600560 4 624701.036 626789.335 629404.32 35.1646847292 35.31139291 35.4294345688 17.5823423646 17.655696455 17.7147172844
3043260560 4 688808.619 690364.748 692365.744 35.1636179158 35.2655383267 35.3452088264 17.5818089579 17.6327691634 17.6726044132
3347586560 4 757948.16 759569.351 763329.277 35.0840630471 35.2577318249 35.333145317 17.5420315236 17.6288659125 17.6665726585
3682345200 4 832045.639 835395.127 836558.897 35.2142111041 35.2632672228 35.4052232464 17.6071055521 17.6316336114 17.7026116232
4050579680 2 611387.453 613393.36 617021.765 26.258909554 26.4142388499 26.5009015813 13.129454777 13.207119425 13.2504507907
4455637600 2 672173.864 674069.49 676066.079 26.3621426272 26.4402271048 26.5147923097 13.1810713136 13.2201135524 13.2573961549
4901201360 2 739273.105 740117.989 741757.76 26.4301993147 26.4887568352 26.5190297164 13.2150996573 13.2443784176 13.2595148582
5391321440 2 811454.214 814149.941 816292.45 26.4185779986 26.4881008694 26.5760968246 13.2092889993 13.2440504347 13.2880484123
5930453520 2 892044.95 894469.88 897540.428 26.4298000847 26.520528651 26.5926219077 13.2149000424 13.2602643255 13.2963109538
6523498800 2 979039.598 982469.676 982891.302 26.5482003421 26.559593479 26.6526453611 13.274100171 13.2797967395 13.3263226806
7175848640 2 1075608.681 1078802.576 1083420.554 26.4933081194 26.6067167418 26.6857222957 13.2466540597 13.3033583709 13.3428611478
7893433440 1 591395.144 594292.972 594393.396 26.5596269848 26.5641150473 26.6942788424 13.2798134924 13.2820575236 13.3471394212
8682776720 1 650571.438 652234.302 653052.676 26.5913517825 26.6247165884 26.6927695034 13.2956758912 13.3123582942 13.3463847517
9551054320 1 714229.211 717540.627 718002.587 26.6045122759 26.6216405333 26.7450677539 13.302256138 13.3108202666 13.3725338769
10506159680 1 785919.699 788088.091 789747.869 26.6063641129 26.6623992926 26.735962194 13.3031820564 13.3311996463 13.367981097
11556775600 1 866241.002 866671.269 870112.391 26.563868575 26.6693405294 26.6825873477 13.2819342875 13.3346702647 13.3412936738
12712453120 1 948878.322 951133.27 952551.355 26.6913758576 26.7311711638 26.7946960643 13.3456879288 13.3655855819 13.3973480322
13983698400 1 1046493.117 1047252.055 1048288.725 26.6790972115 26.7055067273 26.7248741016 13.3395486058 13.3527533637 13.3624370508

META_DATA
HOSTNAME  ('qiang-gpu6', [], ['127.0.1.1'])
TIMESTAMP_DATA  1614744644.78
FLOPS          8
MPI_PROCS      1
TIMESTAMP_DATA  1614744756.49
OPENMP_THREADS 10
CONFIG  {'ERT_WORKING_SET_MIN': ['1'], 'ERT_CFLAGS': ['-O3'], 'ERT_CC': ['gcc'], 'ERT_MPI_CFLAGS': [], 'ERT_MPI_LDFLAGS': [], 'ERT_MEMORY_MAX': ['15000000000'], 'ERT_PROCS_THREADS': ['8,10'], 'ERT_LDFLAGS': [], 'ERT_LDLIBS': [], 'ERT_SPEC_GBYTES_DRAM': ['1.0'], 'ERT_RUN': ['export', 'KMP_AFFINITY=scatter;', 'export', 'OMP_NUM_THREADS=ERT_OPENMP_THREADS;', 'ERT_CODE'], 'ERT_FLOPS': ['1,2,4,8,16'], 'ERT_OPENMP_CFLAGS': ['-fopenmp'], 'ERT_SPEC_GFLOPS': ['1.0'], 'ERT_MPI': ['False'], 'ERT_TRIALS_MIN': ['1'], 'ERT_DRIVER': ['driver1'], 'ERT_RESULTS': ['Results.x86'], 'ERT_OPENMP': ['True'], 'ERT_MPI_PROCS': ['1'], 'ERT_KERNEL': ['kernel1'], 'ERT_OPENMP_THREADS': ['8,10'], 'ERT_LD': ['gcc'], 'ERT_NUM_EXPERIMENTS': ['6'], 'ERT_OPENMP_LDFLAGS': ['-fopenmp'], 'ERT_ALIGN': ['32'], 'ERT_GNUPLOT': ['gnuplot']}
TIMESTAMP_DATA  1614744308.49
UNAME  ('Linux', 'qiang-gpu6', '5.4.0-65-generic', '#73-Ubuntu SMP Mon Jan 18 17:25:17 UTC 2021', 'x86_64', 'x86_64')
TIMESTAMP_DATA  1614744532.93
TIMESTAMP_DATA  1614744868.26
ERT_VERSION  1.0.0
TIMESTAMP_DATA  1614744420.72
