128 67108864 2655845.316 2656144.7 2660118.965 6.45830859824 6.46797186313 6.4687009746 3.22915429912 3.23398593156 3.2343504873
256 33554432 1638020.16 1642151.547 1643122.398 10.4556235159 10.4618049506 10.4881915397 5.22781175794 5.23090247529 5.24409576986
384 33554432 1687995.47 1690624.922 1690741.627 15.2417160402 15.2427681863 15.2665124012 7.62085802008 7.62138409314 7.63325620062
512 16777216 848503.399 852052.314 852190.068 20.1596683992 20.1629276768 20.2472602988 10.0798341996 10.0814638384 10.1236301494
640 16777216 1003789.392 1004271.586 1004828.723 21.3716387564 21.3834950419 21.3937671101 10.6858193782 10.691747521 10.696883555
768 16777216 1265444.014 1266425.01 1269059.844 20.3062163678 20.3484640405 20.3642385526 10.1531081839 10.1742320203 10.1821192763
896 8388608 702410.295 706441.121 707260.006 21.2543978289 21.2790352786 21.4011463713 10.6271989145 10.6395176393 10.7005731856
1024 8388608 823937.015 824674.35 826118.078 20.7959002974 20.8323069391 20.8509496129 10.3979501487 10.4161534695 10.4254748065
1152 8388608 891719.319 895435.782 895476.411 21.5833187726 21.584298082 21.6742560357 10.7916593863 10.792149041 10.8371280179
1280 8388608 1026822.505 1030717.435 1031866.916 20.811633891 20.8348435282 20.9138739903 10.4058169455 10.4174217641 10.4569369952
1408 8388608 1086925.208 1087571.781 1091247.13 21.6470856863 21.7202400252 21.7331606206 10.8235428431 10.8601200126 10.8665803103
1536 8388608 1217612.064 1221048.173 1221745.122 21.092618511 21.1046577406 21.1642152192 10.5463092555 10.5523288703 10.5821076096
1664 8388608 1289048.076 1292164.147 1292425.138 21.6006998032 21.6050627073 21.6572895486 10.8003499016 10.8025313536 10.8286447743
1792 4194304 707826.076 708620.098 710632.431 21.1535315308 21.21360314 21.2374000418 10.5767657654 10.60680157 10.6187000209
1920 4194304 743448.77 744657.38 746859.473 21.5651376762 21.6289098753 21.6640715674 10.7825688381 10.8144549377 10.8320357837
2048 4194304 809953.897 813566.579 814368.001 21.0959531353 21.116734177 21.2109223101 10.5479765677 10.5583670885 10.605461155
2176 4194304 842510.596 846403.798 847939.053 21.5270318585 21.5660788044 21.6657346444 10.7635159293 10.7830394022 10.8328673222
2304 4194304 910370.493 914289.468 914462.924 21.1351956703 21.1392053703 21.2302057026 10.5675978352 10.5696026852 10.6151028513
2432 4194304 941743.085 941942.097 942763.875 21.6396652407 21.6585443213 21.6631212705 10.8198326203 10.8292721607 10.8315606352
2560 4194304 1007042.751 1010964.766 1011703.958 21.2264035444 21.2419237566 21.3246522639 10.6132017722 10.6209618783 10.662326132
2816 4194304 1102178.695 1106072.516 1107160.609 21.3359470487 21.356936174 21.4323868127 10.6679735243 10.678468087 10.7161934064
3072 4194304 1203996.904 1206572.589 1217944.278 21.1584423372 21.3578561381 21.403546546 10.5792211686 10.678928069 10.701773273
3328 4194304 1302150.281 1303048.429 1303279.386 21.4208002704 21.4245969702 21.4393744189 10.7104001352 10.7122984851 10.7196872094
3584 2097152 698884.968 702517.938 723539.983 20.7761642607 21.3978671901 21.5090983843 10.3880821304 10.6989335951 10.7545491921
3840 2097152 750275.225 751307.204 751741.958 21.4250743737 21.4374722806 21.4669588217 10.7125371869 10.7187361403 10.7334794108
4224 2097152 815216.346 818848.546 826472.951 21.436563743 21.6361623679 21.7325623841 10.7182818715 10.818081184 10.8662811921
4608 2097152 900408.165 904072.486 905119.839 21.3533633882 21.3781009059 21.4651016986 10.6766816941 10.689050453 10.7325508493
4992 2097152 968413.079 969385.094 972635.137 21.5270503517 21.5992237735 21.6209033335 10.7635251758 10.7996118867 10.8104516668
5376 2097152 1049388.485 1050044.158 1054371.444 21.3858014007 21.4739333886 21.4873506107 10.6929007004 10.7369666943 10.7436753053
5888 2097152 1149117.641 1151988.237 1153385.555 21.4118009758 21.4377726775 21.4913261017 10.7059004879 10.7188863388 10.7456630509
6400 2097152 1238377.13 1240390.881 1240654.171 21.6366060966 21.6411987634 21.6763899702 10.8183030483 10.8205993817 10.8381949851
7040 2097152 1350387.542 1354033.259 1355220.539 21.7882619915 21.8073669637 21.8662415356 10.8941309958 10.9036834818 10.9331207678
7680 1048576 745541.766 748689.587 748740.585 21.5109581111 21.512423359 21.6032529558 10.7554790555 10.7562116795 10.8016264779
8448 1048576 834518.169 834873.909 835849.211 21.1960959738 21.2208573115 21.2299033791 10.5980479869 10.6104286558 10.6149516896
9216 1048576 901358.641 902477.097 904859.727 21.3595016501 21.4158928756 21.4424669081 10.6797508251 10.7079464378 10.7212334541
10112 1048576 991254.783 995134.824 996029.262 21.2909417756 21.3100783055 21.3934917518 10.6454708878 10.6550391528 10.6967458759
11008 1048576 1083374.529 1085351.074 1085830.858 21.2606310144 21.2700293656 21.308835124 10.6303155072 10.6350146828 10.654417562
12032 1048576 1179295.265 1179866.91 1182549.594 21.3377375393 21.3862535258 21.3966201789 10.6688687697 10.6931267629 10.6983100895
13184 1048576 1284361.921 1287146.992 1288300.691 21.4614896671 21.4807260863 21.5273059065 10.7307448335 10.7403630432 10.7636529532
14464 524288 705689.366 706706.6 709313.069 21.3821004107 21.4609616834 21.4918971359 10.6910502054 10.7304808417 10.745948568
15872 524288 776610.92 777122.579 780725.819 21.3173406937 21.4161815931 21.4302913382 10.6586703469 10.7080907966 10.7151456691
17408 524288 844662.065 847225.588 848602.526 21.5102011233 21.545160187 21.6105490756 10.7551005616 10.7725800935 10.8052745378
19072 524288 924113.525 927364.166 928064.86 21.548538614 21.5648201701 21.6406760977 10.774269307 10.7824100851 10.8203380488
20864 524288 1015722.836 1018513.681 1018633.592 21.4772905938 21.4798191444 21.5388380458 10.7386452969 10.7399095722 10.7694190229
22912 524288 1107316.603 1110492.648 1110808.416 21.628368102 21.634518117 21.696571014 10.814184051 10.8172590585 10.848285507
25088 524288 1221557.464 1223533.449 1224072.192 21.4911137267 21.5005766369 21.5353558578 10.7455568634 10.7502883184 10.7676779289
27520 524288 1328075.06 1332127.567 1332279.221 21.6597324834 21.6621983021 21.72829864 10.8298662417 10.831099151 10.86414932
30208 262144 732652.759 734067.983 734496.178 21.562660744 21.5752386302 21.6169143014 10.781330372 10.7876193151 10.8084571507
33152 262144 799551.31 799750.576 800298.734 21.7183846951 21.7332707191 21.7386871344 10.8591923475 10.8666353596 10.8693435672
36352 262144 878256.145 882315.235 882395.151 21.5990731073 21.6010294507 21.7008642462 10.7995365537 10.8005147253 10.8504321231
39936 262144 967368.06 971258.229 972256.204 21.5354404342 21.5575682582 21.6442597536 10.7677202171 10.7787841291 10.8221298768
43904 262144 1059263.352 1059809.403 1061660.945 21.6814421406 21.7193207447 21.7305170698 10.8407210703 10.8596603723 10.8652585349
48256 262144 1156241.781 1161698.388 1189574.405 21.2681456676 21.7784943057 21.8812727093 10.6340728338 10.8892471529 10.9406363547
52992 262144 1281395.786 1283674.771 1284579.242 21.6281477916 21.6433868793 21.6818800245 10.8140738958 10.8216934397 10.8409400123
58240 131072 697257.626 697825.696 697967.92 21.8738800488 21.8783381688 21.8961628969 10.9369400244 10.9391690844 10.9480814484
64000 131072 772009.482 775444.098 775506.327 21.6338866827 21.6356227912 21.7318781585 10.8169433413 10.8178113956 10.8659390792
70400 131072 851901.762 854483.292 855375.415 21.5752490385 21.5977746701 21.6632227132 10.7876245192 10.7988873351 10.8316113566
77440 131072 933207.414 936772.848 937505.229 21.6536726751 21.6706017935 21.7533969999 10.8268363376 10.8353008968 10.8766985
85120 131072 1018869.354 1021592.618 1022317.488 21.8265827807 21.8420698103 21.9004499374 10.9132913904 10.9210349051 10.9502249687
93568 131072 1128580.81 1129045.147 1130755.364 21.6919508613 21.7248086644 21.7337469986 10.8459754306 10.8624043322 10.8668734993
102912 131072 1241345.136 1243165.999 1243396.789 21.6968256366 21.7008535865 21.7326854117 10.8484128183 10.8504267932 10.8663427058
113152 131072 1358035.714 1363101.406 1363447.341 21.7552354213 21.7607565787 21.8419277065 10.8776177106 10.8803782893 10.9209638532
124416 65536 749541.708 752922.858 753463.437 21.6433248797 21.6588642232 21.7565664164 10.8216624399 10.8294321116 10.8782832082
136832 65536 822592.867 823013.64 823231.373 21.7859091529 21.7916727407 21.802819625 10.8929545765 10.8958363703 10.9014098125
150400 65536 896161.027 900277.543 901000.383 21.879267947 21.8968349853 21.9974181046 10.9396339735 10.9484174926 10.9987090523
165376 65536 998786.213 1001776.808 1003770.073 21.5947492908 21.6377170033 21.7025052908 10.7973746454 10.8188585017 10.8512526454
181888 65536 1091101.199 1091924.258 1094655.178 21.7789349698 21.8334044338 21.8498741985 10.8894674849 10.9167022169 10.9249370993
200064 65536 1202970.118 1204244.326 1206058.38 21.7425532983 21.7753059258 21.7983707289 10.8712766491 10.8876529629 10.8991853645
220032 65536 1320194.21 1321925.119 1324269.034 21.7780779914 21.8166928591 21.8452967643 10.8890389957 10.9083464296 10.9226483822
241920 32768 730605.044 731135.523 734168.436 21.5951385848 21.6847200297 21.7004649095 10.7975692924 10.8423600148 10.8502324547
266112 32768 794195.465 795324.187 797736.801 21.8617418805 21.9280594216 21.9592238946 10.9308709402 10.9640297108 10.9796119473
292608 32768 884573.715 887668.131 888756.178 21.5766240086 21.6030712586 21.6786431281 10.7883120043 10.8015356293 10.8393215641
321792 32768 963284.643 964530.073 968169.165 21.7823096153 21.8644924636 21.8927610497 10.8911548076 10.9322462318 10.9463805248
353920 32768 1053856.954 1057052.528 1069343.63 21.6904093963 21.9426192224 22.0091550679 10.8452046981 10.9713096112 11.004577534
389248 32768 1170857.231 1171997.383 1172234.527 21.7616495167 21.766052807 21.7872480543 10.8808247584 10.8830264035 10.8936240272
428160 32768 1275199.717 1279005.087 1291285.566 21.730200119 21.9388445325 22.0043130389 10.8651000595 10.9694222663 11.0021565195
470912 16384 705440.266 709077.638 712935.837 21.6440857861 21.7618545404 21.8740624256 10.822042893 10.8809272702 10.9370312128
517888 16384 774775.997 778190.954 782807.957 21.6785660292 21.807184852 21.9033037287 10.8392830146 10.903592426 10.9516518644
569600 16384 868333.139 869392.144 905561.575 20.6111360235 21.4686237146 21.4948064996 10.3055680118 10.7343118573 10.7474032498
626560 16384 955223.395 956346.523 960397.294 21.3777342026 21.4682832909 21.4935251664 10.6888671013 10.7341416454 10.7467625832
689152 16384 1049041.337 1049568.219 1050753.823 21.4913638587 21.5156407437 21.5264469945 10.7456819293 10.7578203718 10.7632234973
758016 16384 1153839.083 1154298.704 1155776.476 21.4908927494 21.5184061127 21.5269777684 10.7454463747 10.7592030563 10.7634888842
833792 16384 1262356.584 1265935.632 1268801.194 21.5334730021 21.5822160032 21.6434061519 10.766736501 10.7911080016 10.8217030759
917120 8192 694018.871 694424.271 697616.989 21.5391745283 21.6382040598 21.6508436699 10.7695872642 10.8191020299 10.825421835
1008768 8192 763052.512 763401.904 764193.432 21.6275804265 21.6500048342 21.6599180949 10.8137902133 10.8250024171 10.8299590474
1109632 8192 839287.885 842622.199 844810.4 21.5198708349 21.5757556703 21.6614716034 10.7599354175 10.7878778352 10.8307358017
1220480 8192 922687.194 923354.442 926821.038 21.575194671 21.6561955089 21.6718563453 10.7875973355 10.8280977545 10.8359281726
1342464 8192 1015702.317 1020124.198 1031171.917 21.3300321832 21.5610317049 21.6548981014 10.6650160916 10.7805158524 10.8274490507
1476608 8192 1115774.554 1120257.534 1120684.354 21.5874749974 21.5956998616 21.6824674709 10.7937374987 10.7978499308 10.8412337355
1624192 8192 1227555.442 1228731.921 1233200.533 21.5786167909 21.6570931976 21.6778491769 10.7893083955 10.8285465988 10.8389245885
1786496 8192 1349752.262 1351899.026 1354122.506 21.6154375504 21.6509886471 21.6854242723 10.8077187752 10.8254943236 10.8427121362
1965056 4096 742430.846 746504.589 747939.383 21.5227852923 21.5641524368 21.6824756659 10.7613926462 10.7820762184 10.8412378329
2161536 4096 816424.152 817514.553 821200.089 21.5627143119 21.6599237861 21.6888523798 10.7813571559 10.829961893 10.8444261899
2377600 4096 898081.825 900747.779 902455.763 21.5825528503 21.623477353 21.6876665999 10.7912764251 10.8117386765 10.8438332999
2615296 4096 988547.822 991673.572 992490.205 21.5866158921 21.6043922485 21.6727045017 10.793307946 10.8021961243 10.8363522508
2876800 4096 1086204.081 1087019.65 1088055.142 21.6595140175 21.6801468124 21.6964252043 10.8297570088 10.8400734062 10.8482126021
3164416 4096 1195075.053 1196364.878 1199331.528 21.6144537743 21.6680515691 21.6914375435 10.8072268871 10.8340257846 10.8457187718
3480832 4096 1314825.814 1320959.333 1321383.382 21.5796385307 21.5865659386 21.687264914 10.7898192653 10.7932829693 10.843632457
3828864 2048 722890.162 726999.936 727065.283 21.5703146756 21.5722535414 21.694896083 10.7851573378 10.7861267707 10.8474480415
4211712 2048 795241.288 795473.078 797319.372 21.636464581 21.6866828421 21.6930038874 10.8182322905 10.843341421 10.8465019437
4632832 2048 874036.899 879944.691 880416.209 21.5535330654 21.5650825172 21.7108452672 10.7767665327 10.7825412586 10.8554226336
5096064 2048 962357.476 962491.933 966493.516 21.5971217587 21.6869123037 21.6899423183 10.7985608793 10.8434561519 10.8449711591
5605632 2048 1059755.025 1065721.945 1087848.909 21.1064868311 21.5447085234 21.6660153812 10.5532434155 10.7723542617 10.8330076906
6166144 2048 1169663.609 1170482.839 1174489.189 21.5042642032 21.5778693907 21.5929824863 10.7521321016 10.7889346954 10.7964912432
6782720 2048 1284815.159 1288805.546 1289474.995 21.5452189672 21.5564102794 21.623360314 10.7726094836 10.7782051397 10.811680157
7460992 1024 707237.699 707780.883 709671.454 21.5312473538 21.5887600005 21.6053409449 10.7656236769 10.7943800002 10.8026704725
8206976 1024 780192.293 784065.933 785980.963 21.3845978964 21.4368283847 21.5432618328 10.6922989482 10.7184141923 10.7716309164
9027584 1024 857351.609 858441.107 860993.919 21.4734292821 21.5372864617 21.5646554318 10.7367146411 10.7686432309 10.7823277159
9930240 1024 943444.213 947376.944 948084.107 21.4507672577 21.4667790353 21.5562629351 10.7253836289 10.7333895177 10.7781314675
10923264 1024 1038183.146 1042063.744 1062206.546 21.0607294375 21.4678274729 21.5480715115 10.5303647187 10.7339137365 10.7740357557
12015488 1024 1141637.09 1143005.408 1143921.92 21.5117124637 21.5289615008 21.5547652048 10.7558562319 10.7644807504 10.7773826024
13217024 1024 1257754.6 1262138.847 1264959.581 21.3986798935 21.4465034622 21.5212611045 10.6993399467 10.7232517311 10.7606305523
14538624 1024 1386955.332 1390219.011 1393072.173 21.3736965888 21.417562065 21.4679602616 10.6868482944 10.7087810325 10.7339801308
15992448 512 762784.484 767844.01 767850.221 21.3274233752 21.3275958902 21.4690611772 10.6637116876 10.6637979451 10.7345305886
17591680 512 840753.075 841798.832 842451.209 21.3826986389 21.3992697961 21.4258869288 10.6913493194 10.699634898 10.7129434644
19350784 512 928608.727 932521.34 933787.615 21.2202459078 21.249060977 21.3385920677 10.6101229539 10.6245304885 10.6692960339
21285760 512 1026710.219 1030054.983 1030695.962 21.1474761167 21.1606356939 21.2295717298 10.5737380584 10.580317847 10.6147858649
23414272 512 1138460.161 1139959.525 1166928.863 20.5464234267 21.0325138763 21.0602139182 10.2732117133 10.5162569382 10.5301069591
25755648 512 1255706.176 1263307.774 1267893.23 20.801265381 20.8767681912 21.0031487111 10.4006326905 10.4383840956 10.5015743556
28331136 512 1382141.507 1385098.451 1385697.309 20.9360897763 20.9451416562 20.9899515477 10.4680448881 10.4725708281 10.4949757739
31164160 256 764042.96 765803.107 770673.193 20.7040416936 20.8357079962 20.8837077957 10.3520208468 10.4178539981 10.4418538978
34280576 256 839540.328 840861.301 841363.386 20.8609682856 20.8734245364 20.9062677832 10.4304841428 10.4367122682 10.4531338916
37708544 256 924200.929 926391.057 927654.435 20.8124639947 20.8408472665 20.8902349286 10.4062319974 10.4204236333 10.4451174643
41479296 256 1016449.869 1017958.384 1018193.511 20.8579207416 20.862738483 20.8937009091 10.4289603708 10.4313692415 10.4468504546
45627136 256 1117747.4 1118073.275 1118280.874 20.890184367 20.8940631659 20.9001547505 10.4450921835 10.447031583 10.4500773753
50189824 256 1229824.432 1231522.687 1233811.062 20.8274918903 20.8661928515 20.8950068151 10.4137459452 10.4330964258 10.4475034075
55208704 256 1354313.798 1355482.936 1356739.126 20.8344079612 20.8537161902 20.8717185705 10.4172039806 10.4268580951 10.4358592852
60729472 128 749545.421 751178.322 751841.087 20.6782325425 20.6964769572 20.7415646823 10.3391162713 10.3482384786 10.3707823412
66802304 128 824486.022 824807.855 826490.516 20.6915741838 20.7337863241 20.7418796289 10.3457870919 10.366893162 10.3709398144
73482496 128 907087.659 909268.476 909878.881 20.6747506386 20.6886298959 20.7383694281 10.3373753193 10.344314948 10.369184714
80830720 128 996981.395 997135.339 998248.74 20.7289661292 20.7521120862 20.7553164219 10.3644830646 10.3760560431 10.377658211
88913792 128 1097677.415 1098777.202 1099510.128 20.7018836592 20.7156925995 20.7364481048 10.3509418296 10.3578462998 10.3682240524
97805056 128 1206485.742 1208374.64 1211413.038 20.668503269 20.7204731936 20.7529135773 10.3342516345 10.3602365968 10.3764567887
107585536 128 1328925.66 1330168.627 1331580.001 20.6836218592 20.7055681941 20.7249344677 10.3418109296 10.352784097 10.3624672339
118344064 64 741223.877 743006.215 744750.729 20.33974537 20.3875013239 20.4365248639 10.169872685 10.193750662 10.2182624319
130178432 64 815987.417 817822.621 821776.517 20.2766067797 20.3746373213 20.4204610866 10.1383033898 10.1873186606 10.2102305433
143196160 64 897137.118 900329.389 900361.245 20.3575049257 20.3582252273 20.4306656276 10.1787524629 10.1791126136 10.2153328138
157515776 64 986408.41 986508.675 986682.922 20.4341423962 20.4377516782 20.4398291049 10.2170711981 10.2188758391 10.2199145524
173267328 64 1085084.121 1085591.68 1086404.999 20.4143187894 20.4296130788 20.4391692356 10.2071593947 10.2148065394 10.2195846178
190594048 64 1193557.13 1195069.232 1215571.059 20.0696108741 20.4139120067 20.4397741263 10.0348054371 10.2069560034 10.2198870631
209653376 64 1314385.099 1315957.91 1320424.251 20.3234923228 20.3924699446 20.4168718501 10.1617461614 10.1962349723 10.2084359251
230618624 64 1446192.871 1449408.281 1453617.891 20.3073889327 20.3663689928 20.4116507998 10.1536944663 10.1831844964 10.2058253999
253680384 32 818191.79 819197.544 821605.943 19.7607438387 19.8188394178 19.8432015261 9.88037191936 9.9094197089 9.92160076307
279048320 32 899858.652 901555.498 901987.053 19.7997215377 19.8091992336 19.8465530562 9.89986076884 9.90459961678 9.9232765281
306953088 32 990588.319 993259.358 993438.907 19.7747415504 19.7783161807 19.8316467651 9.88737077518 9.88915809037 9.91582338253
337648384 32 1089345.741 1091078.235 1091643.854 19.7953723614 19.8056343558 19.83713321 9.89768618072 9.90281717791 9.91856660502
371413120 32 1197717.971 1199477.8 1200196.34 19.8054592301 19.817323572 19.8464415293 9.90272961506 9.90866178599 9.92322076463
408554368 32 1317461.315 1319239.959 1319665.951 19.8137108351 19.8201088237 19.8468670422 9.90685541753 9.91005441187 9.92343352108
449409792 32 1449780.269 1451082.086 1452351.561 19.8039011079 19.821226494 19.839024784 9.90195055397 9.910613247 9.91951239198
494350720 16 843764.614 845359.841 846146.32 18.6956116999 18.7130051284 18.7483840606 9.34780584994 9.35650256421 9.37419203029
543785728 16 928548.961 931347.977 933021.082 18.6503216612 18.6838257297 18.740146214 9.32516083061 9.34191286486 9.370073107
598164224 16 1021650.908 1023277.792 1023377.881 18.7039953896 18.7058248675 18.735612153 9.35199769478 9.35291243377 9.36780607648
657980544 16 1123845.682 1125836.817 1130557.863 18.6238830378 18.7019797986 18.7351143891 9.31194151891 9.35098989928 9.36755719457
723778560 16 1235519.963 1237287.675 1237920.742 18.7095289175 18.7191017804 18.7458840113 9.35476445874 9.35955089022 9.37294200563
796156416 16 1358943.15 1359632.154 1361092.702 18.7180529839 18.7381603451 18.7476608657 9.35902649194 9.36908017255 9.37383043286
875772032 16 1494718.599 1496709.861 1497131.81 18.7189296472 18.7242068448 18.7491512066 9.35946482361 9.36210342239 9.37457560331
963349120 8 913484.646 914798.811 914986.167 16.8457037668 16.8491538628 16.8733935348 8.4228518834 8.42457693138 8.43669676742
1059683968 8 1004952.918 1005196.396 1006200.75 16.8504580105 16.8672943471 16.8713809217 8.42522900525 8.43364717356 8.43569046087
1165652352 8 1105566.298 1107109.119 1108796.132 16.8204389371 16.8460699238 16.8695786637 8.41021946855 8.42303496192 8.43478933183
1282217472 8 1217067.329 1218549.872 1219541.188 16.8222932967 16.8359785868 16.8564869528 8.41114664837 8.41798929342 8.42824347641
1410439168 8 1337313.387 1339558.31 1349746.403 16.719456809 16.8466176646 16.874897767 8.35972840448 8.4233088323 8.43744888348
1551483008 8 1470661.538 1474601.977 1482420.764 16.7453996401 16.8341888287 16.8792937645 8.37269982006 8.41709441435 8.43964688223
1706631296 8 1618350.283 1619480.479 1619611.563 16.8596602789 16.8610249337 16.87280005 8.42983013946 8.43051246683 8.43640002502
1877294336 4 1067795.664 1068086.227 1068992.712 14.0490711671 14.0609946167 14.0648208214 7.02453558355 7.03049730834 7.03241041069
2065023744 4 1174124.204 1175053.918 1176175.288 14.0456869997 14.0590909906 14.0702234872 7.02284349984 7.02954549529 7.0351117436
2271526016 4 1291333.013 1292861.521 1293252.322 14.0515565438 14.055803992 14.0724413804 7.02577827191 7.02790199601 7.03622069019
2498678528 4 1421456.69 1422432.91 1422698.638 14.0503601326 14.052984913 14.0626361426 7.02518006628 7.02649245651 7.03131807132
2748546304 4 1563101.43 1563872.072 1567194.313 14.0304046854 14.060210439 14.0671424195 7.01520234268 7.0301052195 7.03357120977
3023400832 4 1719744.415 1723748.965 1729271.738 13.9869322585 14.0317454265 14.0644193666 6.99346612927 7.01587271323 7.03220968332
3325740800 4 1891382.141 1893122.182 1893357.684 14.0522451858 14.0539932673 14.066922714 7.0261225929 7.02699663365 7.03346135698
3658314880 4 2081003.347 2081776.197 2098779.72 13.9445406114 14.0584367725 14.0636578419 6.97227030572 7.02921838625 7.03182892094
4024146304 2 1525079.099 1525393.854 1525571.256 10.5511854348 10.5524125286 10.554590399 5.27559271738 5.2762062643 5.27729519949
4426560896 2 1677953.673 1678536.296 1680081.103 10.538921932 10.5486212161 10.552283933 5.26946096602 5.27431060806 5.27614196652
4869216896 2 1845814.117 1846185.211 1847011.993 10.5450682821 10.5497907079 10.5519117037 5.27253414104 5.27489535393 5.27595585184
5356138496 2 2029984.016 2031715.151 2032864.083 10.5390980947 10.5450579396 10.5540505813 5.26954904737 5.27252896979 5.27702529063
5891752320 2 2232966.938 2234278.534 2234729.198 10.5458009414 10.5479280767 10.5541236993 5.27290047069 5.27396403836 5.27706184963
6480927488 2 2456771.057 2458015.719 2460580.424 10.5356076555 10.5466005574 10.5519437304 5.26780382774 5.27330027868 5.27597186521
7129020160 2 2701729.974 2703314.512 2706816.723 10.5349137227 10.5485619647 10.5547485924 5.26745686136 5.27428098237 5.27737429618
7841922176 1 1485728.636 1487703.557 1492400.038 10.5091422894 10.5423182449 10.5563317365 5.25457114468 5.27115912246 5.27816586824
8626114304 1 1634494.936 1635366.226 1636812.278 10.5401388051 10.5494587902 10.5550823242 5.27006940255 5.27472939508 5.27754116211
9488725632 1 1798110.539 1800257.997 1801445.568 10.5345682385 10.5415175467 10.5541071321 5.26728411924 5.27075877336 5.27705356606
10437598080 1 1978518.697 1979782.031 1981292.831 10.5361488385 10.5441891244 10.5509218546 5.26807441923 5.27209456221 5.27546092732
11481357824 1 2176016.849 2177301.663 2177587.658 10.5450247037 10.5464098238 10.552636878 5.27251235183 5.27320491189 5.27631843902
12629493504 1 2394367.597 2395028.368 2395940.509 10.5424099276 10.54642498 10.5493354653 5.2712049638 5.27321248998 5.27466773265
13892442752 1 2630985.628 2633712.72 2634202.544 10.547740745 10.5497024383 10.5606375072 5.27387037251 5.27485121916 5.28031875361

META_DATA
TIMESTAMP_DATA  1614760062.5
FLOPS          8
CONFIG  {'ERT_WORKING_SET_MIN': ['1'], 'ERT_CFLAGS': ['-O3'], 'ERT_CC': ['gcc'], 'ERT_MPI_CFLAGS': [], 'ERT_MPI_LDFLAGS': [], 'ERT_MEMORY_MAX': ['15000000000'], 'ERT_PROCS_THREADS': ['8,10,16'], 'ERT_LDFLAGS': [], 'ERT_LDLIBS': [], 'ERT_SPEC_GBYTES_DRAM': ['0'], 'ERT_RUN': ['export', 'KMP_AFFINITY=scatter;', 'export', 'OMP_NUM_THREADS=ERT_OPENMP_THREADS;', 'ERT_CODE'], 'ERT_FLOPS': ['1,2,4,8,16'], 'ERT_OPENMP_CFLAGS': ['-fopenmp'], 'ERT_SPEC_GFLOPS': ['0'], 'ERT_MPI': ['False'], 'ERT_TRIALS_MIN': ['1'], 'ERT_DRIVER': ['driver1'], 'ERT_RESULTS': ['Results.arm'], 'ERT_OPENMP': ['True'], 'ERT_MPI_PROCS': ['1'], 'ERT_KERNEL': ['kernel1'], 'ERT_OPENMP_THREADS': ['8,10,16'], 'ERT_LD': ['gcc'], 'ERT_NUM_EXPERIMENTS': ['4'], 'ERT_OPENMP_LDFLAGS': ['-fopenmp'], 'ERT_ALIGN': ['32'], 'ERT_GNUPLOT': ['gnuplot']}
MPI_PROCS      1
TIMESTAMP_DATA  1614760473.33
UNAME  ('Linux', 'localhost.localdomain', '5.4.44-mlnx.14.gd7fb187', '#1 SMP PREEMPT Tue Sep 15 16:18:01 UTC 2020', 'aarch64', 'aarch64')
HOSTNAME  localhost.localdomain
TIMESTAMP_DATA  1614760884.21
OPENMP_THREADS 16
TIMESTAMP_DATA  1614761295.07
ERT_VERSION  1.0.0
