8 1073741824 23608228.963 23880749.793 24868053.169 0.690840938261 0.719402419644 0.727706818285 0.172710234565 0.179850604911 0.181926704571
16 536870912 12142623.509 12165238.43 12380564.388 1.38764830468 1.41220982086 1.41483997847 0.34691207617 0.353052455216 0.353709994617
24 536870912 12317356.272 12391793.986 12436886.22 2.0720462759 2.07958620076 2.0921538037 0.518011568976 0.519896550191 0.523038450925
32 268435456 6225710.486 6233718.417 6242498.377 2.75208228284 2.75595848814 2.75950338883 0.68802057071 0.688989622035 0.689875847208
40 268435456 6392278.042 6401281.594 6402816.248 3.35396732441 3.35477141017 3.35949662059 0.838491831103 0.838692852543 0.839874155149
48 268435456 6897831.751 6897948.422 6898108.706 3.73577814939 3.7358649557 3.7359281447 0.933944537348 0.933966238926 0.933982036176
56 134217728 4062834.827 4062934.313 4063001.667 3.69982263559 3.69988397004 3.69997456852 0.924955658897 0.92497099251 0.92499364213
64 134217728 4672866.843 4675539.811 4677152.875 3.67314681456 3.67441405238 3.67651588655 0.918286703639 0.918603513095 0.919128971636
72 134217728 5060021.469 5064005.295 5065412.119 3.81555387359 3.81661386711 3.81961874083 0.953888468398 0.954153466777 0.954904685208
80 134217728 5554091.046 5554986.197 5555321.773 3.86563323557 3.86586675798 3.86648981843 0.966408308893 0.966466689494 0.966622454608
88 134217728 5960022.126 5960564.864 5962206.335 3.9620098334 3.96310092533 3.96346181752 0.990502458349 0.990775231332 0.990865454381
96 134217728 6486503.501 6486640.906 6488409.529 3.97166727236 3.97275017215 3.97283432777 0.99291681809 0.993187543038 0.993208581944
104 134217728 6931923.516 6932084.723 6934211.862 4.02602169931 4.02725710079 4.02735075763 1.00650542483 1.0068142752 1.00683768941
112 67108864 3730631.547 3736394.369 3738795.944 4.0206488295 4.02323310963 4.02944792232 1.00516220738 1.00580827741 1.00736198058
120 67108864 4015801.478 4016574.518 4018802.806 4.0076928721 4.00991623281 4.0106881399 1.00192321803 1.0024790582 1.00267203497
128 67108864 4239396.4 4240297.308 4242200.144 4.04975451436 4.05157184417 4.05243283784 1.01243862859 1.01289296104 1.01310820946
136 67108864 4505517.224 4507313.513 4508648.705 4.04857690238 4.0497762038 4.05139079499 1.01214422559 1.01244405095 1.01284769875
144 67108864 4773693.806 4773837.078 4773891.696 4.04855285012 4.04859917006 4.04872067993 1.01213821253 1.01214979252 1.01218016998
152 67108864 4963276.621 4963432.899 4963496.768 4.1102262396 4.11027912961 4.1104085494 1.0275565599 1.0275697824 1.02760213735
160 67108864 5277425.839 5282097.147 5284584.169 4.06367573933 4.06558907994 4.06918773189 1.01591893483 1.01639726998 1.01729693297
176 67108864 5677390.122 5677488.358 5679288.668 4.15938007538 4.16069899901 4.16077099167 1.03984501884 1.04017474975 1.04019274792
192 67108864 6223646.704 6223838.551 6224063.843 4.14035016768 4.14050004107 4.14062767404 1.03508754192 1.03512501027 1.03515691851
208 67108864 6728049.324 6730416.793 6732219.33 4.14681787024 4.14792846901 4.14938804393 1.03670446756 1.03698211725 1.03734701098
224 33554432 3607267.318 3608203.839 3609616.048 4.16453864791 4.16616859988 4.16725022318 1.04113466198 1.04154214997 1.04181255579
240 33554432 3833337.29 3834381.232 3835835.489 4.19885769507 4.20045018622 4.20159410496 1.04971442377 1.05011254656 1.05039852624
264 33554432 4218876.107 4218971.83 4219006.536 4.19926822697 4.19930277088 4.19939804978 1.04981705674 1.04982569272 1.04984951245
288 33554432 4595581.274 4595905.022 4596080.78 4.20518127447 4.20534209029 4.20563834685 1.05129531862 1.05133552257 1.05140958671
312 33554432 4962081.136 4962189.748 4962256.258 4.21944463957 4.21950119429 4.21959355241 1.05486115989 1.05487529857 1.0548983881
336 33554432 5333952.42 5338578.066 5341265.35 4.22157987414 4.22370489393 4.22736772444 1.05539496853 1.05592622348 1.05684193111
368 33554432 5814975.34 5817298.504 5819669.037 4.24355092961 4.24528016484 4.24697621366 1.0608877324 1.06132004121 1.06174405342
400 33554432 6301749.194 6302243.516 6302575.261 4.25913923886 4.2593634365 4.25969754962 1.06478480972 1.06484085913 1.0649243874
440 33554432 6940444.952 6941536.803 6946844.954 4.25054832165 4.25379869012 4.25446788559 1.06263708041 1.06344967253 1.0636169714
480 16777216 3767472.128 3768185.388 3769172.965 4.27311972933 4.27423964099 4.27504884251 1.06827993233 1.06855991025 1.06876221063
528 16777216 4147057.145 4357358.638 4364432.601 4.0593455589 4.06593571195 4.27212345443 1.01483638973 1.01648392799 1.06803086361
576 16777216 4751853.218 4751983.498 4752036.41 4.06717271596 4.06721800278 4.06732951237 1.01679317899 1.0168045007 1.01683237809
632 16777216 5190056.816 5190785.678 5191039.95 4.08519318446 4.08539329872 4.08596702807 1.02129829612 1.02134832468 1.02149175702
688 16777216 5595507.065 5599791.041 5602945.556 4.12023443477 4.12255547519 4.12571174477 1.03005860869 1.0306388688 1.03142793619
752 16777216 6102823.258 6105053.678 6112322.425 4.12820710517 4.13312219595 4.13463274246 1.03205177629 1.03328054899 1.03365818562
824 16777216 6642426.918 6648019.734 6649111.86 4.15827745873 4.15896057387 4.16246235138 1.03956936468 1.03974014347 1.04061558785
904 8388608 3636640.099 3639842.306 3645586.397 4.16026438887 4.16682976595 4.17049882615 1.04006609722 1.04170744149 1.04262470654
992 8388608 3982687.435 3982824.915 3982856.206 4.17865908564 4.17869191521 4.17883616117 1.04466477141 1.0446729788 1.04470904029
1088 8388608 4340094.238 4340228.727 4341967.712 4.20399510516 4.20567950589 4.2058098297 1.05099877629 1.05141987647 1.05145245742
1192 8388608 4747231.553 4748313.888 4749117.932 4.21098017744 4.21169323337 4.21265346944 1.05274504436 1.05292330834 1.05316336736
1304 8388608 5188146.744 5188254.348 5188311.69 4.21668761847 4.21673422245 4.21682167901 1.05417190462 1.05418355561 1.05420541975
1432 8388608 5682859.727 5683054.384 5684299.554 4.22654947787 4.22747552437 4.22762032958 1.05663736947 1.05686888109 1.05690508239
1568 8388608 6177137.682 6179087.959 6181767.811 4.25552616861 4.25737177761 4.25871593645 1.06388154215 1.0643429444 1.06467898411
1720 8388608 6775113.321 6776054.269 6777163.337 4.25794836056 4.25864527857 4.25923673196 1.06448709014 1.06466131964 1.06480918299
1888 4194304 3711810.75 3711915.762 3712035.491 4.26657879279 4.26671641262 4.26683712363 1.0666446982 1.06667910316 1.06670928091
2072 4194304 4073766.809 4073933.517 4075605.272 4.26469066948 4.26644070245 4.26661529511 1.06617266737 1.06661017561 1.06665382378
2272 4194304 4420703.179 4420897.283 4421224.349 4.31077816268 4.31109708187 4.31128637329 1.07769454067 1.07777427047 1.07782159332
2496 4194304 4851871.575 4852066.504 4853824.667 4.31370455351 4.31526763921 4.31544100959 1.07842613838 1.0788169098 1.0788602524
2744 4194304 5310728.143 5311656.834 5314146.391 4.33152168916 4.33355185988 4.33430967133 1.08288042229 1.08338796497 1.08357741783
3016 4194304 5834536.097 5839020.676 5848215.153 4.32611336384 4.33292552499 4.33625592633 1.08152834096 1.08323138125 1.08406398158
3312 4194304 6411023.085 6412183.977 6412778.736 4.33245412633 4.332855981 4.3336405637 1.08311353158 1.08321399525 1.08341014093
3640 2097152 3507305.112 3509549.238 3510773.175 4.34869067267 4.35020725588 4.35299070724 1.08717266817 1.08755181397 1.08824767681
4000 2097152 3890339.644 3890438.688 3890862.94 4.31195245341 4.31242267145 4.31253246124 1.07798811335 1.07810566786 1.07813311531
4400 2097152 4264200.077 4264517.448 4266217.551 4.32583134343 4.32755588998 4.32787797635 1.08145783586 1.08188897249 1.08196949409
4840 2097152 4641500.997 4642009.552 4643383.823 4.371904657 4.37319896321 4.37367812118 1.09297616425 1.0932997408 1.09341953029
5320 2097152 5096429.177 5099156.426 5100153.316 4.3751032366 4.37595857351 4.37830027752 1.09377580915 1.09398964338 1.09457506938
5848 2097152 5616244.233 5621446.583 5623760.91 4.36154562481 4.36334125564 4.36738303649 1.0903864062 1.09083531391 1.09184575912
6432 2097152 6216641.237 6217219.532 6218568.15 4.33825965677 4.33920069722 4.33960434574 1.08456491419 1.0848001743 1.08490108644
7072 2097152 6855860.82 6856362.46 6856760.076 4.32596701055 4.32621788318 4.32653443043 1.08149175264 1.08155447079 1.08163360761
7776 1048576 3764503.726 3764879.728 3764892.288 4.33145298844 4.33146743858 4.33190006942 1.08286324711 1.08286685964 1.08297501736
8552 1048576 4078781.176 4082488.86 4085901.561 4.38944591206 4.39311520963 4.39710862881 1.09736147801 1.09827880241 1.0992771572
9400 1048576 4486168.194 4489110.131 4492937.597 4.3876035165 4.39134443681 4.39422419034 1.09690087912 1.0978361092 1.09855604758
10336 1048576 4974249.692 4974593.342 4976628.482 4.35559197364 4.35737387597 4.35767490861 1.08889799341 1.08934346899 1.08941872715
11368 1048576 5462862.927 5470461.039 5480455.178 4.35008099906 4.35802828428 4.364089719 1.08752024976 1.08950707107 1.09102242975
12504 1048576 5973651.874 5975732.697 5977859.905 4.38665158179 4.38821311756 4.38974167914 1.09666289545 1.09705327939 1.09743541979
13752 1048576 6547648.384 6551747.853 6553158.584 4.40093642391 4.40188403936 4.40464004977 1.10023410598 1.10047100984 1.10116001244
15120 524288 3631085.37 3631414.403 3633268.31 4.36369344823 4.36592119779 4.36631681838 1.09092336206 1.09148029945 1.09157920459
16632 524288 3953832.655 3956901.093 4039275.108 4.31758559784 4.40746827432 4.41088876383 1.07939639946 1.10186706858 1.10272219096
18288 524288 4420905.291 4421437.443 4589021.112 4.17874693099 4.33713201537 4.33765408344 1.04468673275 1.08428300384 1.08441352086
20112 524288 4853890.466 4854401.184 5047095.835 4.1784347279 4.34429700238 4.34475410183 1.04460868197 1.08607425059 1.08618852546
22120 524288 5310573.094 5318736.566 5521493.209 4.20076603231 4.36090429225 4.36760792281 1.05019150808 1.09022607306 1.0919019807
24328 524288 5834424.994 5856922.87 6042755.316 4.22154391399 4.35548794038 4.37228295063 1.0553859785 1.08887198509 1.09307073766
26760 524288 6376498.933 6633304.947 6676416.786 4.20283733916 4.23015283998 4.40051728305 1.05070933479 1.05753820999 1.10012932076
29432 262144 3502031.912 3637942.626 3662686.443 4.21298537457 4.24164040019 4.40625465551 1.05324634364 1.06041010005 1.10156366388
32368 262144 3909635.656 3993691.003 4027782.872 4.21327428099 4.24924060756 4.34059730296 1.05331857025 1.06231015189 1.08514932574
35600 262144 4372889.678 4400285.293 4445149.899 4.19888040316 4.24169151707 4.26826519176 1.04972010079 1.06042287927 1.06706629794
39160 262144 4796592.961 4865707.936 4883211.815 4.20442914578 4.219554143 4.28035446137 1.05110728644 1.05488853575 1.07008861534
43072 262144 5274049.679 5354424.283 5393207.887 4.18714301565 4.21747167248 4.28174441093 1.04678575391 1.05436791812 1.07043610273
47376 262144 5818806.484 5852625.225 5887610.456 4.21880293773 4.24402167115 4.26868780673 1.05470073443 1.06100541779 1.06717195168
52112 262144 6394470.576 6421525.731 6460710.085 4.22889990366 4.2547047852 4.27270654095 1.05722497591 1.0636761963 1.06817663524
57320 131072 3511212.633 3530526.316 3546606.558 4.23675246585 4.25604930684 4.27946001868 1.05918811646 1.06401232671 1.06986500467
63048 131072 3860577.481 3865037.946 3887457.244 4.25153355384 4.27619473416 4.28113539835 1.06288338846 1.06904868354 1.07028384959
69352 131072 4243143.661 4243213.311 4259967.542 4.26768760765 4.28453847486 4.28460880434 1.06692190191 1.07113461871 1.07115220108
76280 131072 4668291.836 4668410.579 4695589.972 4.25853714639 4.28333026447 4.28343921556 1.0646342866 1.07083256612 1.07085980389
83904 131072 5129767.068 5129839.187 5161839.659 4.26106419979 4.28764516278 4.28770544246 1.06526604995 1.0719112907 1.07192636061
92288 131072 5645864.141 5646010.342 5679764.699 4.25946262814 4.28492758719 4.28503854641 1.06486565703 1.0712318968 1.0712596366
101512 131072 6201861.921 6202318.802 6231873.783 4.2701060154 4.29045371215 4.29076978284 1.06752650385 1.07261342804 1.07269244571
111656 131072 6818787.614 6818993.721 6853372.218 4.2708829366 4.29241493123 4.29254467523 1.06772073415 1.07310373281 1.07313616881
122816 65536 3748465.711 3748612.392 3763344.813 4.27750832089 4.2943193557 4.29448739647 1.06937708022 1.07357983893 1.07362184912
135096 65536 4120100.676 4120161.929 4135986.694 4.28127656641 4.29772014235 4.29778403599 1.0703191416 1.07443003559 1.074446009
148600 65536 4531953.543 4532056.646 4532373.781 4.29737266632 4.29767337908 4.29777115215 1.07434316658 1.07441834477 1.07444278804
163456 65536 4982423.735 4982768.579 4983151.305 4.29938878446 4.29971902012 4.3000166127 1.07484719612 1.07492975503 1.07500415317
179800 65536 5478673.421 5478912.912 5480725.863 4.29993146694 4.30135429756 4.30154232404 1.07498286674 1.07533857439 1.07538558101
197776 65536 6025213.738 6028255.206 6028404.959 4.3001251655 4.30023198855 4.30240270291 1.07503129137 1.07505799714 1.07560067573
217552 65536 6625379.974 6629366.322 6629428.765 4.30127191268 4.30131242701 4.30390043377 1.07531797817 1.07532810675 1.07597510844
239304 32768 3643215.644 3645196.012 3645220.993 4.30235285436 4.30238233894 4.30472101475 1.07558821359 1.07559558473 1.07618025369
263232 32768 4005620.671 4008153.215 4008195.262 4.30397503723 4.30402018751 4.30674139389 1.07599375931 1.07600504688 1.07668534847
289552 32768 4404454.962 4408305.872 4408354.08 4.30457252926 4.30461960286 4.30838322465 1.07614313231 1.07615490071 1.07709580616
318504 32768 4843534.569 4847707.589 4849611.041 4.30415511008 4.30584513624 4.30955490183 1.07603877752 1.07646128406 1.07738872546
350352 32768 5326757.282 5332383.691 5333980.807 4.30460279157 4.30589207426 4.31044019024 1.07615069789 1.07647301857 1.07761004756
385384 32768 5858617.09 5864614.008 5867304.393 4.30462170228 4.30659644259 4.31100470231 1.07615542557 1.07664911065 1.07775117558
423920 32768 6442597.181 6450884.885 6462263.301 4.2991162424 4.30669925371 4.31223935619 1.0747790606 1.07667481343 1.07805983905
466312 16384 3542656.023 3548461.594 3552848.306 4.3008060857 4.30612286796 4.31317957961 1.07520152142 1.07653071699 1.0782948949
512936 16384 3896697.948 3907629.432 3912813.354 4.29560148347 4.30130009523 4.31336661766 1.07390037087 1.07532502381 1.07834165441
564224 16384 4290022.875 4301646.061 4320224.334 4.27952129395 4.29800401284 4.30964882256 1.06988032349 1.07450100321 1.07741220564
620640 16384 4716790.755 4737818.058 4796936.81 4.23960796765 4.29251002699 4.31164590001 1.05990199191 1.07312750675 1.077911475
682704 16384 5199268.314 5240147.271 5417073.154 4.12969218543 4.269125182 4.30269094052 1.03242304636 1.0672812955 1.07567273513
750968 16384 5746189.718 5938991.936 6223246.795 3.95416094438 4.14341687768 4.28244117087 0.988540236094 1.03585421942 1.07061029272
826064 16384 6359517.35 6742376.523 6849591.515 3.95183641137 4.01467717794 4.25637098891 0.987959102843 1.00366929449 1.06409274723
908664 16384 7104951.908 7491549.877 7509784.655 3.96484098012 3.97449158597 4.19075348258 0.991210245029 0.993622896492 1.04768837064
999528 8192 4000441.736 4175101.364 4195935.691 3.90288792727 3.92236387198 4.09361461376 0.975721981817 0.980590967995 1.02340365344
1099480 8192 4513435.731 4640176.777 4674527.373 3.8536260209 3.8821538889 3.99116801338 0.963406505225 0.970538472224 0.997792003344
1209424 8192 4993407.342 5061449.389 5100752.044 3.88476104015 3.91492659377 3.96827285636 0.971190260038 0.978731648442 0.99206821409
1330360 8192 5508033.876 5553027.407 5586857.057 3.90140968663 3.92517750093 3.95724113735 0.975352421658 0.981294375232 0.989310284336
1463392 8192 6047436.122 6070161.903 6104510.028 3.92762308818 3.9498476171 3.96469082836 0.981905772045 0.987461904276 0.991172707091
1609728 8192 6670432.822 6675243.821 6697750.721 3.93770754551 3.95098430248 3.95383391989 0.984426886377 0.98774607562 0.988458479974
1770696 8192 7335601.573 7342903.158 7344921.411 3.94981534051 3.95090097741 3.95483355732 0.987453835127 0.987725244354 0.988708389329
1947760 4096 4035152.678 4038658.795 4039895.168 3.9496197937 3.95082890878 3.95426175743 0.987404948425 0.987707227196 0.988565439357
2142536 4096 4438324.381 4441664.923 4443972.849 3.94954143699 3.95159365154 3.95456785158 0.987385359248 0.987898412885 0.988641962896
2356784 4096 4884868.822 4885902.696 4887943.13 3.94987707805 3.95152661223 3.95236294597 0.987469269513 0.987881653057 0.988090736493
2592456 4096 5370324.526 5374656.967 5376271.069 3.95020996513 3.95139628118 3.95458401986 0.987552491282 0.987849070294 0.988646004966
2851696 4096 5908362.887 5912504.45 5913884.036 3.95021165275 3.95113336989 3.95390298104 0.987552913187 0.987783342472 0.988475745261
3136864 4096 6499630.548 6503963.18 6504571.419 3.95063536591 3.95100482226 3.95363854887 0.987658841478 0.987751205566 0.988409637218
3450544 4096 7148816.335 7154351.64 7156189.991 3.94998686222 3.95100183362 3.95406108136 0.987496715555 0.987750458405 0.98851527034
3795592 2048 3932186.357 3936013.549 3936681.359 3.94920071355 3.94987076098 3.95371516518 0.987300178389 0.987467690244 0.988428791296
4175144 2048 4325393.027 4329228.789 4330630.525 3.94893762589 3.95021622961 3.95371928453 0.987234406472 0.987554057402 0.988429821131
4592656 2048 4759419.255 4762981.284 4763420.077 3.94916229766 3.94952611701 3.95248200844 0.987290574415 0.987381529253 0.988120502109
5051920 2048 5232388.755 5239315.323 5239832.325 3.94910810815 3.94949779586 3.95472608954 0.987277027037 0.987374448965 0.988681522384
5557112 2048 5751995.826 5757872.645 5763705.219 3.94918370859 3.95318412813 3.9572230997 0.987295927148 0.988296032032 0.989305774924
6112816 2048 6317168.384 6325609.047 6338050.035 3.95044125523 3.95821084578 3.96349959571 0.987610313808 0.989552711445 0.990874898927
6724096 2048 6916406.13 6924752.016 6942358.684 3.96722475309 3.97731170046 3.98211104124 0.991806188273 0.994327925114 0.995527760311
7396504 1024 3768747.036 3778312.188 3781197.707 4.00614867717 4.00920819622 4.01938364324 1.00153716929 1.00230204905 1.00484591081
8136152 1024 4126084.78 4131167.889 4134055.114 4.03062824189 4.0334452009 4.03841418305 1.00765706047 1.00836130023 1.00960354576
8949760 1024 4536482.137 4537592.048 4539502.296 4.03769120156 4.03939099992 4.04037929093 1.00942280039 1.00984774998 1.01009482273
9844736 1024 4989551.041 4992215.963 4993121.926 4.03795854113 4.03869133015 4.04084839745 1.00948963528 1.00967283254 1.01021209936
10829208 1024 5489490.846 5491417.344 5491770.318 4.03844602009 4.03870560088 4.04012295606 1.00961150502 1.00967640022 1.01003073901
11912128 1024 6039048.389 6040745.501 6041589.986 4.03801618457 4.03858069173 4.03971562613 1.00950404614 1.00964517293 1.00992890653
13103336 1024 6642234.21 6644480.729 6646819.479 4.03736436844 4.03878545555 4.04015144296 1.00934109211 1.00969636389 1.01003786074
14413664 1024 7304824.349 7308109.345 7309370.938 4.03853958465 4.03923675447 4.04105320836 1.00963489616 1.00980918862 1.01026330209
15855024 512 4023745.277 4024701.825 4025651.061 4.03302331225 4.03397451089 4.03493349065 1.00825582806 1.00849362772 1.00873337266
17440520 512 4425868.012 4427279.546 4428444.663 4.03281373915 4.03387504549 4.03516156189 1.00820343479 1.00846876137 1.00879039047
19184568 512 4868490.175 4869755.188 4870483.883 4.03347965088 4.03408320821 4.03513141156 1.00836991272 1.00852080205 1.00878285289
21103024 512 5355714.405 5357544.645 5358274.841 4.03292052335 4.03347018231 4.03484856396 1.00823013084 1.00836754558 1.00871214099
23213320 512 5891790.826 5893013.352 5894981.302 4.0323180791 4.0336646568 4.03450162811 1.00807951977 1.0084161642 1.00862540703
25534648 512 6481166.803 6482509.68 6483975.254 4.03263099067 4.03354269299 4.03437843011 1.00815774767 1.00838567325 1.00859460753
28088112 512 7128587.8 7130166.255 7130632.063 4.03361531403 4.03387882685 4.03477203269 1.00840382851 1.00846970671 1.00869300817
30896920 256 3930998.937 3931843.69 3932440.596 4.02274939794 4.02336010463 4.02422470561 1.00568734949 1.00584002616 1.0060561764
33986608 256 4324338.976 4325688.851 4326202.942 4.02226699239 4.02274502291 4.02400075308 1.0055667481 1.00568625573 1.00600018827
37385264 256 4757163.731 4758559.158 4763172.645 4.01859361283 4.0224896933 4.0236696171 1.00464840321 1.00562242332 1.00591740428
41123784 256 5232061.052 5234273.698 5242371.482 4.01638408882 4.02259771323 4.02429887548 1.00409602221 1.00564942831 1.00607471887
45236160 256 5755486.596 5757664.746 5765904.05 4.0168746686 4.02262287607 4.02414522798 1.00421866715 1.00565571902 1.006036307
49759776 256 6331431.723 6333639.194 6341901.635 4.01725015276 4.02249078794 4.02389324036 1.00431253819 1.00562269698 1.00597331009
54735752 256 6963229.132 6966280.143 6976022.283 4.0172900669 4.02290813012 4.02467080901 1.00432251673 1.00572703253 1.00616770225
60209320 128 3850499.301 3851571.444 3856885.326 3.9963816959 4.00189536767 4.00300966578 0.999095423974 1.00047384192 1.00075241645
66230248 128 4235332.047 4236850.124 4242622.542 3.99633559671 4.00178033015 4.00321469482 0.999083899178 1.00044508254 1.00080367371
72853272 128 4659079.304 4661189.744 4667167.278 3.99609367333 4.00121828467 4.00303073098 0.999023418333 1.00030457117 1.00075768275
80138592 128 5124404.92 5126235.711 5133528.787 3.99636982731 4.00205544743 4.00348525776 0.999092456828 1.00051386186 1.00087131444
88152448 128 5637422.113 5639343.088 5647322.492 3.99605772824 4.0017119611 4.00307556107 0.999014432059 1.00042799028 1.00076889027
96967688 128 6202717.151 6203302.811 6212179.674 3.99597716594 4.00169536847 4.00207320819 0.998994291484 1.00042384212 1.00051830205
106664456 128 6821754.033 6824480.056 6833160.107 3.99611604418 4.00119870114 4.00279760952 0.999029011044 1.00029967528 1.00069940238
117330896 64 3791103.279 3793354.257 3797990.493 3.95428970022 3.95912263145 3.9614733714 0.988572425055 0.989780657863 0.990368342851
129063984 64 4172494.126 4173369.438 4177588.646 3.95447980926 3.95847772344 3.95930813876 0.988619952315 0.98961943086 0.98982703469
141970376 64 4587221.058 4589510.989 4594978.809 3.95479693887 3.95950857761 3.96148515588 0.988699234717 0.989877144404 0.99037128897
156167408 64 5046167.228 5049461.841 5055288.467 3.95416173666 3.9587244846 3.9613091126 0.988540434165 0.989681121149 0.990327278151
171784144 64 5553059.814 5554495.327 5560336.397 3.95450362389 3.95866215336 3.95968550106 0.988625905973 0.98966553834 0.989921375264
188962552 64 6107909.951 6109053.032 6115704.025 3.95493414284 3.959239923 3.95998088545 0.988733535711 0.989809980749 0.989995221362
207858800 64 6718612.823 6719278.872 6727607.867 3.954737988 3.95964014991 3.96003268843 0.988684497 0.989910037477 0.990008172108
228644680 64 7390070.055 7392348.191 7400743.498 3.95453768232 3.95902875295 3.96024920227 0.988634420579 0.989757188238 0.990062300566
251509144 32 4148756.722 4152693.785 4154876.531 3.8741428526 3.87617918618 3.87985758014 0.968535713149 0.969044796545 0.969964395034
276660056 32 4563362.468 4567609.926 4570424.533 3.87409166395 3.87647891805 3.88008704287 0.968522915987 0.969119729512 0.970021760717
304326056 32 5021750.612 5024287.404 5027450.76 3.87410409645 3.87654328224 3.87850156028 0.968526024112 0.969135820559 0.969625390071
334758656 32 5521434.296 5526774.42 5530195.978 3.87410393216 3.87650234221 3.88025154977 0.968525983041 0.969125585553 0.970062887442
368234520 32 6073579.53 6079528.103 6085898.732 3.87239589711 3.87645371166 3.88025038012 0.968098974277 0.969113427914 0.970062595031
405057968 32 6681073.482 6686696.081 6694274.901 3.87251947901 3.87690866131 3.88017135597 0.968129869754 0.969227165328 0.970042838993
445563760 32 7349169.737 7355917.43 7363596.511 3.8725751197 3.87661782658 3.88017717109 0.968143779925 0.969154456645 0.970044292773
490120136 16 4207535.105 4213885.612 4215077.711 3.72089091289 3.72194354477 3.72756113986 0.930222728223 0.930485886194 0.931890284965
539132144 16 4628518.817 4635278.633 4636815.619 3.72070619701 3.72193992507 3.72737570919 0.930176549252 0.930484981268 0.931843927297
593045352 16 5091018.426 5098392.328 5100225.687 3.72090421653 3.72224223698 3.72763358449 0.930226054132 0.930560559246 0.931908396122
652349880 16 5600471.189 5608333.079 5610128.011 3.72098392747 3.72217481843 3.72739997324 0.930245981868 0.930543704607 0.93184999331
717584864 16 6161630.664 6169283.98 6172518.081 3.72015364664 3.72210384908 3.72672704681 0.930038411661 0.930525962269 0.931681761703
789343344 16 6778120.914 6786723.752 6789442.86 3.72033280622 3.72182336146 3.72654712545 0.930083201554 0.930455840366 0.931636781362
868277672 16 7455073.441 7464369.393 7467666.702 3.72069169833 3.72233527591 3.72697676608 0.930172924582 0.930583818978 0.931744191519
955105432 8 4421844.792 4432384.152 4433084.93 3.44719019674 3.44773521156 3.45595280496 0.861797549184 0.861933802889 0.863988201239
1050615968 8 4863952.531 4875830.365 4876856.26 3.44686301827 3.44758825259 3.45600730699 0.861715754567 0.861897063148 0.864001826748
1155677560 8 5350231.797 5363007.126 5364099.816 3.44714706927 3.44784941089 3.45608221505 0.861786767318 0.861962352724 0.864020553762
1271245312 8 5888311.366 5899259.687 5901126.946 3.44678655079 3.44787754247 3.45428828874 0.861696637698 0.861969385617 0.863572072184
1398369840 8 6475521.197 6489819.283 6490786.482 3.44702718261 3.44754090435 3.45515314665 0.861756795654 0.861885226088 0.863788286662
1538206824 8 7124024.321 7139091.19 7139125.816 3.44738415015 3.44740087064 3.45469190938 0.861846037537 0.861850217661 0.863672977346
1692027504 8 7836713.722 7852867.879 7853786.382 3.44705582088 3.44745900239 3.45456539876 0.861763955219 0.861864750596 0.86364134969
1861230248 8 8619431.347 8638880.869 8640339.852 3.44658711093 3.44716919004 3.45494763739 0.861646777734 0.861792297509 0.863736909349
2047353272 4 5434495.257 5453276.476 5453372.289 3.00343077788 3.00348354757 3.01386336751 0.750857694469 0.750870886892 0.753465841878
2252088592 4 5974662.365 5998485.22 5998556.257 3.00350750482 3.00354307383 3.01551914323 0.750876876206 0.750885768457 0.753879785808
2477297448 4 6572482.683 6597469.208 6598111.223 3.00364436339 3.00393665498 3.01535668329 0.750911090848 0.750984163745 0.753839170823
2725027192 4 7229616.398 7257517.707 7257712.035 3.00373140059 3.0038118288 3.01540446074 0.750932850149 0.7509529572 0.753851115186
2997529904 4 7953606.558 7984108.814 7985620.019 3.00292765934 3.00349604328 3.01501451664 0.750731914834 0.750874010821 0.75375362916
3297282888 4 8748526.562 8781109.232 8782760.53 3.00341367773 3.00397847323 3.01516637311 0.750853419432 0.750994618307 0.753791593277
3627011176 4 9624709.349 9659707.968 9660636.262 3.00353813363 3.00382677242 3.01474967772 0.750884533406 0.750956693104 0.753687419429
3989712288 2 6639113.316 6681225.406 6681767.866 2.38841717822 2.38861109785 2.40376212792 0.597104294554 0.597152774462 0.600940531981
4388683512 2 7303203.655 7348411.383 7349659.152 2.38850995467 2.38891552651 2.40370320715 0.597127488668 0.597228881626 0.600925801788
4827551856 2 8034610.565 8084193.728 8086701.263 2.3878967203 2.38863739214 2.40337814357 0.596974180076 0.597159348035 0.600844535892
5310307040 2 8837329.7 8891989.597 8894479.219 2.38813624013 2.388804882 2.40357991396 0.597034060033 0.5972012205 0.600894978491
5841337744 2 9721695.642 9781167.276 9782860.29 2.38839667371 2.38881007928 2.40342341876 0.597099168427 0.597202519819 0.600855854689
6425471512 2 10692293.33 10759610.355 10761326.079 2.38835677493 2.38873762153 2.40377674412 0.597089193732 0.597184405383 0.600944186031
7068018656 2 11762948.522 11835092.522 11836102.725 2.38863038627 2.38883427159 2.40348536518 0.597157596569 0.597208567898 0.600871341295
7774820520 1 6468919.528 6509343.7 6509757.845 2.38866658488 2.38881855939 2.40374624737 0.59716664622 0.597204639847 0.600936561844
8552302568 1 7115703.754 7159728.814 7160483.643 2.38874997679 2.38900181562 2.40378263729 0.597187494197 0.597250453905 0.600945659324
9407532824 1 7827365.849 7876371.154 7876826.598 2.38866063813 2.38879876026 2.40375447002 0.597165159532 0.597199690064 0.600938617505
10348286104 1 8611606.598 8663726.921 8665041.338 2.38851396095 2.38887633425 2.40333461271 0.597128490237 0.597219083563 0.600833653177
11383114712 1 9472219.469 9530695.384 9532325.984 2.38831838758 2.3887270033 2.40347359967 0.597079596895 0.597181750825 0.600868399917
12521426176 1 10421317.242 10484367.712 10485655.856 2.38829623019 2.38858966415 2.40304097558 0.597074057549 0.597147416037 0.600760243894
13773568792 1 11463663.456 11534065.495 11535073.329 2.38811984964 2.38832852093 2.40299601342 0.597029962409 0.597082130233 0.600749003356

META_DATA
TIMESTAMP_DATA  1618349158.0
TIMESTAMP_DATA  1618361149.92
UNAME  ('Linux', 'linux', '5.4.44-mlnx.14.gd7fb187', '#1 SMP PREEMPT Tue Sep 15 16:18:01 UTC 2020', 'aarch64', 'aarch64')
MPI_PROCS      1
OPENMP_THREADS 1
TIMESTAMP_DATA  1618358750.61
TIMESTAMP_DATA  1618356352.25
HOSTNAME  linux
FLOPS          4
TIMESTAMP_DATA  1618351553.96
TIMESTAMP_DATA  1618353949.4
CONFIG  {'ERT_WORKING_SET_MIN': ['1'], 'ERT_CFLAGS': ['-O3'], 'ERT_CC': ['gcc'], 'ERT_MPI_CFLAGS': [], 'ERT_MPI_LDFLAGS': [], 'ERT_MEMORY_MAX': ['15000000000'], 'ERT_PROCS_THREADS': ['1'], 'ERT_LDFLAGS': [], 'ERT_LDLIBS': [], 'ERT_SPEC_GBYTES_DRAM': ['0'], 'ERT_RUN': ['export', 'KMP_AFFINITY=scatter;', 'export', 'OMP_NUM_THREADS=ERT_OPENMP_THREADS;', 'ERT_CODE'], 'ERT_FLOPS': ['1,2,4,8,16'], 'ERT_OPENMP_CFLAGS': ['-fopenmp'], 'ERT_SPEC_GFLOPS': ['0'], 'ERT_MPI': ['False'], 'ERT_TRIALS_MIN': ['1'], 'ERT_DRIVER': ['driver1'], 'ERT_RESULTS': ['Results.arm'], 'ERT_OPENMP': ['True'], 'ERT_MPI_PROCS': ['1'], 'ERT_KERNEL': ['kernel1'], 'ERT_OPENMP_THREADS': ['1'], 'ERT_LD': ['gcc'], 'ERT_NUM_EXPERIMENTS': ['6'], 'ERT_OPENMP_LDFLAGS': ['-fopenmp'], 'ERT_ALIGN': ['32'], 'ERT_GNUPLOT': ['gnuplot']}
ERT_VERSION  1.0.0
