80 134217728 1686698.427 1757674.049 1758279.137 12.213553598 12.2177581743 12.7318767459 1.52669419975 1.52721977179 1.59148459323
160 67108864 909866.207 916029.423 924077.267 23.2392217046 23.4433915994 23.6021915253 2.90490271308 2.93042394993 2.95027394066
240 33554432 530994.939 531126.667 531311.099 30.3139298056 30.3244562187 30.3319790398 3.78924122569 3.79055702733 3.79149737998
320 33554432 531634.528 534562.647 534754.208 40.1583309841 40.1727217577 40.3939837406 5.01979137301 5.02159021971 5.04924796758
400 33554432 527898.125 532816.097 536443.099 50.0398749654 50.3805079297 50.8498597149 6.25498437067 6.29756349122 6.35623246436
480 16777216 276215.144 276344.526 276667.639 58.2147135755 58.2827805317 58.3100807825 7.27683919694 7.28534756646 7.28876009782
560 16777216 297400.775 297443.993 297590.133 63.1421537084 63.1731766726 63.182356939 7.89276921355 7.89664708408 7.89779461738
640 16777216 322487.447 323744.925 327333.297 65.6054140438 66.332581059 66.5912322473 8.20067675547 8.29157263237 8.32390403091
720 16777216 358698.054 358840.262 358877.838 67.318704255 67.325753541 67.3524452408 8.41483803188 8.41571919263 8.41905565509
800 16777216 379768.862 379953.007 379970.055 70.646476602 70.649646418 70.683903516 8.83080957524 8.83120580225 8.8354879395
880 16777216 429371.904 429409.515 429483.601 68.7521015733 68.7639633696 68.7699867758 8.59401269666 8.59549542119 8.59624834698
960 8388608 235311.108 235317.673 235322.728 68.442719056 68.4441893151 68.4460988556 8.555339882 8.55552366439 8.55576235696
1040 8388608 254473.002 255050.494 255212.607 68.3677222889 68.4111775922 68.5664274908 8.54596528611 8.55139719902 8.57080343635
1120 8388608 259980.547 260012.636 260040.048 72.2599540514 72.2675721037 72.2764919792 9.03249425642 9.03344651296 9.0345614974
1200 8388608 287600.087 287640.198 287649.157 69.990329226 69.9925091833 70.0022708964 8.74879115325 8.74906364791 8.75028386205
1280 8388608 299058.972 299079.552 299135.974 71.7895483878 71.8030916403 71.8080328317 8.97369354847 8.97538645504 8.97600410397
1360 8388608 314011.238 314015.542 314067.669 72.6499923811 72.662052377 72.6630483206 9.08124904764 9.08275654713 9.08288104007
1440 8388608 329465.173 329493.078 329750.211 73.2651268569 73.3223022063 73.3285124495 9.15814085711 9.16528777579 9.16606405618
1520 8388608 345584.757 345658.912 345697.576 73.7678540158 73.776105388 73.7919361414 9.22098175198 9.2220131735 9.22399201768
1600 8388608 362041.198 362697.321 362741.382 74.0018837994 74.0108736563 74.1450026911 9.25023547493 9.25135920703 9.26812533639
1760 8388608 387556.778 388173.663 388615.256 75.9823493908 76.0687882114 76.1898690364 9.49779367385 9.50859852643 9.52373362955
1920 4194304 213790.887 213809.501 213827.409 75.3230254032 75.3293342189 75.3358928718 9.4153781754 9.41616677736 9.41698660898
2080 4194304 229054.736 229072.131 229110.169 76.1568319562 76.1694779886 76.1752624927 9.51960399453 9.52118474857 9.52190781159
2240 4194304 244831.061 245801.835 245829.839 76.4369451505 76.4456535485 76.7487664484 9.55461814381 9.55570669356 9.59359580605
2400 4194304 263959.112 264091.511 264094.613 76.2327522372 76.2336476616 76.2718856245 9.52909402965 9.5292059577 9.53398570306
2640 4194304 286047.327 286063.999 286164.012 77.3889245025 77.4159810302 77.420493148 9.67361556281 9.67699762877 9.6775616435
2880 4194304 315255.398 316245.617 316358.541 76.3664889958 76.3937577038 76.6337109317 9.54581112447 9.54921971298 9.57921386647
3120 4194304 338481.675 338575.005 338673.646 77.2792842582 77.3017989323 77.3231134595 9.65991053228 9.66272486653 9.66538918244
3360 4194304 360125.45 361479.369 361940.211 77.8739748262 77.973254623 78.266401 9.73424685327 9.74665682788 9.783300125
3680 2097152 195756.354 195795.237 195797.274 78.8317345011 78.8325546448 78.8482131211 9.85396681263 9.8540693306 9.85602664014
4000 2097152 212535.12 212660.596 212818.052 78.8336132313 78.891982415 78.9385584839 9.85420165391 9.86149780188 9.86731981049
4400 2097152 233626.484 233641.19 233700.246 78.9684132382 78.9883735826 78.9933456346 9.87105165478 9.87354669782 9.87416820432
4800 2097152 254397.435 254438.46 254470.093 79.1160130554 79.1258491346 79.1386092395 9.88950163193 9.89073114183 9.89232615494
5280 2097152 278090.327 307276.297 308046.98 71.8913885148 72.071700083 79.6357261287 8.98642356435 9.00896251038 9.95446576608
5760 2097152 336381.208 336433.958 336467.217 71.8025109709 71.8096091834 71.8208700886 8.97531387137 8.97620114792 8.97760876107
6320 2097152 362691.314 362699.592 362811.957 73.0626451763 73.085280118 73.086948203 9.13283064703 9.13566001475 9.13586852538
6880 2097152 394377.713 394414.523 394427.541 73.1612489504 73.1636637021 73.1704925729 9.1451561188 9.14545796276 9.14631157162
7520 1048576 212950.411 212988.311 213021.429 74.0328478409 74.0443593639 74.0575374612 9.25410598011 9.25554492049 9.25719218264
8240 1048576 230592.82 230833.259 230902.364 74.8391319198 74.8615366558 74.9395947367 9.35489148998 9.35769208197 9.36744934209
9040 1048576 249710.224 249897.26 249987.86 75.8366989501 75.8641934689 75.9210166741 9.47958736876 9.48302418362 9.49012708426
9920 1048576 273887.794 274264.927 274269.737 75.8514157178 75.8527459838 75.9571923092 9.48142696473 9.48159324798 9.49464903865
10880 1048576 299571.828 299625.453 300020.982 76.0513934989 76.1517872782 76.1654188658 9.50642418736 9.51897340978 9.52067735822
11920 1048576 326445.451 326512.956 326562.855 76.5489750511 76.5606735679 76.576505396 9.56862188138 9.57008419599 9.5720631745
13040 1048576 351601.044 351689.197 360808.634 75.7932585394 77.7586070692 77.7781026156 9.47415731742 9.71982588365 9.72226282696
14320 524288 192608.175 192875.562 192910.396 77.8372168185 77.8512744917 77.9593509985 9.72965210232 9.73140931146 9.74491887481
15680 524288 212086.87 212128.661 212186.65 77.4868337853 77.5080161374 77.5232888297 9.68585422316 9.68850201718 9.69041110371
17200 524288 229691.572 229876.616 229962.627 78.4279925625 78.4573373048 78.5205440625 9.80349907031 9.8071671631 9.81506800781
18880 524288 250343.552 250384.705 250608.377 78.9962215828 79.0667899623 79.0797874435 9.87452769785 9.88334874528 9.88497343043
20720 524288 274133.426 274263.108 274293.627 79.2088936138 79.2177076911 79.2551825475 9.90111170173 9.90221346139 9.90689781844
22720 524288 297707.478 297765.335 297777.165 80.0049483982 80.0081269366 80.0236758581 10.0006185498 10.0010158671 10.0029594823
24960 524288 328338.651 328352.391 328458.726 79.6826355589 79.7084403141 79.7117758762 9.96032944486 9.96355503926 9.96397198452
27440 524288 360411.658 360533.952 360670.789 79.7761457749 79.8064240008 79.8335037209 9.97201822186 9.9758030001 9.97918796511
30160 262144 197715.164 197729.006 197736.636 79.9676094419 79.9706952454 79.9762939781 9.99595118024 9.99633690567 9.99703674727
33120 262144 216304.782 216366.547 216399.711 80.2423371074 80.2546364064 80.2775528097 10.0302921384 10.0318295508 10.0346941012
36400 262144 236631.641 236652.902 236669.53 80.6359956856 80.6416614321 80.6489069651 10.0794994607 10.080207679 10.0811133706
40000 262144 259638.326 259717.723 259743.922 80.7392136013 80.7473581616 80.7720505793 10.0924017002 10.0934197702 10.0965063224
44000 262144 286484.82 286518.015 286578.463 80.4968794881 80.5138622784 80.5231914208 10.062109936 10.0642327848 10.0653989276
48400 262144 313344.393 313403.66 316477.673 80.1811355583 80.967590487 80.9829049662 10.0226419448 10.1209488109 10.1228631208
53200 262144 344164.395 344216.604 344218.696 81.0302343368 81.0307268036 81.043018991 10.1287792921 10.1288408505 10.1303773739
58480 131072 188791.902 188835.18 188858.02 81.173047986 81.1828660316 81.2014761099 10.1466309982 10.147858254 10.1501845137
64320 131072 207202.631 207216.19 207229.567 81.3643647675 81.3696173064 81.3749420006 10.1705455959 10.1712021633 10.1718677501
70720 131072 227951.424 227972.623 228033.301 81.2987559216 81.3203946862 81.3279573108 10.1623444902 10.1650493358 10.1659946638
77760 131072 249831.771 249857.778 249870.412 81.5795566864 81.5836817375 81.5921744397 10.1974445858 10.1979602172 10.199021805
85520 131072 274975.936 275000.492 275017.715 81.5167665836 81.5218718954 81.529151991 10.1895958229 10.1902339869 10.1911439989
94000 131072 302345.642 302403.04 302429.072 81.47872768 81.4857416777 81.5012111205 10.18484096 10.1857177097 10.1876513901
103360 131072 331368.487 331412.281 331437.262 81.7506265786 81.7567887293 81.7675937905 10.2188283223 10.2195985912 10.2209492238
113680 131072 365006.057 365091.869 365141.152 81.6137259708 81.6247428397 81.6439326101 10.2017157464 10.203092855 10.2054915763
125040 65536 200885.224 200949.003 200956.133 81.5563209509 81.5592147028 81.5851089177 10.1945401189 10.1949018379 10.1981386147
137520 65536 220793.551 220812.132 220833.5 81.6226769942 81.6305756244 81.6374452893 10.2028346243 10.203821953 10.2046806612
151200 65536 242089.943 242122.533 242145.993 81.8435446917 81.8514747655 81.8624935609 10.2304430865 10.2314343457 10.2328116951
166320 65536 266700.067 266753.201 267336.303 81.5448362058 81.7230869518 81.7393684419 10.1931045257 10.215385869 10.2174210552
182880 65536 292320.015 292337.441 292344.182 81.9939264603 81.9958171557 82.0007051519 10.2492408075 10.2494771445 10.250088144
201120 65536 321354.829 321436.004 321496.065 81.9954068178 82.0107278337 82.0314439401 10.2494258522 10.2513409792 10.2539304925
221200 65536 353922.32 354017.986 354047.416 81.8905183028 81.8973259737 81.9194630053 10.2363147878 10.2371657467 10.2399328757
243280 32768 194536.348 194829.572 194891.932 81.8073786656 81.8335631308 81.9569105924 10.2259223332 10.2291953913 10.244613824
267600 32768 213817.754 213849.894 213993.278 81.9531985486 82.0081472661 82.0204743148 10.2441498186 10.2510184083 10.2525592893
294320 32768 234832.362 234918.218 241725.568 79.7952640244 82.1075337801 82.137552745 9.97440800305 10.2634417225 10.2671940931
323680 32768 258175.16 258215.422 268463.32 79.0152356009 82.1511446361 82.1639559747 9.87690445011 10.2688930795 10.2704944968
356000 32768 300154.841 300772.903 300929.519 77.5291705431 77.5695408971 77.7292677415 9.69114631789 9.69619261214 9.71615846769
391600 32768 330779.272 331356.602 331389.966 77.4431945233 77.4509922093 77.5861723282 9.68039931541 9.68137402616 9.69827154103
430720 32768 364017.177 364095.651 364097.844 77.5276931329 77.5281600933 77.5448734388 9.69096164162 9.69102001166 9.69310917985
473760 16384 197685.464 198163.023 198226.401 78.3153384296 78.3403858347 78.5296367567 9.7894173037 9.79254822934 9.81620459459
521120 16384 214533.954 214567.56 215160.478 79.3642973781 79.5836060213 79.5960725173 9.92053717226 9.94795075267 9.94950906466
573200 16384 235614.37 235699.243 235781.042 79.6612714944 79.688917796 79.7176233351 9.9576589368 9.9611147245 9.96470291689
630480 16384 259051.867 259089.462 259132.917 79.72575958 79.739131343 79.7507035145 9.9657199475 9.96739141787 9.96883793932
693520 16384 284568.462 284587.73 284591.272 79.8522849991 79.8532788466 79.8586856754 9.98153562489 9.98165985582 9.98233570943
762800 16384 312762.867 312826.995 312847.137 79.8966250409 79.901769347 79.9181521763 9.98707813011 9.98772116837 9.98976902204
839040 16384 343778.967 343794.166 343794.551 79.9711997762 79.9712893325 79.9748249869 9.99639997203 9.99641116656 9.99685312336
922880 8192 188918.562 188923.378 188936.475 80.0293639436 80.0349119313 80.0369522186 10.003670493 10.0043639914 10.0046190273
1015120 8192 207572.35 207614.052 207630.8 80.1024033043 80.1088650782 80.1249592251 10.012800413 10.0136081348 10.0156199031
1116560 8192 228170.915 228191.021 228356.194 80.1104569119 80.1684437882 80.1755080835 10.013807114 10.0210554735 10.0219385104
1228160 8192 250854.461 250896.891 250936.491 80.1883112329 80.2009676557 80.2145329997 10.0235389041 10.025120957 10.026816625
1350960 8192 275774.625 275869.433 275880.296 80.2309152227 80.2340745015 80.2616580115 10.0288644028 10.0292593127 10.0327072514
1486000 8192 303276.888 303345.644 303358.036 80.2570596811 80.2603382694 80.2785341163 10.0321324601 10.0325422837 10.0348167645
1634560 8192 333385.855 333438.666 333495.605 80.3028005122 80.3165132624 80.3292360439 10.037850064 10.0395641578 10.0411545055
1798000 8192 366578.542 366645.678 366701.965 80.3334446272 80.3457773202 80.3604920225 10.0416805784 10.043222165 10.0450615028
1977760 4096 201576.242 201600.107 201659.286 80.3424937248 80.3660779803 80.3755926753 10.0428117156 10.0457597475 10.0469490844
2175520 4096 221589.386 221622.393 221657.19 80.4028050703 80.4154291394 80.4274074752 10.0503506338 10.0519286424 10.0534259344
2393040 4096 243750.612 243770.219 243793.832 80.4113193479 80.4191084556 80.4255772699 10.0514149185 10.0523885569 10.0531971587
2632320 4096 267999.649 268086.008 268674.572 80.2605370485 80.43674342 80.462662994 10.0325671311 10.0545929275 10.0578328743
2895520 4096 294780.281 294970.555 295871.916 80.1701633622 80.4151446235 80.4670507794 10.0212704203 10.0518930779 10.0583813474
3185040 4096 324088.872 324238.47 324322.667 80.4502747876 80.4711658058 80.5083109426 10.0562843485 10.0588957257 10.0635388678
3503520 4096 356489.511 356511.66 356538.249 80.4986166856 80.5046203538 80.5096221751 10.0623270857 10.0630775442 10.0637027719
3853840 2048 196002.165 196127.541 196652.167 80.2703010133 80.4850178589 80.5365014208 10.0337876267 10.0606272324 10.0670626776
4239200 2048 215913.832 215960.793 216514.994 80.196585369 80.4023867425 80.4198741654 10.0245731711 10.0502983428 10.0524842707
4663120 2048 238312.122 238756.483 239148.263 79.8673562601 79.9984121059 80.1475785609 9.98341953251 9.99980151324 10.0184473201
5129360 2048 267383.241 268935.477 269608.667 77.9272372575 78.1223020271 78.5758242791 9.74090465719 9.76528775339 9.82197803489
5642240 2048 538998.842 549649.403 568397.657 40.6592369891 42.0461023224 42.8769289267 5.08240462363 5.2557627903 5.35961611584
6206400 2048 726109.02 730947.767 733327.768 34.665828173 34.7787017728 35.0104649575 4.33322852163 4.3473377216 4.37630811968
6827040 2048 803330.333 807554.935 811651.254 34.4526737342 34.6274347763 34.8095356185 4.30658421677 4.32842934704 4.35119195231
7509680 1024 443418.101 445349.161 447833.136 34.3427571648 34.5343069817 34.6847018769 4.2928446456 4.31678837271 4.33558773461
8260640 1024 488659.5 490363.845 493115.654 34.3079571349 34.5004854915 34.6208161716 4.28849464187 4.31256068644 4.32760202145
9086640 1024 538560.719 539815.997 543452.753 34.242974421 34.473670331 34.5540216051 4.28037180262 4.30920879138 4.31925270064
9995280 1024 594052.175 594937.232 600001.35 34.1171456364 34.4075514844 34.4588140596 4.26464320455 4.30094393554 4.30735175744
10994800 1024 657508.524 659855.885 667807.501 33.7183250657 34.1246488997 34.2464767803 4.21479063321 4.26558111246 4.28080959753
12094240 1024 730056.477 733259.043 779412.559 31.77906647 33.7793359065 33.9275169803 3.97238330875 4.22241698832 4.24093962254
13303600 1024 812234.43 868451.386 958438.683 28.4272466077 31.3728243621 33.5442229407 3.55340582596 3.92160304526 4.19302786758
14633920 1024 912124.314 1077685.76 1258811.632 23.8083819677 27.8098396327 32.857657339 2.97604774596 3.47622995408 4.10720716738
16097280 512 537278.192 636759.518 784428.82 21.0135251277 25.8867190109 30.6798507094 2.62669064097 3.23583987637 3.83498133868
17706960 512 644643.519 732332.093 863318.017 21.0026046983 24.7591594214 28.127060159 2.62532558729 3.09489492768 3.51588251987
19477600 512 828906.998 861743.04 949479.453 21.0063128138 23.1450229061 24.0618820303 2.62578910173 2.89312786327 3.00773525379
21425360 512 1017436.268 1024948.405 1044835.07 20.9981166118 21.4055346913 21.5635802753 2.62476457648 2.67569183641 2.69544753441
23567840 512 1147970.27 1149305.791 1162121.734 20.7667298992 20.9983003209 21.0227292384 2.5958412374 2.62478754012 2.62784115481
25924560 512 1264173.79 1266578.193 1286161.854 20.640286724 20.9594240503 20.9992879539 2.5800358405 2.61992800629 2.62491099424
28516960 512 1390080.96 1393373.635 1416769.476 20.6112338914 20.9573127455 21.0069541849 2.57640423642 2.61966409318 2.62586927311
31368640 256 767697.175 769451.741 783011.809 20.5114961172 20.8729707455 20.9206757599 2.56393701465 2.60912134319 2.61508446999
34505440 256 844584.309 846540.702 861545.888 20.5059132962 20.869386715 20.9177285106 2.56323916202 2.60867333937 2.61471606383
37955920 256 929248.542 931088.339 947878.031 20.5020376087 20.8717371124 20.9130605663 2.56275470108 2.60896713905 2.61413257079
41751440 256 1021943.153 1024278.911 1042334.627 20.5085168681 20.8700355444 20.9177361943 2.56356460851 2.60875444306 2.61471702428
45926560 256 1124290.318 1126410.029 1146545.326 20.5089133301 20.8755232239 20.9148814532 2.56361416627 2.60944040298 2.61436018166
50519200 256 1236364.222 1239480.253 1261057.844 20.5112164546 20.8682876047 20.9208823256 2.56390205682 2.60853595059 2.6151102907
55571120 256 1360022.886 1363112.228 1387259.691 20.5097961287 20.8731261121 20.9205401857 2.56372451609 2.60914076401 2.61506752321
61128160 128 753863.327 755568.56 768913.708 20.3518402614 20.7113024396 20.7581512451 2.54398003267 2.58891280495 2.59476890564
67240960 128 829592.314 831028.38 845811.276 20.3516863022 20.7137158902 20.7495723737 2.54396078777 2.58921448627 2.59369654671
73965040 128 912130.303 914206.806 930437.202 20.3507020133 20.7119987685 20.7591505048 2.54383775166 2.58899984606 2.5948938131
81361520 128 1003573.794 1005688.988 1023317.317 20.3539496244 20.710726048 20.7543772511 2.54424370305 2.58884075601 2.59429715639
89497600 128 1104001.682 1106014.488 1125649.416 20.3539266084 20.7152671584 20.7530350484 2.54424082604 2.5894083948 2.59412938105
98447360 128 1214175.175 1216734.834 1237894.792 20.3591810248 20.7132428987 20.7569094468 2.5448976281 2.58915536234 2.59461368085
108292080 128 1335707.441 1338488.248 1361849.057 20.3567145254 20.7120029043 20.7551231872 2.54458931567 2.58900036304 2.5943903984
119121280 64 746041.381 747690.407 760894.067 20.0389574598 20.3928306385 20.4379062989 2.50486968247 2.54910382982 2.55473828737
131033360 64 820501.559 822264.664 836726.618 20.0451016129 20.3976539602 20.4414847187 2.50563770161 2.54970674503 2.55518558984
144136640 64 902394.508 904250.444 920265.641 20.0480047261 20.4030753232 20.4450379035 2.50600059076 2.5503844154 2.55562973794
158550240 64 992745.131 994955.088 1012396.118 20.045938896 20.3973334724 20.4427401216 2.505742362 2.54966668405 2.5553425152
174405200 64 1092180.882 1094347.357 1113425.311 20.0497198864 20.3992502538 20.4397146736 2.5062149858 2.54990628172 2.5549643342
191845680 64 1201304.207 1203792.524 1224642.1 20.0517743429 20.3990692336 20.4413227698 2.50647179286 2.5498836542 2.55516534622
211030240 64 1321458.586 1324136.095 1347347.728 20.0481807025 20.3996181525 20.4409513898 2.50602258781 2.54995226907 2.55511892372
232133200 64 1453135.213 1456467.718 1482027.32 20.0489216353 20.4007608495 20.4475463358 2.50611520441 2.55009510619 2.55594329197
255346480 32 823594.808 825328.073 839670.91 19.4625948397 19.8008225512 19.8424936161 2.43282435496 2.4751028189 2.48031170201
280881120 32 906352.027 907822.271 923859.866 19.4579203422 19.8016641079 19.8337854879 2.43224004278 2.47520801349 2.47922318598
308969200 32 996823.887 999592.689 1016313.478 19.456623599 19.7820862613 19.8370334599 2.43207794987 2.47276078267 2.47962918248
339866080 32 1096419.504 1098434.071 1117778.698 19.4595130136 19.8022163499 19.838601047 2.43243912669 2.47527704373 2.47982513087
373852640 32 1208105.946 1208208.876 1229576.917 19.4591884649 19.8033381771 19.8050254112 2.43239855811 2.47541727214 2.4756281764
411237840 32 1329013.279 1330603.804 1352502.108 19.4596530418 19.7799087008 19.8035807286 2.43245663023 2.47248858759 2.47544759107
452361600 32 1462046.741 1463461.822 1487914.112 19.4575360006 19.782642748 19.8017899073 2.43219200007 2.4728303435 2.47522373842
497597760 16 851436.813 852402.491 866552.251 18.3752662365 18.6802930401 18.7014797538 2.29690827957 2.33503663001 2.33768496923
547357520 16 936335.175 937452.631 953069.018 18.3779351854 18.684080732 18.7063789844 2.29724189817 2.3355100915 2.33829737305
602093200 16 1030260.675 1031145.807 1048451.837 18.3766022626 18.6850223016 18.70107524 2.29707528282 2.3356277877 2.337634405
662302480 16 1132997.772 1134532.751 1153276.94 18.3769211236 18.6805355256 18.7058438099 2.29711514044 2.3350669407 2.33823047624
728532720 16 1246701.73 1247773.866 1268640.677 18.3763988201 18.6837115885 18.6997791685 2.29704985252 2.33546394856 2.33747239606
801385920 16 1371152.338 1372765.289 1395488.032 18.3766172493 18.6807968161 18.7027719162 2.29707715616 2.33509960201 2.33784648953
881524480 16 1508390.892 1509815.282 1534897.665 18.3782828023 18.6835990444 18.7012421711 2.29728535029 2.33544988055 2.33765527139
969676880 8 921866.785 922915.812 938319.221 16.5347034706 16.81066667 16.8297961619 2.06683793383 2.10133333375 2.10372452024
1066644560 8 1013791.442 1014812.097 1031785.81 16.5405579284 16.8172147439 16.8341458144 2.06756974105 2.10215184299 2.1042682268
1173308960 8 1115209.325 1116418.279 1135250.46 16.5363891242 16.8153314158 16.8335602466 2.06704864053 2.10191642697 2.10419503083
1290639840 8 1226598.163 1227824.85 1248747.373 16.5367614671 16.8185531023 16.8353728735 2.06709518339 2.10231913778 2.10442160918
1419703760 8 1349235.443 1350773.66 1373332.681 16.5402458372 16.8164814229 16.835653316 2.06753072965 2.10206017787 2.1044566645
1561674080 8 1484304.744 1485889.426 1510786.968 16.5389203172 16.8160462298 16.8339994742 2.06736503965 2.10200577873 2.10424993427
1717841440 8 1632571.177 1634521.313 1662256.784 16.5350283449 16.8156039456 16.8356904907 2.06687854312 2.1019504932 2.10446131134
1889625520 4 1077652.423 1078769.334 1096750.539 13.7834481247 14.0131941867 14.0277178776 1.72293101558 1.75164927334 1.75346473471
2078588000 4 1185392.397 1186540.808 1206459.531 13.7830599143 14.0144391899 14.0280164122 1.72288248929 1.75180489873 1.75350205152
2286446800 4 1304025.164 1305376.924 1327337.017 13.780655678 14.0124848721 14.0270102947 1.72258195976 1.75156060902 1.75337628684
2515091440 4 1434340.35 1435996.319 1460093.779 13.7804378112 14.0116873935 14.0278641119 1.7225547264 1.75146092418 1.75348301399
2766600560 4 1577732.073 1579671.311 1605626.493 13.7845287036 14.0110188277 14.0282401928 1.72306608795 1.75137735346 1.75353002411
3043260560 4 1735642.24 1737539.156 1766453.63 13.782464519 14.0118191846 14.0271329649 1.72280806488 1.75147739807 1.75339162061
3347586560 4 1909011.468 1911014.092 1943346.412 13.7807095609 14.0138644671 14.0285655319 1.72258869511 1.75173305839 1.75357069149
3682345200 4 2099741.906 2102190.365 2137791.466 13.779997754 14.0133653405 14.0297059919 1.72249971925 1.75167066756 1.75371324898
4050579680 2 1539815.487 1541481.922 1568259.401 10.3314022602 10.5108717065 10.5222468905 1.29142528252 1.31385896331 1.31528086131
4455637600 2 1693773.665 1695640.307 1724948.784 10.3322200435 10.5108084105 10.5223919632 1.29152750543 1.31385105131 1.31529899539
4901201360 2 1863325.764 1865342.706 1897420.454 10.3323464226 10.5100287346 10.5214052308 1.29154330282 1.31375359183 1.31517565385
5391321440 2 2049619.802 2052238.894 2086880.634 10.3337418579 10.5081751559 10.5216029524 1.29171773224 1.31352189449 1.31520036905
5930453520 2 2254210.913 2257044.998 2295405.778 10.3344751971 10.5101201354 10.5233338829 1.29180939964 1.31376501693 1.31541673536
6523498800 2 2479575.208 2482963.213 2525073.082 10.3339564253 10.5092153856 10.5235748106 1.29174455316 1.3136519232 1.31544685133
7175848640 2 2727608.847 2730757.384 2778087.409 10.3320703542 10.5111478333 10.5232810751 1.29150879428 1.31389347916 1.31541013439
7893433440 1 1500318.484 1501955.198 1527661.043 10.3340115612 10.5108773557 10.5223437879 1.29175144515 1.31385966947 1.31529297349
8682776720 1 1650442.048 1652253.191 1680556.566 10.3332156687 10.5102253908 10.5217589803 1.29165195859 1.31377817384 1.31521987254
9551054320 1 1815350.877 1817592.539 1848661.704 10.3329390113 10.5095659396 10.522543538 1.29161737642 1.31369574245 1.31531794225
10506159680 1 1996961.548 1999164.692 2033330.051 10.3339442358 10.510549453 10.5221451966 1.29174302947 1.31381868163 1.31526814957
11556775600 1 2196578.613 2199109.077 2236718.032 10.3336901967 10.510415987 10.5225240122 1.29171127458 1.31380199837 1.31531550153
12712453120 1 2416117.125 2418693.252 2460213.698 10.3344299971 10.5118357687 10.5230437618 1.29180374964 1.31397947109 1.31538047022
13983698400 1 2657903.742 2660803.494 2706201.381 10.3345586165 10.5108839729 10.5223512643 1.29181982706 1.31386049661 1.31529390804

META_DATA
HOSTNAME  localhost.localdomain
CONFIG  {'ERT_WORKING_SET_MIN': ['1'], 'ERT_CFLAGS': ['-O3'], 'ERT_CC': ['gcc'], 'ERT_MPI_CFLAGS': [], 'ERT_MPI_LDFLAGS': [], 'ERT_MEMORY_MAX': ['15000000000'], 'ERT_PROCS_THREADS': ['8,10,16'], 'ERT_LDFLAGS': [], 'ERT_LDLIBS': [], 'ERT_SPEC_GBYTES_DRAM': ['0'], 'ERT_RUN': ['export', 'KMP_AFFINITY=scatter;', 'export', 'OMP_NUM_THREADS=ERT_OPENMP_THREADS;', 'ERT_CODE'], 'ERT_FLOPS': ['1,2,4,8,16'], 'ERT_OPENMP_CFLAGS': ['-fopenmp'], 'ERT_SPEC_GFLOPS': ['0'], 'ERT_MPI': ['False'], 'ERT_TRIALS_MIN': ['1'], 'ERT_DRIVER': ['driver1'], 'ERT_RESULTS': ['Results.arm'], 'ERT_OPENMP': ['True'], 'ERT_MPI_PROCS': ['1'], 'ERT_KERNEL': ['kernel1'], 'ERT_OPENMP_THREADS': ['8,10,16'], 'ERT_LD': ['gcc'], 'ERT_NUM_EXPERIMENTS': ['4'], 'ERT_OPENMP_LDFLAGS': ['-fopenmp'], 'ERT_ALIGN': ['32'], 'ERT_GNUPLOT': ['gnuplot']}
MPI_PROCS      1
FLOPS          2
OPENMP_THREADS 10
UNAME  ('Linux', 'localhost.localdomain', '5.4.44-mlnx.14.gd7fb187', '#1 SMP PREEMPT Tue Sep 15 16:18:01 UTC 2020', 'aarch64', 'aarch64')
TIMESTAMP_DATA  1614749090.81
TIMESTAMP_DATA  1614748827.52
ERT_VERSION  1.0.0
TIMESTAMP_DATA  1614749353.63
TIMESTAMP_DATA  1614749614.37
