8 1073741824 29765873.989 29766731.029 29767001.747 0.577144763521 0.577150012451 0.57716663016 0.577144763521 0.577150012451 0.57716663016
16 536870912 14882438.028 14882729.074 14883891.522 1.1542592311 1.15434938704 1.15437196188 1.1542592311 1.15434938704 1.15437196188
24 536870912 14912108.709 14913778.683 14922364.673 1.72692494392 1.72791914938 1.72811265522 1.72692494392 1.72791914938 1.72811265522
32 268435456 7457378.344 7458379.295 7460646.023 2.30273211342 2.30343195277 2.30374112611 2.30273211342 2.30343195277 2.30374112611
40 268435456 7504116.518 7504687.217 7504946.907 2.86142417077 2.86152318665 2.86174080966 2.86142417077 2.86152318665 2.86174080966
48 268435456 7506943.334 7507095.063 7507413.108 3.43258102429 3.43272644874 3.4327958304 3.43258102429 3.43272644874 3.4327958304
56 134217728 3852202.752 3852294.356 3853080.003 3.90139460491 3.90219026555 3.90228305823 3.90139460491 3.90219026555 3.90228305823
64 134217728 3855607.073 3855827.284 3856138.865 4.45519982175 4.45555983674 4.45581431373 4.45519982175 4.45555983674 4.45581431373
72 134217728 4730676.165 4730721.518 4731450.841 4.08486814753 4.085497901 4.08553706867 4.08486814753 4.085497901 4.08553706867
80 134217728 4729956.925 4730546.823 4731024.288 4.53915160285 4.53960974989 4.54017590868 4.53915160285 4.53960974989 4.54017590868
88 134217728 5654234.061 5654301.992 5654361.898 4.17771634609 4.17776060802 4.17781080039 4.17771634609 4.17776060802 4.17781080039
96 134217728 5652279.968 5655167.151 5655569.558 4.55653555521 4.55685978644 4.55918742912 4.55653555521 4.55685978644 4.55918742912
104 134217728 6576204.836 6576342.298 6577032.502 4.24466313881 4.2451086271 4.24519736234 4.24466313881 4.2451086271 4.24519736234
112 67108864 3287908.14 3288891.818 3289665.804 4.56957831939 4.57065369366 4.57202114412 4.56957831939 4.57065369366 4.57202114412
120 67108864 3748485.221 3748527.765 3749297.888 4.29577159274 4.29665414523 4.29670291076 4.29577159274 4.29665414523 4.29670291076
128 67108864 3751709.177 3753171.919 3753831.303 4.57662260163 4.57742665531 4.57921133368 4.57662260163 4.57742665531 4.57921133368
136 67108864 4208847.943 4208901.684 4209370.39 4.33642310293 4.3369060098 4.33696138592 4.33642310293 4.3369060098 4.33696138592
144 67108864 4212406.233 4213878.696 4215198.033 4.58515891322 4.58659449555 4.58819775752 4.58515891322 4.58659449555 4.58819775752
152 67108864 4669742.958 4669802.275 4669998.138 4.3685444947 4.3687277222 4.36878321558 4.3685444947 4.3687277222 4.36878321558
160 67108864 4673599.969 4675860.144 4676594.205 4.59198201483 4.59270290784 4.59492396064 4.59198201483 4.59270290784 4.59492396064
176 67108864 5135710.644 5137726.733 5140626.966 4.59522161095 4.59781560126 4.59962053267 4.59522161095 4.59781560126 4.59962053267
192 67108864 5597745.873 5600324.158 5601399.662 4.60060080176 4.60148431572 4.60360372919 4.60060080176 4.60148431572 4.60360372919
208 67108864 6058338.486 6061678.206 6063092.317 4.60446352527 4.60553768697 4.60807653592 4.60446352527 4.60553768697 4.60807653592
224 33554432 3260656.501 3261012.237 3262153.298 4.60811744967 4.60972987634 4.61023279557 4.60811744967 4.60972987634 4.61023279557
240 33554432 3490925.279 3491952.759 3494137.464 4.6094715866 4.61235545598 4.61371300523 4.6094715866 4.61235545598 4.61371300523
264 33554432 3947014.196 3947047.772 3947098.556 4.48854768753 4.48860543865 4.48864362179 4.48854768753 4.48860543865 4.48864362179
288 33554432 4204068.762 4204791.223 4204913.093 4.59637390941 4.59650712889 4.59729702965 4.59637390941 4.59650712889 4.59729702965
312 33554432 4669859.741 4670891.418 4671708.263 4.48186496015 4.48264874823 4.48363906611 4.48186496015 4.48264874823 4.48363906611
336 33554432 4902310.713 4902595.3 4902833.012 4.59909163718 4.59931463321 4.5995816308 4.59909163718 4.59931463321 4.5995816308
368 33554432 5367988.953 5368345.483 5368710.044 4.5999992083 4.60031159138 4.60061713395 4.5999992083 4.60031159138 4.60061713395
400 33554432 5833612.507 5833642.441 5833758.923 4.6014149632 4.60150684096 4.60153045266 4.6014149632 4.60150684096 4.60153045266
440 33554432 6535422.524 6536406.636 6538739.587 4.51583975277 4.51745153023 4.51813177366 4.51583975277 4.51745153023 4.51813177366
480 16777216 3498419.769 3498479.882 3498618.723 4.60356747482 4.60375017243 4.60382927821 4.60356747482 4.60375017243 4.60382927821
528 16777216 3847555.707 3847621.847 3847729.754 4.60446580937 4.60459494215 4.60467409576 4.60446580937 4.60459494215 4.60467409576
576 16777216 4196358.431 4196449.833 4196672.696 4.60539914166 4.60564372294 4.60574403969 4.60539914166 4.60564372294 4.60574403969
632 16777216 4664826.529 4664944.404 4664997.737 4.54585451474 4.54590648622 4.54602135624 4.54585451474 4.54590648622 4.54602135624
688 16777216 5010289.247 5010440.243 5010641.349 4.60728429917 4.60746922354 4.60760807968 4.60728429917 4.60746922354 4.60760807968
752 16777216 5475458.237 5475548.578 5475738.777 4.60813305594 4.60829312434 4.60836915776 4.60813305594 4.60829312434 4.60836915776
824 16777216 6060206.883 6060368.718 6061102.475 4.56168693436 4.56223923899 4.56236107146 4.56168693436 4.56223923899 4.56236107146
904 8388608 3320812.947 3320864.052 3321082.451 4.56676504958 4.56706538615 4.56713567011 4.56676504958 4.56706538615 4.56713567011
992 8388608 3609790.024 3609863.424 3610028.362 4.61021260863 4.61042325351 4.61051699998 4.61021260863 4.61042325351 4.61051699998
1088 8388608 3958547.818 3958699.496 3958831.098 4.61085875 4.61101203222 4.61118871042 4.61085875 4.61101203222 4.61118871042
1192 8388608 4367251.124 4367307.028 4367559.469 4.57885956996 4.57912423921 4.57918285534 4.57885956996 4.57912423921 4.57918285534
1304 8388608 4774221.38 4774272.473 4774435.271 4.58221515681 4.58237140585 4.5824204457 4.58221515681 4.58237140585 4.5824204457
1432 8388608 5239316.758 5239374.655 5239615.112 4.58525536675 4.58546580346 4.58551647509 4.58525536675 4.58546580346 4.58551647509
1568 8388608 5702649.081 5702772.52 5704823.552 4.61130382881 4.61296230838 4.61306216012 4.61130382881 4.61296230838 4.61306216012
1720 8388608 6285718.673 6285847.933 6286025.449 4.59062912712 4.59075876916 4.59085317387 4.59062912712 4.59075876916 4.59085317387
1888 4194304 3432662.467 3432744.089 3432887.231 4.61351941916 4.61371179831 4.61382150335 4.61351941916 4.61371179831 4.61382150335
2072 4194304 3782332.022 3782414.101 3782445.624 4.59522687272 4.59526516978 4.59536488994 4.59522687272 4.59526516978 4.59536488994
2272 4194304 4130297.297 4130357.169 4130430.503 4.61426898774 4.61435091353 4.61441780228 4.61426898774 4.61435091353 4.61441780228
2496 4194304 4537250.17 4537329.524 4537449.059 4.61447947861 4.61460104611 4.61468175293 4.61447947861 4.61460104611 4.61468175293
2744 4194304 5003167.315 5003246.177 5003442.769 4.60050037838 4.60068114534 4.60075366318 4.60050037838 4.60068114534 4.60075366318
3016 4194304 5497327.725 5497363.2 5497432.261 4.60215615706 4.60221397196 4.60224367067 4.60215615706 4.60221397196 4.60224367067
3312 4194304 6019661.426 6019843.206 6020692.236 4.61459722686 4.61524806299 4.61538743292 4.61459722686 4.61524806299 4.61538743292
3640 2097152 3315460.96 3315515.348 3315552.05 4.60474344235 4.60479441581 4.60486995449 4.60474344235 4.60479441581 4.60486995449
4000 2097152 3634753.391 3634807.018 3634872.439 4.61562717304 4.61571024732 4.61577834731 4.61562717304 4.61571024732 4.61577834731
4400 2097152 3998144.172 3998219.669 3998824.086 4.61509113757 4.61578880798 4.61587596797 4.61509113757 4.61578880798 4.61587596797
4840 2097152 4405493.189 4405532.227 4405752.475 4.60771036848 4.60794072407 4.607981556 4.60771036848 4.60794072407 4.607981556
5320 2097152 4841500.502 4841574.903 4842319.179 4.60805999257 4.60876837125 4.60883919578 4.60805999257 4.60876837125 4.60883919578
5848 2097152 5321095.464 5321171.43 5321307.054 4.60944830717 4.60956579104 4.60963159897 4.60944830717 4.60956579104 4.60963159897
6432 2097152 5843849.141 5843940.229 5844008.855 4.61631116539 4.61636537522 4.61643733044 4.61631116539 4.61636537522 4.61643733044
7072 2097152 6425203.063 6425358.77 6425597.762 4.61624256399 4.61641426569 4.61652613889 4.61624256399 4.61641426569 4.61652613889
7776 1048576 3532318.746 3532353.544 3532445.36 4.61647733795 4.61659733344 4.61664281302 4.61647733795 4.61659733344 4.61664281302
8552 1048576 3888639.048 3888684.9 3889062.945 4.61161060071 4.61205892614 4.61211330818 4.61161060071 4.61205892614 4.61211330818
9400 1048576 4273793.364 4273887.312 4274637.234 4.61167292588 4.61248211778 4.61258351095 4.61167292588 4.61248211778 4.61258351095
10336 1048576 4695037.976 4695070.368 4695196.086 4.61666832971 4.61679194837 4.61682380053 4.61666832971 4.61679194837 4.61682380053
11368 1048576 5167593.88 5167654.617 5167822.069 4.61324395803 4.61339344498 4.61344766822 4.61324395803 4.61339344498 4.61344766822
12504 1048576 5683486.988 5683597.254 5683853.545 4.61355810814 4.61376614776 4.61385565998 4.61355810814 4.61376614776 4.61385565998
13752 1048576 6250265.149 6250370.701 6250479.28 4.61405166101 4.61413181452 4.61420973614 4.61405166101 4.61413181452 4.61420973614
15120 524288 3433876.081 3433958.127 3434095.815 4.61678123562 4.6169663501 4.61707666381 4.61678123562 4.6169663501 4.61707666381
16632 524288 3779107.664 3779170.639 3779215.588 4.61469202429 4.61474691088 4.61482381096 4.61469202429 4.61474691088 4.61482381096
18288 524288 4153243.96 4153331.635 4153481.576 4.61693582531 4.61710250306 4.61719997012 4.61693582531 4.61710250306 4.61719997012
20112 524288 4567450.541 4567554.535 4567691.617 4.61698430636 4.61712287186 4.61722799682 4.61698430636 4.61712287186 4.61722799682
22120 524288 5025333.55 5025391.274 5025455.511 4.61540273697 4.6154617333 4.61551474926 4.61540273697 4.6154617333 4.61551474926
24328 524288 5526760.791 5526816.43 5526864.735 4.61559277296 4.61563311376 4.61567958026 4.61559277296 4.61563311376 4.61567958026
26760 524288 6079056.868 6079094.511 6079227.209 4.61570077829 4.61580153249 4.61583011465 4.61570077829 4.61580153249 4.61583011465
29432 262144 3342904.948 3342980.689 3343167.519 4.61563601833 4.61589397354 4.61599855695 4.61563601833 4.61589397354 4.61599855695
32368 262144 3675372.984 3675432.904 3675887.65 4.61661389025 4.61718508466 4.61726035912 4.61661389025 4.61718508466 4.61726035912
35600 262144 4042708.508 4043159.029 4043529.044 4.61593142943 4.61635386244 4.6168683107 4.61593142943 4.61635386244 4.6168683107
39160 262144 4448368.752 4448864.25 4449164.138 4.61460117972 4.61491223968 4.61542628874 4.61460117972 4.61491223968 4.61542628874
43072 262144 4891721.411 4892135.701 4892395.195 4.61576218517 4.61600701947 4.61639795864 4.61576218517 4.61600701947 4.61639795864
47376 262144 5379883.979 5380232.756 5380810.179 4.61615769033 4.61665311046 4.61695240733 4.61615769033 4.61665311046 4.61695240733
52112 262144 5917383.405 5917826.661 5918606.734 4.61623782149 4.61684632233 4.61719215843 4.61623782149 4.61684632233 4.61719215843
57320 131072 3254948.393 3255115.718 3255712.47 4.61530132604 4.61614743737 4.61638473664 4.61530132604 4.61614743737 4.61638473664
63048 131072 3580097.994 3580401.247 3580520.958 4.61599166877 4.61614600482 4.6165370165 4.61599166877 4.61614600482 4.6165370165
69352 131072 3938101.724 3938543.153 3938577.712 4.61593296296 4.61597346576 4.61649087864 4.61593296296 4.61597346576 4.61649087864
76280 131072 4331512.446 4331890.78 4331907.197 4.61606018103 4.61607767498 4.6164808642 4.61606018103 4.61607767498 4.6164808642
83904 131072 4763721.377 4764006.815 4764435.934 4.61648146406 4.61689729468 4.61717393511 4.61648146406 4.61689729468 4.61717393511
92288 131072 5239635.479 5240003.048 5240283.473 4.61668640574 4.6169334732 4.61725735864 4.61668640574 4.6169334732 4.61725735864
101512 131072 5763769.19 5764151.179 5764296.872 4.6164800875 4.6165967723 4.6169027334 4.6164800875 4.6165967723 4.6169027334
111656 131072 6339722.532 6340082.936 6340555.019 4.6163073069 4.61665103745 4.61691348734 4.6163073069 4.61665103745 4.61691348734
122816 65536 3486442.979 3486623.604 3486805.547 4.61675838673 4.61699930372 4.61723850037 4.61675838673 4.61699930372 4.61723850037
135096 65536 3835322.132 3835433.673 3835683.705 4.61646586994 4.61676681744 4.61690108486 4.61646586994 4.61676681744 4.61690108486
148600 65536 4218676.734 4218888.162 4218950.821 4.61662153137 4.61669009751 4.6169214728 4.61662153137 4.61669009751 4.6169214728
163456 65536 4640190.758 4640394.878 4640445.406 4.61690699007 4.61695726232 4.61716036029 4.61690699007 4.61695726232 4.61716036029
179800 65536 5104377.54 5104681.067 5104759.044 4.6166225275 4.61669304912 4.61696757642 4.6166225275 4.61669304912 4.61696757642
197776 65536 5614581.284 5614803.819 5615216.697 4.61654416398 4.61688363613 4.61706662719 4.61654416398 4.61688363613 4.61706662719
217552 65536 6175832.117 6176005.747 6176251.881 4.61687384087 4.61705783837 4.61718764432 4.61687384087 4.61705783837 4.61718764432
239304 32768 3396797.772 3396866.424 3397052.247 4.61665756182 4.61691011257 4.61700342401 4.61665756182 4.61691011257 4.61700342401
263232 32768 3736381.89 3736442.26 3736542.085 4.61688158719 4.61700493453 4.61707953306 4.61688158719 4.61700493453 4.61707953306
289552 32768 4109966.296 4110058.94 4110118.049 4.61691845484 4.61698485326 4.61708892612 4.61691845484 4.61698485326 4.61708892612
318504 32768 4521060.716 4521152.485 4521249.309 4.61675008774 4.61684895903 4.61694267235 4.61675008774 4.61684895903 4.61694267235
350352 32768 4972998.429 4973110.173 4974029.134 4.61611061243 4.61696360492 4.61706734877 4.61611061243 4.61696360492 4.61706734877
385384 32768 5470338.885 5470457.317 5470727.624 4.61666665933 4.61689477871 4.61699473377 4.61666665933 4.61689477871 4.61699473377
423920 32768 6017196.116 6017282.693 6017513.41 4.61686069097 4.61703771244 4.61710414359 4.61686069097 4.61703771244 4.61710414359
466312 16384 3309418.619 3309513.935 3309689.218 4.61678139836 4.61702591864 4.61715889561 4.61678139836 4.61702591864 4.61715889561
512936 16384 3640323.6 3640420.382 3640694.07 4.61667103163 4.61701811448 4.61714086297 4.61667103163 4.61701811448 4.61714086297
564224 16384 4004254.563 4004361.611 4004547.737 4.61687392591 4.61708852198 4.61721195322 4.61687392591 4.61708852198 4.61721195322
620640 16384 4404688.463 4404778.083 4404902.629 4.61693100458 4.61706154925 4.6171554903 4.61693100458 4.61706154925 4.6171554903
682704 16384 4845150.737 4845305.577 4845681.153 4.61665635143 4.61701420406 4.61716175333 4.61665635143 4.61701420406 4.61716175333
750968 16384 5329689.735 5329808.592 5330166.114 4.61668902952 4.61699871566 4.617101679 4.61668902952 4.61699871566 4.617101679
826064 16384 5862854.168 5863235.308 5863850.667 4.61615867954 4.6166431552 4.6169432799 4.61615867954 4.6166431552 4.6169432799
908664 16384 6449690.687 6449992.302 6450288.974 4.61608806551 4.61630038578 4.61651626364 4.61608806551 4.61630038578 4.61651626364
999528 8192 3547361.476 3547516.202 3547927.946 4.61572698241 4.61626270876 4.61646405724 4.61572698241 4.61626270876 4.61646405724
1099480 8192 3902318.89 3902533.023 3902761.555 4.6156753535 4.61594564705 4.61619893909 4.6156753535 4.61594564705 4.61619893909
1209424 8192 4292578.038 4292942.596 4293308.257 4.61536922808 4.61576235249 4.61615435773 4.61536922808 4.61576235249 4.61615435773
1330360 8192 4721947.142 4722404.562 4722714.752 4.61527307589 4.61557622898 4.61602334472 4.61527307589 4.61557622898 4.61602334472
1463392 8192 5194263.563 5194523.752 5194679.669 4.61553282507 4.61567136328 4.61590256967 4.61553282507 4.61567136328 4.61590256967
1609728 8192 5713531.099 5713786.39 5713810.264 4.61579617338 4.61581545963 4.61602170269 4.61579617338 4.61581545963 4.61602170269
1770696 8192 6284787.26 6284989.833 6285357.958 4.6156612651 4.61593161403 4.61608039601 4.6156612651 4.61593161403 4.61608039601
1947760 4096 3456325.632 3456412.559 3456484.141 4.61626591331 4.61636151577 4.61647761781 4.61626591331 4.61636151577 4.61647761781
2142536 4096 3801975.895 3802056.341 3802214.059 4.61616695947 4.61635844865 4.61645612616 4.61616695947 4.61635844865 4.61645612616
2356784 4096 4182156.851 4182224.058 4183757.467 4.61469735765 4.61638933263 4.61646351771 4.61469735765 4.61638933263 4.61646351771
2592456 4096 4600366.366 4600467.056 4600532.444 4.61629165983 4.61635727275 4.61645831275 4.61629165983 4.61635727275 4.61645831275
2851696 4096 5060413.073 5060522.465 5060707.188 4.61617176496 4.61634026794 4.61644006033 4.61617176496 4.61634026794 4.61644006033
3136864 4096 5566461.841 5566491.017 5566574.327 4.61633823218 4.61640732187 4.61643151826 4.61633823218 4.61640732187 4.61643151826
3450544 4096 6123081.019 6123155.035 6123265.242 4.6163044276 4.6163875137 4.61644331674 4.6163044276 4.6163875137 4.61644331674
3795592 2048 3367149.077 3367255.632 3367385.017 4.61685989381 4.61703729419 4.61718340248 4.61685989381 4.61703729419 4.61718340248
4175144 2048 3703879.86 3703972.757 3705596.824 4.61501632159 4.61703985044 4.6171556504 4.61501632159 4.61703985044 4.6171556504
4592656 2048 4074272.775 4074350.486 4074370.478 4.61703693309 4.61705958794 4.61714765183 4.61703693309 4.61705958794 4.61714765183
5051920 2048 4481726.917 4481783.199 4481810.907 4.6170319876 4.61706053176 4.61711851329 4.6170319876 4.61706053176 4.61711851329
5557112 2048 4929920.767 4930068.22 4930129.162 4.61690353418 4.61696060506 4.61709869748 4.61690353418 4.61696060506 4.61709869748
6112816 2048 5422977.751 5423129.501 5423376.343 4.61669866749 4.61690880356 4.61703799751 4.61669866749 4.61690880356 4.61703799751
6724096 2048 5965348.863 5966487.575 5967308.745 4.61546375308 4.61609898115 4.61698013788 4.61546375308 4.61609898115 4.61698013788
7396504 1024 3279994.018 3280384.361 3281031.458 4.61685307986 4.6177638121 4.61831335938 4.61685307986 4.6177638121 4.61831335938
8136152 1024 3608210.765 3608622.868 3608952.613 4.61708453471 4.61750642988 4.61803380712 4.61708453471 4.61750642988 4.61803380712
8949760 1024 3969116.709 3969548.926 3969841.287 4.6170884816 4.6174285345 4.61793134942 4.6170884816 4.6174285345 4.61793134942
9844736 1024 4366163.631 4366522.574 4367235.693 4.61665473203 4.61740870139 4.61778829929 4.61665473203 4.61740870139 4.61778829929
10829208 1024 4803088.881 4803561.755 4804516.854 4.61611826079 4.61703609013 4.61749064685 4.61611826079 4.61703609013 4.61749064685
11912128 1024 5283615.343 5284067.151 5284573.484 4.61646303488 4.61690539633 4.61730019319 4.61646303488 4.61690539633 4.61730019319
13103336 1024 5812672.839 5813162.194 5813909.733 4.6157634639 4.61635702436 4.6167456644 4.6157634639 4.61635702436 4.6167456644
14413664 1024 6394007.556 6394738.048 6396253.518 4.61507408812 4.61616780084 4.61669518115 4.61507408812 4.61616780084 4.61669518115
15855024 512 3514801.663 3515164.857 3515660.578 4.61806372253 4.61871497824 4.6191922426 4.61806372253 4.61871497824 4.6191922426
17440520 512 3866492.593 3867032.235 3869452.927 4.61540502415 4.61829418394 4.61893875404 4.61540502415 4.61829418394 4.61893875404
19184568 512 4253196.916 4253476.509 4253826.268 4.61819463098 4.61857438038 4.61887799225 4.61819463098 4.61857438038 4.61887799225
21103024 512 4678589.133 4678791.378 4679048.014 4.61835324437 4.61860656528 4.61880621737 4.61835324437 4.61860656528 4.61880621737
23213320 512 5146567.448 5146724.672 5146908.687 4.61839156775 4.61855669283 4.61869778647 4.61839156775 4.61855669283 4.61869778647
25534648 512 5661480.859 5661590.262 5662038.873 4.61803250357 4.61839842553 4.6184876719 4.61803250357 4.61839842553 4.6184876719
28088112 512 6227669.547 6227975.532 6228138.639 4.61810957577 4.61823052133 4.61845742953 4.61810957577 4.61823052133 4.61845742953
30896920 256 3421372.358 3421490.018 3423301.314 4.62104313614 4.62348946125 4.62364846171 4.62104313614 4.62348946125 4.62364846171
33986608 256 3763485.102 3763556.533 3763695.444 4.62341960313 4.62359025125 4.62367800706 4.62341960313 4.62359025125 4.62367800706
37385264 256 4139819.426 4139912.196 4140253.702 4.62320827314 4.62358964678 4.62369325768 4.62320827314 4.62358964678 4.62369325768
41123784 256 4553817.478 4554194.128 4554824.117 4.62265432586 4.62329378507 4.62367618152 4.62265432586 4.62329378507 4.62367618152
45236160 256 5009407.868 5009638.04 5009712.74 4.62320199222 4.62327092997 4.62348335977 4.62320199222 4.62327092997 4.62348335977
49759776 256 5510293.332 5510460.074 5511282.875 4.62269963089 4.62338987487 4.62352977909 4.62269963089 4.62338987487 4.62352977909
54735752 256 6061339.101 6061623.019 6061984.037 4.62302520972 4.62330054775 4.62351710687 4.62302520972 4.62330054775 4.62351710687
60209320 128 3325865.571 3326054.126 3326262.848 4.63390496312 4.63419575752 4.63445848636 4.63390496312 4.63419575752 4.63445848636
66230248 128 3658534.105 3659037.446 3659230.45 4.63347245266 4.63371685538 4.63435436199 4.63347245266 4.63371685538 4.63435436199
72853272 128 4024284.944 4024625.497 4024991.522 4.63365886116 4.63408027552 4.63447243213 4.63365886116 4.63408027552 4.63447243213
80138592 128 4426755.244 4427322.047 4427353.928 4.63380156311 4.63383493096 4.6344282485 4.63380156311 4.63383493096 4.6344282485
88152448 128 4869391.433 4869730.797 4869936.354 4.6339469446 4.63414254889 4.63446551761 4.6339469446 4.63414254889 4.63446551761
96967688 128 5356337.501 5356628.227 5357193.039 4.63371917855 4.63420776579 4.63445929674 4.63371917855 4.63420776579 4.63445929674
106664456 128 5892089.601 5892875.131 5893452.503 4.63329444364 4.63374840447 4.63436617314 4.63329444364 4.63374840447 4.63436617314
117330896 64 3225450.067 3226202.222 3226537.912 4.65463450225 4.65511882224 4.65620436715 4.65463450225 4.65511882224 4.65620436715
129063984 64 3547867.535 3549050.078 3552156.197 4.65074986453 4.6548201882 4.65637169061 4.65074986453 4.6548201882 4.65637169061
141970376 64 3902628.479 3903303.665 3903491.347 4.65537297578 4.65559681942 4.65640227498 4.65537297578 4.65559681942 4.65640227498
156167408 64 4292820.605 4293241.2 4294274.592 4.65490219495 4.65602263949 4.65647881971 4.65490219495 4.65602263949 4.65647881971
171784144 64 4722013.482 4722945.121 4723956.446 4.6546513888 4.65564809005 4.65656663536 4.6546513888 4.65564809005 4.65656663536
188962552 64 5194196.778 5195045.588 5196598.213 4.65443077656 4.65582182991 4.65658266134 4.65443077656 4.65582182991 4.65658266134
207858800 64 5713844.902 5715717.388 5716076.412 4.65457850496 4.65487087515 4.65639632442 4.65457850496 4.65487087515 4.65639632442
228644680 64 6285172.668 6287291.896 6288013.914 4.654334332 4.65486882494 4.65643834878 4.654334332 4.65486882494 4.65643834878
251509144 32 3423962.648 3425412.241 3427397.671 4.69644516369 4.69916730703 4.70115677968 4.69644516369 4.69916730703 4.70115677968
276660056 32 3766494.979 3769281.626 3769986.54 4.69663310363 4.69751144671 4.70098690765 4.69663310363 4.69751144671 4.70098690765
304326056 32 4143198.066 4145089.252 4146070.254 4.69766945343 4.69878123242 4.70092601747 4.69766945343 4.69878123242 4.70092601747
334758656 32 4558914.063 4560071.523 4561483.015 4.69683958343 4.69829340964 4.69948625658 4.69683958343 4.69829340964 4.69948625658
368234520 32 5013846.643 5014898.786 5015886.363 4.69847352481 4.69939878862 4.70038494554 4.69847352481 4.69939878862 4.70038494554
405057968 32 5514719.106 5516720.262 5520225.15 4.6961327206 4.69911627214 4.70082146592 4.6961327206 4.69911627214 4.70082146592
445563760 32 6066197.822 6071134.839 6071389.165 4.69679670748 4.69699346106 4.70081614163 4.69679670748 4.69699346106 4.70081614163
490120136 16 3272666.287 3275398.068 3276726.36 4.78643701942 4.78837809219 4.79237507787 4.78643701942 4.78837809219 4.79237507787
539132144 16 3600049.296 3602396.266 3606491.365 4.78366003463 4.78909795983 4.79222010298 4.78366003463 4.78909795983 4.79222010298
593045352 16 3960547.06 3963385.07 3967827.977 4.78283115448 4.78819265068 4.79162372685 4.78283115448 4.78819265068 4.79162372685
652349880 16 4356225.979 4360492.355 4362204.11 4.78546982984 4.78734841401 4.79203702026 4.78546982984 4.78734841401 4.79203702026
717584864 16 4792833.871 4795524.37 4800517.346 4.78338353826 4.78836387354 4.79105186327 4.78338353826 4.78836387354 4.79105186327
789343344 16 5271744.281 5274447.403 5280762.163 4.78320860291 4.78893523398 4.79139079242 4.78320860291 4.78893523398 4.79139079242
868277672 16 5798016.588 5802271.338 5804846.325 4.78649803085 4.78862222834 4.79213625596 4.78649803085 4.78862222834 4.79213625596
955105432 8 3065092.455 3068719.129 3072197.573 4.9741875478 4.97982587184 4.98571809378 4.9741875478 4.97982587184 4.98571809378
1050615968 8 3371832.262 3374151.804 3376632.61 4.97828974293 4.98194997275 4.9853771427 4.97828974293 4.98194997275 4.9853771427
1155677560 8 3708960.513 3714206.985 3721029.693 4.96928067916 4.97840885946 4.98545101658 4.96928067916 4.97840885946 4.98545101658
1271245312 8 4079261.809 4085240.834 4095912.499 4.96590808445 4.97888027132 4.98617787834 4.96590808445 4.97888027132 4.98617787834
1398369840 8 4487756.093 4493780.603 4504493.946 4.96702131432 4.97886288108 4.98554666883 4.96702131432 4.97886288108 4.98554666883
1538206824 8 4935797.601 4949862.053 4955025.586 4.96693886981 4.97212021678 4.98628816932 4.96693886981 4.97212021678 4.98628816932
1692027504 8 5428953.604 5442249.246 5445624.339 4.97141161026 4.97449470619 4.98667736708 4.97141161026 4.97449470619 4.98667736708
1861230248 8 5980193.546 5986525.71 5989429.798 4.97203990569 4.9744518625 4.97971909085 4.97203990569 4.9744518625 4.97971909085
2047353272 4 3026782.257 3028864.268 3030421.508 5.4048013231 5.40758011148 5.41129978482 5.4048013231 5.40758011148 5.41129978482
2252088592 4 3324634.128 3330269.524 3332260.355 5.40675301945 5.40998516972 5.41915532427 5.40675301945 5.40998516972 5.41915532427
2477297448 4 3653613.736 3662355.299 3685501.598 5.3773900396 5.41137545814 5.42432260661 5.3773900396 5.41137545814 5.42432260661
2725027192 4 4016915.655 4028234.522 4055126.835 5.37596440827 5.41185410555 5.42710363083 5.37596440827 5.41185410555 5.42710363083
2997529904 4 4418461.977 4430792.471 4456852.157 5.3805328037 5.4121783832 5.42728201732 5.3805328037 5.4121783832 5.42728201732
3297282888 4 4868542.194 4891240.869 4905737.894 5.37702251404 5.39295933496 5.41810300761 5.37702251404 5.39295933496 5.41810300761
3627011176 4 5355081.409 5381023.252 5385655.289 5.3876618259 5.39229957745 5.41842171797 5.3876618259 5.39229957745 5.41842171797
3989712288 2 2430104.563 2453809.738 2460700.002 6.4854915833 6.50370275448 6.56714505005 6.4854915833 6.50370275448 6.56714505005
4388683512 2 2668475.114 2695600.641 2706757.982 6.48552037705 6.51236454725 6.57856389812 6.48552037705 6.51236454725 6.57856389812
4827551856 2 2928708.692 2959314.655 2965831.29 6.51089206898 6.52522954643 6.59342032779 6.51089206898 6.52522954643 6.59342032779
5310307040 2 3220842.14 3253042.482 3254623.204 6.52647843655 6.52964979017 6.59492990861 6.52647843655 6.52964979017 6.59492990861
5841337744 2 3545955.569 3579838.181 3596648.541 6.49642318665 6.52692937352 6.58929603638 6.49642318665 6.52692937352 6.58929603638
6425471512 2 3926209.872 3935588.249 3986850.183 6.44666462703 6.53063390321 6.54623336141 6.44666462703 6.53063390321 6.54623336141
7068018656 2 4295454.246 4321847.282 4373708.143 6.46409721445 6.5416644271 6.58185910147 6.46409721445 6.5416644271 6.58185910147
7774820520 1 2361954.805 2375488.319 2398534.138 6.48297674552 6.54587139647 6.58337788982 6.48297674552 6.54587139647 6.58337788982
8552302568 1 2596935.129 2612972.065 2622739.824 6.52165532375 6.54603444297 6.58645837741 6.52165532375 6.54603444297 6.58645837741
9407532824 1 2862554.587 2871207.697 2882151.028 6.52813314265 6.55301449201 6.57282335626 6.52813314265 6.55301449201 6.57282335626
10348286104 1 3141229.738 3166083.758 3191228.963 6.48545511712 6.53696294538 6.58868466627 6.48545511712 6.53696294538 6.58868466627
11383114712 1 3457355.67 3483459.426 3500137.252 6.50438190988 6.53552306482 6.5848676263 6.50438190988 6.53552306482 6.5848676263
12521426176 1 3805681.052 3835985.892 3867660.117 6.47493616151 6.52840053563 6.58038653524 6.47493616151 6.52840053563 6.58038653524
13773568792 1 4186285.479 4217735.302 4257539.388 6.47020146464 6.53126277767 6.58032944055 6.47020146464 6.53126277767 6.58032944055

META_DATA
HOSTNAME  ('qiang-gpu6', [], ['127.0.1.1'])
TIMESTAMP_DATA  1618318979.03
TIMESTAMP_DATA  1618324953.99
CONFIG  {'ERT_WORKING_SET_MIN': ['1'], 'ERT_CFLAGS': ['-O3'], 'ERT_CC': ['gcc'], 'ERT_MPI_CFLAGS': [], 'ERT_MPI_LDFLAGS': [], 'ERT_MEMORY_MAX': ['15000000000'], 'ERT_PROCS_THREADS': ['1'], 'ERT_LDFLAGS': [], 'ERT_LDLIBS': [], 'ERT_SPEC_GBYTES_DRAM': ['1.0'], 'ERT_RUN': ['export', 'KMP_AFFINITY=scatter;', 'export', 'OMP_NUM_THREADS=ERT_OPENMP_THREADS;', 'ERT_CODE'], 'ERT_FLOPS': ['1,2,4,8,16'], 'ERT_OPENMP_CFLAGS': ['-fopenmp'], 'ERT_SPEC_GFLOPS': ['1.0'], 'ERT_MPI': ['False'], 'ERT_TRIALS_MIN': ['1'], 'ERT_DRIVER': ['driver1'], 'ERT_RESULTS': ['Results.x86'], 'ERT_OPENMP': ['True'], 'ERT_MPI_PROCS': ['1'], 'ERT_KERNEL': ['kernel1'], 'ERT_OPENMP_THREADS': ['1'], 'ERT_LD': ['gcc'], 'ERT_NUM_EXPERIMENTS': ['6'], 'ERT_OPENMP_LDFLAGS': ['-fopenmp'], 'ERT_ALIGN': ['32'], 'ERT_GNUPLOT': ['gnuplot']}
MPI_PROCS      1
OPENMP_THREADS 1
UNAME  ('Linux', 'qiang-gpu6', '5.4.0-66-generic', '#74-Ubuntu SMP Wed Jan 27 22:54:38 UTC 2021', 'x86_64', 'x86_64')
TIMESTAMP_DATA  1618320970.67
FLOPS          16
TIMESTAMP_DATA  1618326945.77
TIMESTAMP_DATA  1618316987.19
TIMESTAMP_DATA  1618322962.4
ERT_VERSION  1.0.0
