64 134217728 10095712.181 10156076.585 10162098.087 1.69058289311 1.69158523375 1.70169958057 1.69058289311 1.69158523375 1.70169958057
128 67108864 6793034.122 6794073.504 6794442.81 2.52851774081 2.52865518365 2.52904208568 2.52851774081 2.52865518365 2.52904208568
192 67108864 6578325.414 6580258.352 6583384.257 3.91437029497 3.91622978878 3.91738051164 3.91437029497 3.91622978878 3.91738051164
256 33554432 4775839.236 4776566.173 4776678.239 3.5966142839 3.59669866632 3.59724612472 3.5966142839 3.59669866632 3.59724612472
320 33554432 5564791.057 5565821.696 5565989.982 3.85822406247 3.85834071821 3.85905531044 3.85822406247 3.85834071821 3.85905531044
384 33554432 7082425.237 7083563.52 7083656.617 3.63792390983 3.63797172189 3.63855641446 3.63792390983 3.63797172189 3.63855641446
448 16777216 3975859.635 3976122.672 3976570.69 3.7802384788 3.78066442513 3.78091454831 3.7802384788 3.78066442513 3.78091454831
512 16777216 4713281.112 4714547.117 4714721.02 3.64387820851 3.64401261832 3.64499141379 3.64387820851 3.64401261832 3.64499141379
576 16777216 5123640.088 5124086.833 5124891.151 3.77127089387 3.77186286296 3.7721917426 3.77127089387 3.77186286296 3.7721917426
640 16777216 5864249.887 5865021.111 5865220.827 3.66138583924 3.66151051694 3.66199205249 3.66138583924 3.66151051694 3.66199205249
704 16777216 6288724.07 6290928.537 6291229.175 3.75480203803 3.75498147675 3.75629775851 3.75480203803 3.75498147675 3.75629775851
768 16777216 7004516.95 7006042.172 7006242.892 3.67812023837 3.67822561488 3.67902654244 3.67812023837 3.67822561488 3.67902654244
832 16777216 7402894.656 7403887.709 7404072.947 3.77053111495 3.77062544993 3.77113125625 3.77053111495 3.77062544993 3.77113125625
896 8388608 4081817.573 4082507.707 4082653.996 3.68201310979 3.68214504782 3.68276760712 3.68201310979 3.68214504782 3.68276760712
960 8388608 4299753.29 4300436.625 4301946.231 3.74391647295 3.74523072061 3.74582592854 3.74391647295 3.74523072061 3.74582592854
1024 8388608 4679596.374 4680796.313 4680961.506 3.6701581848 3.67028771072 3.67122884346 3.6701581848 3.67028771072 3.67122884346
1088 8388608 4871922.874 4873002.891 4874570.807 3.74466014152 3.74586500692 3.7466953973 3.74466014152 3.74586500692 3.7466953973
1152 8388608 5277176.311 5280436.137 5281144.701 3.65969007218 3.66018115371 3.66244212681 3.65969007218 3.66018115371 3.66244212681
1216 8388608 5447370.258 5447793.066 5447912.631 3.74475437435 3.74483656204 3.74512722465 3.74475437435 3.74483656204 3.74512722465
1280 8388608 5836092.165 5837607.204 5837659.084 3.67867259307 3.67870528618 3.67966027144 3.67867259307 3.67870528618 3.67966027144
1408 8388608 6437847.929 6437960.519 6438205.161 3.66908471185 3.66922413679 3.66928830698 3.66908471185 3.66922413679 3.66928830698
1536 8388608 6977612.72 6981402.08 6983153.621 3.69028166565 3.69120750828 3.69321210708 3.69028166565 3.69120750828 3.69321210708
1664 8388608 7586298.972 7590499.291 7591797.587 3.67729606909 3.67792504205 3.67996140503 3.67729606909 3.67792504205 3.67996140503
1792 4194304 4065805.394 4066425.492 4067315.248 3.69589879796 3.6967074807 3.69727128558 3.69589879796 3.6967074807 3.69727128558
1920 4194304 4343422.128 4346182.882 4346349.36 3.70566791253 3.70580985598 3.70816533262 3.70566791253 3.70580985598 3.70816533262
2112 4194304 4759889.444 4760081.901 4760216.349 3.72183505897 3.7219401818 3.72209067131 3.72183505897 3.7219401818 3.72209067131
2304 4194304 5205838.361 5207417.446 5207776.751 3.71124834187 3.71150441316 3.7126302224 3.71124834187 3.71150441316 3.7126302224
2496 4194304 5628824.337 5629142.688 5629310.989 3.71945440728 3.71956561212 3.71977598064 3.71945440728 3.71956561212 3.71977598064
2688 4194304 6097794.263 6099218.653 6100150.518 3.69639703766 3.69696178918 3.69782536627 3.69639703766 3.69696178918 3.69782536627
2944 4194304 6689446.345 6689548.558 6690287.399 3.69133050333 3.69173819995 3.69179460875 3.69133050333 3.69173819995 3.69179460875
3200 4194304 7246905.462 7248918.859 7250109.674 3.70250200439 3.70311023232 3.70413906194 3.70250200439 3.70311023232 3.70413906194
3520 4194304 7957733.741 7964222.935 7965241.494 3.70709415179 3.70756825882 3.71059162332 3.70709415179 3.70756825882 3.71059162332
3840 2097152 4337536.517 4339221.627 4339412.723 3.71159149593 3.71175495158 3.71319694875 3.71159149593 3.71175495158 3.71319694875
4224 2097152 4822005.23 4823926.562 4824240.064 3.67244164075 3.67268030893 3.67414369146 3.67244164075 3.67268030893 3.67414369146
4608 2097152 5244958.261 5245655.161 5245774.939 3.68436561933 3.68444974723 3.68493930175 3.68436561933 3.68444974723 3.68493930175
5056 2097152 5725635.851 5726507.079 5726577.184 3.70315466685 3.70320000158 3.70376349035 3.70315466685 3.70320000158 3.70376349035
5504 2097152 6251363.567 6252360.174 6252699.017 3.69207747778 3.69227756776 3.69286619928 3.69207747778 3.69227756776 3.69286619928
6016 2097152 6827270.692 6828067.118 6828134.771 3.6954356805 3.69547229515 3.69590338546 3.6954356805 3.69547229515 3.69590338546
6592 2097152 7452845.426 7454217.378 7454398.64 3.70906538586 3.7091555781 3.70983837549 3.70906538586 3.7091555781 3.70983837549
7232 1048576 4090898.192 4091556.266 4091770.735 3.70661120729 3.70680549844 3.70740178616 3.70661120729 3.70680549844 3.70740178616
7936 1048576 4493005.094 4493680.65 4493698.607 3.70363028933 3.70364508924 3.70420195922 3.70363028933 3.70364508924 3.70420195922
8704 1048576 4929401.618 4930366.021 4930743.703 3.70199955777 3.70228314293 3.70300746877 3.70199955777 3.70228314293 3.70300746877
9536 1048576 5386138.76 5387146.731 5387438.984 3.71204973855 3.71225111745 3.71294583432 3.71204973855 3.71225111745 3.71294583432
10432 1048576 5892252.785 5893595.529 5893615.289 3.71206612431 3.71207857009 3.71292448954 3.71206612431 3.71207857009 3.71292448954
11456 1048576 6471041.371 6472810.308 6473214.186 3.7114442102 3.71167578977 3.712690421 3.7114442102 3.71167578977 3.712690421
12544 1048576 7100095.582 7101721.155 7102095.232 3.70407236578 3.70426747458 3.70511556981 3.70407236578 3.70426747458 3.70511556981
13760 1048576 7768226.922 7769486.287 7769809.927 3.7139662091 3.71412091534 3.71472303909 3.7139662091 3.71412091534 3.71472303909
15104 524288 4262176.444 4263014.597 4263189.957 3.71498621074 3.71513902747 3.71586960608 3.71498621074 3.71513902747 3.71586960608
16576 524288 4674161.963 4674774.395 4675033.126 3.71787649575 3.71808226609 3.71856942776 3.71787649575 3.71808226609 3.71856942776
18176 524288 5130293.942 5131633.858 5131693.645 3.71396242536 3.71400569553 3.71497570928 3.71396242536 3.71400569553 3.71497570928
19968 524288 5650432.202 5652276.88 5652389.798 3.70426780818 3.70434180995 3.70555115423 3.70426780818 3.70434180995 3.70555115423
21952 524288 6188189.53 6189282.882 6189461.112 3.7189571007 3.71906419384 3.71972129173 3.7189571007 3.71906419384 3.71972129173
24128 524288 6799487.403 6800417.027 6800825.822 3.72014258124 3.72036621101 3.72087485842 3.72014258124 3.72036621101 3.72087485842
26496 524288 7498958.539 7500336.765 7511108.947 3.69893046314 3.70424296488 3.70492376395 3.69893046314 3.70424296488 3.70492376395
29120 262144 4102195.1 4102427.02 4102793.404 3.72118823851 3.72152057442 3.72173097277 3.72118823851 3.72152057442 3.72173097277
32000 262144 4509740.116 4510039.717 4510294.089 3.71976098874 3.71997078801 3.72021792131 3.71976098874 3.71997078801 3.72021792131
35200 262144 4961866.867 4962952.786 4962973.133 3.71852458303 3.71853982816 3.71935364142 3.71852458303 3.71853982816 3.71935364142
38720 262144 5455918.928 5456584.061 5456787.022 3.72021691119 3.72035528694 3.72080883677 3.72021691119 3.72035528694 3.72080883677
42560 262144 5993886.419 5994826.428 5995107.972 3.72198422184 3.72215902295 3.72274276157 3.72198422184 3.72215902295 3.72274276157
46784 262144 6589459.52 6590305.922 6590419.722 3.72180996456 3.72187423199 3.72235229878 3.72180996456 3.72187423199 3.72235229878
51456 262144 7248310.673 7248929.761 7249112.97 3.72152612873 3.72162018635 3.72193805496 3.72152612873 3.72162018635 3.72193805496
56576 262144 7968982.791 7969388.094 7969914.691 3.72176102732 3.72200695187 3.72219625339 3.72176102732 3.72200695187 3.72219625339
62208 131072 4381813.086 4382134.903 4382345.066 3.72117067607 3.72134913985 3.72162244987 3.72117067607 3.72134913985 3.72162244987
68416 131072 4816734.596 4816852.207 4816909.383 3.72330938325 3.72335357891 3.72344449264 3.72330938325 3.72335357891 3.72344449264
75200 131072 5294226.339 5294555.766 5294572.621 3.72328990669 3.72330175963 3.7235334377 3.72328990669 3.72330175963 3.7235334377
82688 131072 5825527.796 5826425.192 5826812.565 3.72007213724 3.72031946823 3.72089256649 3.72007213724 3.72031946823 3.72089256649
90944 131072 6402515.931 6403107.877 6403217.323 3.72319456508 3.72325820429 3.72360243894 3.72319456508 3.72325820429 3.72360243894
100032 131072 7042008.889 7042592.951 7042822.056 3.7233353902 3.7234565153 3.72376533761 3.7233353902 3.7234565153 3.72376533761
110016 131072 7745977.113 7746767.036 7747273.02 3.72260461579 3.72284775959 3.72322740995 3.72260461579 3.72284775959 3.72322740995
120960 65536 4266645.658 4267622.473 4268138.454 3.71460984475 3.71505896323 3.71590949679 3.71460984475 3.71505896323 3.71590949679
133056 65536 4683615.12 4684561.795 4684810.143 3.72265161227 3.72284896543 3.72360144571 3.72265161227 3.72284896543 3.72360144571
146304 65536 5159502.115 5160528.102 5160677.13 3.71586080759 3.71596811585 3.71670705052 3.71586080759 3.71596811585 3.71670705052
160896 65536 5666546.365 5667753.188 5668021.027 3.72069200371 3.72086783113 3.72166027658 3.72069200371 3.72086783113 3.72166027658
176960 65536 6230249.673 6231073.263 6263335.596 3.70321863877 3.72239261858 3.7228846896 3.70321863877 3.72239261858 3.7228846896
194624 65536 6852013.927 6852995.364 6898530.051 3.6978539978 3.72242436672 3.72295754209 3.6978539978 3.72242436672 3.72295754209
214080 65536 7537590.905 7538046.285 7567035.838 3.70817508477 3.72243585395 3.72266074315 3.70817508477 3.72243585395 3.72266074315
235456 32768 4145041.847 4146159.381 4159933.662 3.70939675239 3.72172003004 3.72272343334 3.70939675239 3.72172003004 3.72272343334
258944 32768 4560157.501 4560470.803 4578119.363 3.70679587805 3.72114080258 3.7213964606 3.70679587805 3.72114080258 3.7213964606
284800 32768 5043390.473 5044897.715 5048640.03 3.69696644821 3.69970886516 3.70081454131 3.69696644821 3.69970886516 3.70081454131
313280 32768 5554251.065 5555350.971 5556015.754 3.69529515197 3.69573735074 3.69646921605 3.69529515197 3.69573735074 3.69646921605
344576 32768 6105468.92 6108074.192 6112603.571 3.69435584587 3.69709535709 3.6986729491 3.69435584587 3.69709535709 3.6986729491
379008 32768 6716835.778 6717251.229 6720085.791 3.69618321261 3.69774293699 3.69797165048 3.69618321261 3.69774293699 3.69797165048
416896 32768 7369237.735 7371293.324 7372917.079 3.7056833765 3.70649966771 3.70753356568 3.7056833765 3.70649966771 3.70753356568
458560 16384 4051583.221 4053075.222 4057709.123 3.70309788714 3.70733165732 3.70869688721 3.70309788714 3.70733165732 3.70869688721
504384 16384 4455869.926 4457815.468 4461158.732 3.70478969812 3.70756820928 3.70918702441 3.70478969812 3.70756820928 3.70918702441
554816 16384 4901759.811 4902761.487 4906590.305 3.70526364703 3.70815727753 3.70891504051 3.70526364703 3.70815727753 3.70891504051
610240 16384 5389537.805 5390485.383 5390854.761 3.70930867303 3.70956284995 3.71021505804 3.70930867303 3.70956284995 3.71021505804
671232 16384 5928815.55 5928844.299 5929642.981 3.70931778633 3.70981747315 3.70983546216 3.70931778633 3.70981747315 3.70983546216
738304 16384 6520093.341 6520854.777 6521347.874 3.70977686506 3.71005739268 3.71049066428 3.70977686506 3.71005739268 3.71049066428
812096 16384 7171238.283 7171885.876 7172119.122 3.71030671345 3.71042738104 3.71076244825 3.71030671345 3.71042738104 3.71076244825
893248 16384 7886955.089 7888409.718 7889672.17 3.70990705739 3.71050078664 3.71118513212 3.70990705739 3.71050078664 3.71118513212
982528 8192 4337457.274 4337897.305 4338571.373 3.71037776448 3.71095432191 3.71133079477 3.71037776448 3.71095432191 3.71133079477
1080768 8192 4770407.393 4770742.174 4771670.151 3.71092350302 3.71164533026 3.71190580871 3.71092350302 3.71164533026 3.71190580871
1188800 8192 5247153.509 5247407.824 5248118.675 3.71129168492 3.71179444276 3.71197434315 3.71129168492 3.71179444276 3.71197434315
1307648 8192 5771598.075 5772397.794 5772665.338 3.71137136445 3.71154338224 3.71205765779 3.71137136445 3.71154338224 3.71205765779
1438400 8192 6349026.506 6350336.485 6350592.484 3.71095227089 3.71110186927 3.71186757178 3.71095227089 3.71110186927 3.71186757178
1582208 8192 6983266.926 6983393.515 6984645.387 3.71141188073 3.71207720377 3.71214449436 3.71141188073 3.71207720377 3.71214449436
1740416 8192 7680955.7 7681369.853 7682493.457 3.7116823989 3.71222533086 3.71242549205 3.7116823989 3.71222533086 3.71242549205
1914432 4096 4224243.912 4224284.499 4224904.621 3.71204283904 3.71258776432 3.71262343527 3.71204283904 3.71258776432 3.71262343527
2105856 4096 4646180.01 4646328.785 4646886.736 3.71241507101 3.71286087366 3.71297976292 3.71241507101 3.71286087366 3.71297976292
2316416 4096 5110663.898 5111031.738 5111206.492 3.71264199592 3.71276893683 3.71303616335 3.71264199592 3.71276893683 3.71303616335
2548032 4096 5621182.284 5621648.577 5622500.951 3.7124899268 3.71305282749 3.71336083575 3.7124899268 3.71305282749 3.71336083575
2802816 4096 6183129.18 6184512.137 6184521.556 3.71260225453 3.71260790882 3.71343829372 3.71260225453 3.71260790882 3.71343829372
3083072 4096 6801331.119 6803044.038 6804502.436 3.71173734767 3.71253304887 3.71346805237 3.71173734767 3.71253304887 3.71346805237
3391360 4096 7485616.538 7488385.038 7488451.902 3.70998191396 3.7100150405 3.71138716216 3.70998191396 3.7100150405 3.71138716216
3730496 2048 4122928.822 4123095.663 4123574.605 3.70554993657 3.70598037613 3.70613034464 3.70554993657 3.70598037613 3.70613034464
4103488 2048 4535845.048 4538659.062 4541256.315 3.70115353156 3.70327152104 3.70556901088 3.70115353156 3.70327152104 3.70556901088
4513792 2048 4990152.367 4990649.255 4991333.821 3.70411851722 3.70462661015 3.70499549358 3.70411851722 3.70462661015 3.70499549358
4965120 2048 5486367.631 5487823.819 5487964.711 3.70576936824 3.70586450855 3.70684811661 3.70576936824 3.70586450855 3.70684811661
5461632 2048 6034449.213 6036273.801 6036283.141 3.70606284521 3.70606857964 3.70718915387 3.70606284521 3.70606857964 3.70718915387
6007744 2048 6637621.682 6639165.914 6639315.378 3.7063639883 3.7064474277 3.70730972673 3.7063639883 3.7064474277 3.70730972673
6608512 2048 7302229.112 7303804.456 7303885.23 3.70603648601 3.70607747169 3.7068770011 3.70603648601 3.70607747169 3.7068770011
7269312 2048 8031242.722 8032194.021 8033302.091 3.70645864113 3.70696996041 3.70740905021 3.70645864113 3.70696996041 3.70740905021
7996224 1024 4416087.076 4416741.079 4416953.23 3.70759342453 3.70777151277 3.70832061736 3.70759342453 3.70777151277 3.70832061736
8795840 1024 4856296.924 4858671.404 4859241.009 3.70713868414 3.70757328951 3.7093861026 3.70713868414 3.70757328951 3.7093861026
9675392 1024 5341949.175 5344969.288 5345366.209 3.70698695678 3.70726224012 3.70935817 3.70698695678 3.70726224012 3.70935817
10642880 1024 5878784.895 5879339.244 5880174.558 3.70679782122 3.70732446886 3.70767405668 3.70679782122 3.70732446886 3.70767405668
11707136 1024 6467066.198 6468801.009 6468993.522 3.70632841824 3.70643871942 3.70743298335 3.70632841824 3.70643871942 3.70743298335
12877824 1024 7115358.155 7116710.852 7116725.724 3.70588731038 3.70589505468 3.70659958044 3.70588731038 3.70589505468 3.70659958044
14165568 1024 7825504.938 7827742.128 7827901.588 3.70611241568 3.7061879134 3.70724745481 3.70611241568 3.7061879134 3.70724745481
15582080 512 4302497.93 4303214.784 4303642.73 3.70756843006 3.70793714023 3.70855493241 3.70756843006 3.70793714023 3.70855493241
17140288 512 4732552.177 4733745.243 4733829.213 3.70770767644 3.70777344597 3.70870816751 3.70770767644 3.70777344597 3.70870816751
18854272 512 5205556.825 5206732.176 5206844.734 3.70796048554 3.70804064342 3.7088778736 3.70796048554 3.70804064342 3.7088778736
20739648 512 5726390.719 5727850.591 5727877.5 3.7077258639 3.70774328251 3.70868852549 3.7077258639 3.70774328251 3.70868852549
22813568 512 6298950.144 6300218.925 6300230.918 3.70797418953 3.70798124797 3.7087281369 3.70797418953 3.70798124797 3.7087281369
25094912 512 6928044.828 6930014.867 6930057.147 3.70807763095 3.70810025392 3.7091546787 3.70807763095 3.70810025392 3.7091546787
27604352 512 7621316.737 7623297.736 7623565.047 3.70782649243 3.70795650739 3.70892031173 3.70782649243 3.70795650739 3.70892031173
30364736 256 4187220.493 4188420.791 4188515.027 3.71175577306 3.71183928449 3.71290331092 3.71175577306 3.71183928449 3.71290331092
33401152 256 4606264.817 4607535.607 4607609.211 3.71155387553 3.71161316649 3.71263713734 3.71155387553 3.71161316649 3.71263713734
36741248 256 5066794.365 5067938.573 5068058.849 3.71177990163 3.71186799229 3.71270622426 3.71177990163 3.71186799229 3.71270622426
40415360 256 5573496.988 5574642.768 5575052.26 3.71165387425 3.71192651819 3.71268960305 3.71165387425 3.71192651819 3.71268960305
44456896 256 6130525.369 6132177.497 6132818.568 3.71149586436 3.71188387211 3.71288419539 3.71149586436 3.71188387211 3.71288419539
48902528 256 6743586.631 6745477.784 6745683.291 3.71172100081 3.7118340817 3.7128750183 3.71172100081 3.7118340817 3.7128750183
53792768 256 7417741.963 7420263.632 7420675.037 3.71150833026 3.71171410908 3.71297591011 3.71150833026 3.71171410908 3.71297591011
59172032 128 4071922.991 4072929.854 4073120.021 3.71902622901 3.71919987208 3.72011951736 3.71902622901 3.71919987208 3.72011951736
65089216 128 4478971.853 4480256.517 4480611.019 3.71887656066 3.71917081818 3.72023755515 3.71887656066 3.71917081818 3.72023755515
71598080 128 4927263.595 4928280.4 4928417.422 3.71906575896 3.71916916091 3.71993665989 3.71906575896 3.71916916091 3.71993665989
78757888 128 5419948.803 5421075.203 5421520.259 3.7188866526 3.7191919634 3.71996490388 3.7188866526 3.7191919634 3.71996490388
86633664 128 5961993.334 5963010.51 5963179.938 3.71919315107 3.71929882512 3.71993337489 3.71919315107 3.71929882512 3.71993337489
95297024 128 6558021.708 6559496.993 6559642.923 3.71911069404 3.71919343359 3.72003009905 3.71911069404 3.71919343359 3.72003009905
104826688 128 7213214.814 7215130.738 7215312.124 3.71926143552 3.71935493652 3.72034284573 3.71926143552 3.71935493652 3.72034284573
115309312 128 7934861.328 7936973.386 7937382.647 3.71900728298 3.71919904936 3.72018900543 3.71900728298 3.71919904936 3.72018900543
126840192 64 4346927.884 4348219.128 4348259.17 3.73380333169 3.73383771564 3.73494684275 3.73380333169 3.73383771564 3.73494684275
139524160 64 4780996.295 4782730.903 4783023.101 3.73385035006 3.73407846735 3.73543323986 3.73385035006 3.73407846735 3.73543323986
153476544 64 5259402.323 5261070.502 5261155.668 3.73397003846 3.73403048382 3.73521484487 3.73397003846 3.73403048382 3.73521484487
168824192 64 5785159.625 5787369.59 5787664.119 3.73371642371 3.73390643883 3.73533281305 3.73371642371 3.73390643883 3.73533281305
185706560 64 6363783.612 6365901.419 6366066.817 3.73392871349 3.73402572793 3.73526837638 3.73392871349 3.73402572793 3.73526837638
204277184 64 7000363.908 7002508.351 7002613.35 3.73396020102 3.73401618982 3.73516004248 3.73396020102 3.73401618982 3.73516004248
224704896 64 7700094.173 7702820.97 7703096.926 3.73385236669 3.73398613313 3.73530843153 3.73385236669 3.73398613313 3.73530843153
247175360 32 4201699.768 4202928.673 4203033.822 3.76376296503 3.76385712697 3.7649579726 3.76376296503 3.76385712697 3.7649579726
271892864 32 4621614.319 4623131.644 4623707.576 3.76346103424 3.76392987178 3.76516560987 3.76346103424 3.76392987178 3.76516560987
299082112 32 5083815.197 5085821.8 5086140.256 3.76341473191 3.7636503835 3.76513591196 3.76341473191 3.7636503835 3.76513591196
328990272 32 5592084.076 5594441.705 5594740.273 3.76342356939 3.76362441835 3.76521116669 3.76342356939 3.76362441835 3.76521116669
361889280 32 6151934.268 6153260.672 6154096.564 3.76349536916 3.7640066226 3.76481817117 3.76349536916 3.7640066226 3.76481817117
398078208 32 6766622.723 6768739.544 6769096.586 3.76372311849 3.76392164987 3.76509912772 3.76372311849 3.76392164987 3.76509912772
437886016 32 7443269.954 7445814.354 7446223.286 3.76361330403 3.76382000566 3.76510662615 3.76361330403 3.76382000566 3.76510662615
481674560 16 4028746.575 4029871.914 4030136.716 3.82458139914 3.82483271154 3.82590109183 3.82458139914 3.82483271154 3.82590109183
529841984 16 4431560.699 4432674.914 4433367.58 3.82439380043 3.8249914142 3.82595312117 3.82439380043 3.8249914142 3.82595312117
582826176 16 4874762.225 4876429.034 4876596.727 3.82447815066 3.82460966867 3.82591740298 3.82447815066 3.82460966867 3.82591740298
641108736 16 5361905.817 5364061.817 5364138.828 3.82456163232 3.82461654095 3.82615440334 3.82456163232 3.82461654095 3.82615440334
705219584 16 5898016.51 5900175.206 5900415.272 3.82465057927 3.82480619644 3.82620608975 3.82465057927 3.82480619644 3.82620608975
775741504 16 6488010.372 6489892.49 6490484.532 3.82463404783 3.82498295099 3.82609254682 3.82463404783 3.82498295099 3.82609254682
853315648 16 7137191.399 7139202.257 7139471.169 3.82466713425 3.82481119781 3.82588881389 3.82466713425 3.82481119781 3.82588881389
938647168 8 3797937.831 3799552.631 3799573.281 3.95264246201 3.95266394403 3.95434453019 3.95264246201 3.95266394403 3.95434453019
1032511872 8 4178214.319 4179466.024 4179626.87 3.95255137978 3.95270349301 3.95388763972 3.95255137978 3.95270349301 3.95388763972
1135763008 8 4595293.109 4597244.332 4597541.082 3.95259287604 3.95284801408 3.95452644629 3.95259287604 3.95284801408 3.95452644629
1249339264 8 5055533.813 5056973.885 5057641.925 3.95232175793 3.95284387038 3.95396984045 3.95232175793 3.95284387038 3.95396984045
1374273152 8 5560772.767 5562763.792 5563248.194 3.95243384175 3.95277801722 3.9541933025 3.95243384175 3.95277801722 3.9541933025
1511700416 8 6116966.375 6119154.69 6119757.982 3.95231424627 3.95270390787 3.95411796848 3.95231424627 3.95270390787 3.95411796848
1662870400 8 6728975.918 6731218.899 6731231.35 3.95260911661 3.9526164279 3.95393396027 3.95260911661 3.9526164279 3.95393396027
1829157440 8 7401437.979 7403970.476 7404266.057 3.952656322 3.95281411978 3.95416662587 3.952656322 3.95281411978 3.95416662587
2012073152 4 3798718.174 3799608.41 3799960.664 4.23598732705 4.23638003686 4.23737283965 4.23598732705 4.23638003686 4.23737283965
2213280448 4 4178040.775 4179598.749 4180097.806 4.23584432847 4.23635010137 4.23792981867 4.23584432847 4.23635010137 4.23792981867
2434608448 4 4596127.867 4597449.857 4597880.283 4.23605365629 4.23645024738 4.23766878286 4.23605365629 4.23645024738 4.23766878286
2678069248 4 5055649.716 5057297.058 5057797.861 4.23594508377 4.23636455171 4.23774493636 4.23594508377 4.23636455171 4.23774493636
2945876160 4 5561395.487 5562927.326 5563762.358 4.23580443656 4.23644025868 4.23760715006 4.23580443656 4.23644025868 4.23760715006
3240463744 4 6117378.408 6119244.033 6119910.79 4.23596206572 4.23642361903 4.23771560675 4.23596206572 4.23642361903 4.23771560675
3564510080 4 6728974.441 6731481.542 6732003.162 4.23589828373 4.23622652191 4.2378048676 4.23589828373 4.23622652191 4.2378048676
3920961088 2 3170066.572 3170926.525 3171500.558 4.94524407774 4.94613931554 4.94748106886 4.94524407774 4.94613931554 4.94748106886
4313057152 2 3487062.661 3488180.988 3488766.719 4.94507945001 4.94590982158 4.94749601174 4.94507945001 4.94590982158 4.94749601174
4744362816 2 3835502.183 3836826.811 3837665.698 4.94505065251 4.94613184249 4.94784003725 4.94505065251 4.94613184249 4.94784003725
5218799040 2 4219154.241 4220293.12 4221043.48 4.94550607188 4.94638537335 4.94772055431 4.94550607188 4.94638537335 4.94772055431
5740678912 2 4640998.175 4642900.759 4643421.931 4.94521410917 4.94576921626 4.94779674159 4.94521410917 4.94576921626 4.94779674159
6314746752 2 5104919.46 5106907.652 5107679.954 4.94529556188 4.94604342377 4.94796973898 4.94529556188 4.94604342377 4.94796973898
6946221376 2 5615827.54 5618218.82 5618284.976 4.94543897696 4.9454972108 4.94760305691 4.94543897696 4.9454972108 4.94760305691
7640843456 1 3088607.354 3089972.574 3090176.06 4.94524797788 4.94557364055 4.94775967305 4.94524797788 4.94557364055 4.94775967305
8404927744 1 3397511.342 3398722.949 3399303.536 4.94508810701 4.94593285191 4.94769665084 4.94508810701 4.94593285191 4.94769665084
9245420480 1 3736939.436 3738891.768 3739052.827 4.945327551 4.94554057923 4.94812433455 4.945327551 4.94554057923 4.94812433455
10169962496 1 4110816.468 4112576.272 4112673.383 4.94566990806 4.94578669105 4.94790393839 4.94566990806 4.94578669105 4.94790393839
11186958720 1 4521867.556 4524064.842 4524189.221 4.94539824642 4.94553420903 4.94793736502 4.94539824642 4.94553420903 4.94793736502
12305654592 1 4973954.834 4976382.195 4976821.093 4.94518664105 4.94562278772 4.94803632228 4.94518664105 4.94562278772 4.94803632228
13536220032 1 5471623.78 5474001.255 5474369.08 4.94530779134 4.94564009083 4.94778902068 4.94530779134 4.94564009083 4.94778902068
14889841984 1 6018697.804 6020897.943 6021681.049 4.94541038054 4.94605360362 4.94786163682 4.94541038054 4.94605360362 4.94786163682

META_DATA
OPENMP_THREADS 8
HOSTNAME  localhost.localdomain
CONFIG  {'ERT_WORKING_SET_MIN': ['1'], 'ERT_CFLAGS': ['-O3'], 'ERT_CC': ['gcc'], 'ERT_MPI_CFLAGS': [], 'ERT_MPI_LDFLAGS': [], 'ERT_MEMORY_MAX': ['15000000000'], 'ERT_PROCS_THREADS': ['8,10,16'], 'ERT_LDFLAGS': [], 'ERT_LDLIBS': [], 'ERT_SPEC_GBYTES_DRAM': ['0'], 'ERT_RUN': ['export', 'KMP_AFFINITY=scatter;', 'export', 'OMP_NUM_THREADS=ERT_OPENMP_THREADS;', 'ERT_CODE'], 'ERT_FLOPS': ['1,2,4,8,16'], 'ERT_OPENMP_CFLAGS': ['-fopenmp'], 'ERT_SPEC_GFLOPS': ['0'], 'ERT_MPI': ['False'], 'ERT_TRIALS_MIN': ['1'], 'ERT_DRIVER': ['driver1'], 'ERT_RESULTS': ['Results.arm'], 'ERT_OPENMP': ['True'], 'ERT_MPI_PROCS': ['1'], 'ERT_KERNEL': ['kernel1'], 'ERT_OPENMP_THREADS': ['8,10,16'], 'ERT_LD': ['gcc'], 'ERT_NUM_EXPERIMENTS': ['4'], 'ERT_OPENMP_LDFLAGS': ['-fopenmp'], 'ERT_ALIGN': ['32'], 'ERT_GNUPLOT': ['gnuplot']}
MPI_PROCS      1
TIMESTAMP_DATA  1614763814.24
UNAME  ('Linux', 'localhost.localdomain', '5.4.44-mlnx.14.gd7fb187', '#1 SMP PREEMPT Tue Sep 15 16:18:01 UTC 2020', 'aarch64', 'aarch64')
TIMESTAMP_DATA  1614761714.44
TIMESTAMP_DATA  1614768014.15
FLOPS          16
ERT_VERSION  1.0.0
TIMESTAMP_DATA  1614765914.3
