128 67108864 1480830.956 1488784.507 1501954.244 11.4383439127 11.539527113 11.601505975 2.85958597817 2.88488177826 2.90037649375
256 33554432 762623.248 770699.843 772223.728 22.2472692318 22.2912581857 22.5273347345 5.56181730795 5.57281454643 5.63183368362
384 33554432 776189.999 777976.212 778702.578 33.0932560185 33.1241538989 33.2003811041 8.27331400462 8.28103847473 8.30009527603
512 16777216 389975.701 390379.868 390431.269 44.0022881057 44.0080818512 44.0536913965 11.0005720264 11.0020204628 11.0134228491
640 16777216 400249.584 400747.481 403889.406 53.1700910224 53.5869531267 53.6536134913 13.2925227556 13.3967382817 13.4134033728
768 16777216 431509.592 432336.852 435406.577 59.1856098122 59.6058458972 59.7201180548 14.7964024531 14.9014614743 14.9300295137
896 8388608 254084.4 254414.599 254432.333 59.0820567447 59.0861750665 59.1629613467 14.7705141862 14.7715437666 14.7907403367
1024 8388608 293078.948 293395.354 294564.999 58.3228463746 58.5553552562 58.6185712117 14.5807115936 14.6388388141 14.6546428029
1152 8388608 316790.851 317161.598 319721.034 60.4506766108 60.938502498 61.00982011 15.1126691527 15.2346256245 15.2524550275
1280 8388608 347340.606 347570.019 347623.396 61.7761540998 61.7856411833 61.8264496262 15.444038525 15.4464102958 15.4566124066
1408 8388608 372908.67 373039.618 374834.432 63.0206782284 63.3238910512 63.3461274258 15.7551695571 15.8309727628 15.8365318564
1536 8388608 405788.052 406635.745 409670.365 62.9037537924 63.3731886409 63.5055755067 15.7259384481 15.8432971602 15.8763938767
1664 8388608 434647.693 437706.131 438091.484 63.7247890991 63.7808918971 64.2296919404 15.9311972748 15.9452229743 16.0574229851
1792 4194304 233824.463 233924.405 234155.838 64.1982094677 64.261723936 64.2891908876 16.0495523669 16.065430984 16.0722977219
1920 4194304 251199.296 251546.652 254991.343 63.1634281012 64.0283908847 64.1169287353 15.7908570253 16.0070977212 16.0292321838
2048 4194304 265292.197 265508.122 269773.767 63.6825046966 64.7056257812 64.7582905878 15.9206261742 16.1764064453 16.1895726469
2176 4194304 282007.799 282193.576 286109.901 63.7992986059 64.6847148923 64.7273269489 15.9498246515 16.1711787231 16.1818317372
2304 4194304 298648.126 298945.69 299501.853 64.5316636221 64.6517192872 64.7161363135 16.1329159055 16.1629298218 16.1790340784
2432 4194304 310385.541 310702.99 310741.461 65.652953392 65.6610824891 65.7282378241 16.413238348 16.4152706223 16.432059456
2560 4194304 330434.408 332096.398 334985.516 64.106761201 64.6644667311 64.9897103936 16.0266903002 16.1661166828 16.2474275984
2816 4194304 355201.498 355979.137 356644.857 66.2348542657 66.3587207022 66.5039991695 16.5587135664 16.5896801756 16.6259997924
3072 4194304 389313.671 389503.335 393700.99 65.4552679078 66.1606755588 66.192907405 16.3638169769 16.5401688897 16.5482268512
3328 4194304 421082.569 421458.342 425976.411 65.5371675593 66.2397315273 66.2988436931 16.3842918898 16.5599328818 16.5747109233
3584 2097152 225644.328 225988.021 228691.057 65.7322841269 66.5185060229 66.6198245231 16.4330710317 16.6296265057 16.6549561308
3840 2097152 239804.298 239894.277 240199.952 67.0529999107 67.1384393218 67.1636309037 16.7632499777 16.7846098304 16.7909077259
4224 2097152 263800.903 264273.659 265052.36 66.8424159513 67.0393718505 67.1595127027 16.7106039878 16.7598429626 16.7898781757
4608 2097152 287399.161 287494.957 287511.496 67.2228870876 67.2267542836 67.2491623314 16.8057217719 16.8066885709 16.8122905829
4992 2097152 310333.598 314495.799 314566.793 66.5612710366 66.5762965184 67.4692192626 16.6403177592 16.6440741296 16.8673048156
5376 2097152 333830.622 334096.181 334217.003 67.466879607 67.4912782197 67.5449668725 16.8667199017 16.8728195549 16.8862417181
5888 2097152 363654.328 363906.768 363948.464 67.8559312507 67.8637061018 67.9108154379 16.9639828127 16.9659265254 16.9777038595
6400 2097152 394422.501 395189.894 398721.271 67.3240871566 67.9256884034 68.0578454118 16.8310217892 16.9814221008 17.014461353
7040 2097152 435097.137 437543.859 439119.025 67.2435000055 67.4855778515 67.8650757474 16.8108750014 16.8713944629 16.9662689369
7680 1048576 235721.526 235873.17 236816.288 68.0110624823 68.282998698 68.3269264089 17.0027656206 17.0707496745 17.0817316022
8448 1048576 272686.983 273090.286 276261.436 64.1303410006 64.8750285318 64.9709784497 16.0325852502 16.2187571329 16.2427446124
9216 1048576 297258.795 297347.133 297402.51 64.9871880099 64.9992910206 65.0186072106 16.2467970025 16.2498227551 16.2546518026
10112 1048576 324624.508 324880.799 331764.012 63.9201367748 65.2744055336 65.3259396669 15.9800341937 16.3186013834 16.3314849167
11008 1048576 350373.718 353953.473 355773.802 64.8879964917 65.221705611 65.8880733058 16.2219991229 16.3054264028 16.4720183264
12032 1048576 382201.597 382453.561 382541.914 65.9612239615 65.9764620782 66.0199566461 16.4903059904 16.4941155196 16.5049891615
13184 1048576 415668.403 416290.784 416474.281 66.3878977151 66.4171608661 66.5166073929 16.5969744288 16.6042902165 16.6291518482
14464 524288 227853.672 227941.751 231879.509 65.4072596988 66.5371885469 66.5629091288 16.3518149247 16.6342971367 16.6407272822
15872 524288 249110.424 249126.778 249233.967 66.7766054215 66.8053366467 66.8097223904 16.6941513554 16.7013341617 16.7024305976
17408 524288 271575.453 271827.188 275507.388 66.254524572 67.1515279333 67.2137735806 16.563631143 16.7878819833 16.8034433952
19072 524288 296929.133 297263.38 297564.954 67.2069785207 67.2751600685 67.3508903284 16.8017446302 16.8187900171 16.8377225821
20864 524288 324454.812 326235.136 329094.334 66.4778679052 67.0604948696 67.4284641647 16.6194669763 16.7651237174 16.8571160412
22912 524288 355379.631 357963.186 360842.625 66.5801977025 67.1157656754 67.6036869204 16.6450494256 16.7789414189 16.9009217301
25088 524288 386751.655 387563.567 390479.602 67.3701636481 67.8770579279 68.0195529816 16.842540912 16.969264482 17.0048882454
27520 524288 423614.405 423925.435 428580.052 67.3312054197 68.0704886698 68.1204679997 16.8328013549 17.0176221674 17.0301169999
30208 262144 232280.442 232605.186 233836.292 67.7298282852 68.0883009375 68.1834930553 16.9324570713 17.0220752344 17.0458732638
33152 262144 254743.057 255231.737 255664.085 67.9845030873 68.0996649566 68.2303022531 16.9961257718 17.0249162392 17.0575755633
36352 262144 276490.208 276521.675 276843.092 68.8437527493 68.923773791 68.9316179183 17.2109381873 17.2309434477 17.2329044796
39936 262144 303398.978 303900.047 307263.805 68.1432867369 68.8975397493 69.0113253051 17.0358216842 17.2243849373 17.2528313263
43904 262144 332081.013 332335.763 332401.228 69.2486621981 69.2623031124 69.3154364474 17.3121655495 17.3155757781 17.3288591119
48256 262144 365305.664 369234.364 370357.18 68.3125455486 68.5202792446 69.2571843835 17.0781363871 17.1300698112 17.3142960959
52992 262144 401804.426 402141.703 405015.585 68.5975323542 69.0877605798 69.1457532526 17.1493830886 17.2719401449 17.2864383132
58240 131072 219495.288 219579.895 219588.695 69.5266509963 69.5294373831 69.5562383098 17.3816627491 17.3823593458 17.3890595774
64000 131072 243384.355 243697.228 247278.997 67.8473149905 68.8445089741 68.9330092725 16.9618287476 17.2111272435 17.2332523181
70400 131072 266711.701 266824.956 266908.714 69.1432562221 69.1649607168 69.1943305479 17.2858140555 17.2912401792 17.298582637
77440 131072 290811.174 291130.003 294160.867 69.0113255615 69.7297810284 69.8062288349 17.2528313904 17.4324452571 17.4515572087
85120 131072 319075.325 319443.277 320237.411 69.6786087869 69.851829375 69.9323812645 17.4196521967 17.4629573438 17.4830953161
93568 131072 351655.449 351833.161 355410.895 69.0138938819 69.7156849067 69.7509163067 17.2534734705 17.4289212267 17.4377290767
102912 131072 388916.941 389969.718 392696.688 68.6987289488 69.179123616 69.3663877398 17.1746822372 17.294780904 17.341596935
113152 131072 428855.886 429698.342 432680.651 68.5542970767 69.0300962064 69.1657007781 17.1385742692 17.2575240516 17.2914251945
124416 65536 235455.707 235531.248 240114.423 67.9153453102 69.2369020691 69.2591152696 16.9788363275 17.3092255173 17.3147788174
136832 65536 255718.431 255889.226 259583.225 69.0909202781 70.0883119792 70.1351241436 17.2727300695 17.5220779948 17.5337810359
150400 65536 281106.768 281566.89 281934.312 69.9213538791 70.0125955861 70.127193807 17.4803384698 17.5031488965 17.5317984518
165376 65536 311078.94 311279.627 311382.078 69.6127510332 69.6356625742 69.6805867732 17.4031877583 17.4089156436 17.4201466933
181888 65536 343237.74 343557.332 345532.758 68.9961324477 69.3928544538 69.4574668159 17.2490331119 17.3482136134 17.364366704
200064 65536 374189.621 374503.569 374525.319 70.0160637417 70.0201300565 70.0788774898 17.5040159354 17.5050325141 17.5197193724
220032 65536 409994.579 410571.965 414204.626 69.6275041216 70.2435547542 70.3424771477 17.4068760304 17.5608886885 17.5856192869
241920 32768 227141.328 227348.733 231069.991 68.6132762259 69.7363425377 69.8000194839 17.1533190565 17.4340856344 17.450004871
266112 32768 247603.694 247809.822 259696.504 67.1549896259 70.376209834 70.4347974388 16.7887474065 17.5940524585 17.6086993597
292608 32768 276543.402 293449.625 295157.639 64.9698850857 65.3480401892 69.343031688 16.2424712714 16.3370100473 17.335757922
321792 32768 303724.725 304081.116 304689.68 69.2145546643 69.3530752235 69.4344542151 17.3036386661 17.3382688059 17.3586135538
353920 32768 333102.917 333790.064 352299.448 65.8374608637 69.4882910595 69.6316361589 16.4593652159 17.3720727649 17.4079090397
389248 32768 366645.056 370597.754 384468.334 66.3507359959 68.8340839972 69.5761650418 16.587683999 17.2085209993 17.3940412604
428160 32768 399853.409 400328.787 418573.777 67.0369127304 70.0921209546 70.1754521243 16.7592281826 17.5230302386 17.5438630311
470912 16384 220171.125 225871.798 229533.959 67.226847318 68.316826415 70.0856863769 16.8067118295 17.0792066037 17.5214215942
517888 16384 244555.89 252022.452 252027.169 67.3346213082 67.3358815825 69.3917205756 16.8336553271 16.8339703956 17.3479301439
569600 16384 281415.625 281499.661 281616.501 66.2768436286 66.304352672 66.3241523991 16.5692109071 16.576088168 16.5810380998
626560 16384 309958.369 310186.374 310446.416 66.1341765337 66.189619535 66.2383085388 16.5335441334 16.5474048837 16.5595771347
689152 16384 340723.306 340951.388 341086.378 66.2064925267 66.2327051034 66.2770416298 16.5516231317 16.5581762759 16.5692604074
758016 16384 374332.642 374983.054 375129.26 66.2136253728 66.2394420842 66.3545347135 16.5534063432 16.5598605211 16.5886336784
833792 16384 402491.41 403793.032 404264.85 67.5836552597 67.6626243912 67.8814393977 16.8959138149 16.9156560978 16.9703598494
917120 8192 220596.989 220957.399 222000.017 67.6851032854 68.0044847921 68.1155900999 16.9212758213 17.001121198 17.028897525
1008768 8192 242490.853 242519.806 245597.097 67.2958072953 68.1497119126 68.1578488736 16.8239518238 17.0374279782 17.0394622184
1109632 8192 266326.877 266683.67 266789.632 68.1443673493 68.1714432983 68.2627712711 17.0360918373 17.0428608246 17.0656928178
1220480 8192 292625.06 292990.0 293005.531 68.2456206603 68.2492382675 68.3343535923 17.0614051651 17.0623095669 17.0835883981
1342464 8192 321552.507 321974.422 325007.003 67.6752499884 68.312662973 68.4022972833 16.9188124971 17.0781657432 17.1005743208
1476608 8192 353519.157 353662.865 353880.824 68.3641040465 68.406236182 68.4340437936 17.0910260116 17.1015590455 17.1085109484
1624192 8192 388634.17 388914.755 389012.681 68.4058978735 68.4231219975 68.4725219298 17.1014744684 17.1057804994 17.1181304825
1786496 8192 427552.191 429431.351 431155.313 67.8872545031 68.1597894421 68.4593625764 16.9718136258 17.0399473605 17.1148406441
1965056 4096 234755.652 234875.815 234958.16 68.5132142335 68.5372342487 68.5723160011 17.1283035584 17.1343085622 17.1430790003
2161536 4096 258096.826 258379.055 259419.058 68.2575252894 68.5322690417 68.60720911 17.0643813224 17.1330672604 17.1518022775
2377600 4096 283774.717 283955.903 288452.796 67.523350337 68.5926899009 68.6364853286 16.8808375843 17.1481724752 17.1591213322
2615296 4096 312074.017 312280.272 317275.739 67.5264515955 68.6066548322 68.6519981316 16.8816128989 17.151663708 17.1629995329
2876800 4096 343148.267 343493.806 347508.892 67.8162376346 68.6089390503 68.6780259916 16.9540594086 17.1522347626 17.1695064979
3164416 4096 377266.768 381165.686 382628.26 67.7495589897 68.0095213817 68.7123756206 16.9373897474 17.0023803454 17.1780939052
3480832 4096 414809.605 415101.658 419614.631 67.955151316 68.6939577196 68.7423227435 16.988787829 17.1734894299 17.1855806859
3828864 2048 228283.017 228398.078 228493.13 68.6367548293 68.6653192589 68.6999284927 17.1591887073 17.1663298147 17.1749821232
4211712 2048 251059.555 251308.117 251754.073 68.5239056768 68.645504005 68.7134666195 17.1309764192 17.1613760012 17.1783666549
4632832 2048 276159.598 276261.463 281089.595 67.5090085494 68.6888415993 68.7141783571 16.8772521373 17.1722103998 17.1785445893
5096064 2048 304386.971 304544.91 304991.261 68.4395942217 68.5399015337 68.5754652225 17.1098985554 17.1349753834 17.1438663056
5605632 2048 336043.615 336728.621 336793.363 68.1743501935 68.1874579114 68.3264542074 17.0435875484 17.0468644778 17.0816135519
6166144 2048 373793.892 374691.386 376762.461 67.0356748307 67.4062088633 67.5680538515 16.7589187077 16.8515522158 16.8920134629
6782720 2048 418999.182 423373.881 426173.171 65.189512176 65.6205362843 66.3056691123 16.297378044 16.4051340711 16.5764172781
7460992 1024 235285.857 235523.236 236733.01 64.5457581771 64.8772999026 64.942754362 16.1364395443 16.2193249756 16.2356885905
8206976 1024 260648.911 265569.51 266160.662 63.1494027769 63.2899719851 64.4847767962 15.7873506942 15.8224929963 16.121194199
9027584 1024 276883.104 286105.163 291998.042 63.3171781063 64.6213155965 66.7736375564 15.8292945266 16.1553288991 16.6934093891
9930240 1024 314249.212 316331.805 322031.388 63.1526375311 64.2905050916 64.7165712543 15.7881593828 16.0726262729 16.1791428136
10923264 1024 377075.365 377970.126 381149.559 58.6930881691 59.1868063986 59.3272505935 14.6732720423 14.7967015996 14.8318126484
12015488 1024 447430.977 449146.979 449157.63 54.7863773883 54.7876765837 54.997800083 13.6965943471 13.6969191459 13.7494500208
13217024 1024 516375.143 516795.484 517482.25 52.3080069935 52.3775187478 52.4201552281 13.0770017484 13.094379687 13.105038807
14538624 1024 588505.216 589899.554 592745.382 50.2325329833 50.4748677128 50.5944571815 12.5581332458 12.6187169282 12.6486142954
15992448 512 463459.787 466316.894 468296.687 34.969853955 35.1183218166 35.3348169817 8.74246348875 8.77958045414 8.83370424541
17591680 512 613146.029 648668.773 699527.678 25.7514904507 27.7705372446 29.3794291539 6.43787261267 6.94263431115 7.34485728847
19350784 512 863045.029 881043.721 881365.599 22.4823873753 22.4906010266 22.9596395903 5.62059684383 5.62265025665 5.73990989756
21285760 512 1010932.027 1014443.333 1015321.3 21.46770509 21.4862846755 21.5609137488 5.3669262725 5.37157116887 5.39022843719
23414272 512 1129947.403 1132627.561 1132643.064 21.1683762432 21.1686659883 21.218876617 5.2920940608 5.29216649709 5.30471915426
25755648 512 1250344.984 1251165.567 1251214.41 21.0785484416 21.0793713059 21.0932053869 5.2696371104 5.26984282649 5.27330134673
28331136 512 1377742.751 1378503.534 1379128.355 21.0358108865 21.0453455856 21.0569667254 5.25895272163 5.2613363964 5.26424168136
31164160 256 761583.678 762590.695 762902.105 20.9149375987 20.9234783805 20.9511448064 5.22873439968 5.23086959512 5.23778620161
34280576 256 837423.069 837811.726 839120.036 20.9167391541 20.9494023148 20.9591251564 5.22918478853 5.23735057869 5.23978128909
37708544 256 920848.808 921190.93 921543.519 20.9504750779 20.9584939444 20.9662806318 5.23761876947 5.23962348609 5.24157015795
41479296 256 1013323.048 1014102.223 1014147.161 20.9411418468 20.9420698134 20.9581728097 5.23528546169 5.23551745335 5.23954320242
45627136 256 1114673.876 1115242.386 1116132.433 20.9303958395 20.9470998639 20.9577833795 5.23259895988 5.23677496598 5.23944584488
50189824 256 1226039.97 1226640.639 1226781.495 20.94683527 20.9492406097 20.9595041897 5.23670881749 5.23731015242 5.23987604743
55208704 256 1348484.245 1349052.659 1349471.696 20.9466093522 20.9531156989 20.9619478706 5.23665233806 5.23827892474 5.24048696765
60729472 128 747510.007 747714.628 749202.254 20.751065215 20.7923507844 20.798042416 5.18776630376 5.1980876961 5.19951060401
66802304 128 823481.666 823664.654 823710.467 20.7614089041 20.7625636732 20.7671773764 5.19035222603 5.19064091829 5.19179434409
73482496 128 904463.554 905774.134 909690.298 20.6790366099 20.7684435555 20.7985373129 5.16975915247 5.19211088887 5.19963432822
80830720 128 994938.667 995175.961 995432.417 20.7876134699 20.7929704202 20.7979295673 5.19690336747 5.19824260506 5.19948239181
88913792 128 1094763.701 1095384.41 1095658.972 20.7746491688 20.7798564086 20.7916381692 5.19366229221 5.19496410215 5.19790954231
97805056 128 1203928.904 1204874.271 1205172.872 20.7755210209 20.7806697667 20.7969874739 5.19388025521 5.19516744167 5.19924686848
107585536 128 1324647.426 1325066.275 1325170.111 20.7836691964 20.7852978644 20.7918701048 5.1959172991 5.19632446611 5.19796752619
118344064 64 739854.726 740071.233 745627.98 20.3158151227 20.4683542834 20.4743440295 5.07895378068 5.11708857085 5.11858600738
130178432 64 814114.567 816217.972 816685.194 20.4030138154 20.4146929713 20.4674378416 5.10075345385 5.10367324281 5.1168594604
143196160 64 894829.58 898647.231 900612.503 20.3518254732 20.3963333416 20.4833511203 5.08795636829 5.09908333541 5.12083778008
157515776 64 984232.206 984408.133 988791.7 20.3905628739 20.4813620003 20.48502295 5.09764071846 5.12034050007 5.12125573749
173267328 64 1082484.948 1083217.265 1083338.475 20.4721040522 20.4743948427 20.4882460721 5.11802601306 5.11859871067 5.12206151803
190594048 64 1190722.256 1191463.408 1193091.958 20.4477433449 20.4756923127 20.4884371826 5.11193583621 5.11892307816 5.12210929565
209653376 64 1309866.292 1310749.742 1310964.905 20.4701377021 20.4734979288 20.4873064464 5.11753442553 5.1183744822 5.1218266116
230618624 64 1442306.536 1443759.26 1443953.63 20.4433045901 20.4460568253 20.4666505595 5.11082614751 5.11151420632 5.11666263988
253680384 32 816514.68 816926.259 821230.887 19.7697685669 19.8739413712 19.883959191 4.94244214173 4.96848534281 4.97098979776
279048320 32 898364.17 899253.348 900270.374 19.8374766023 19.8599121368 19.8795689726 4.95936915058 4.9649780342 4.96989224314
306953088 32 988040.621 988987.532 989117.556 19.861135325 19.8637465047 19.8827833739 4.96528383124 4.96593662619 4.97069584349
337648384 32 1087079.807 1087259.43 1092580.89 19.7783951502 19.8751981172 19.878482184 4.94459878756 4.96879952929 4.96962054599
371413120 32 1195355.355 1195729.597 1201562.974 19.7829328919 19.8794440981 19.8856679569 4.94573322297 4.96986102452 4.97141698922
408554368 32 1315065.877 1315617.306 1322330.596 19.7737839774 19.8746850112 19.8830187972 4.94344599435 4.96867125279 4.97075469931
449409792 32 1446549.746 1448909.933 1452775.789 19.7981181307 19.8509417548 19.8833305025 4.94952953267 4.96273543871 4.97083262562
494350720 16 842416.949 843931.193 844340.064 18.7356063208 18.7446834188 18.7783769768 4.68390158021 4.68617085469 4.69459424421
543785728 16 926831.859 927146.215 927271.374 18.7659662359 18.7684995252 18.7748652865 4.69149155897 4.6921248813 4.69371632164
598164224 16 1019835.51 1020134.055 1024939.017 18.6755063965 18.7634704225 18.7689632105 4.66887659912 4.69086760563 4.69224080264
657980544 16 1121365.155 1121784.939 1126062.436 18.6982326511 18.7695311962 18.7765575862 4.67455816278 4.69238279905 4.69413939655
723778560 16 1233397.695 1233934.91 1234761.69 18.7573959474 18.7699640656 18.7781394548 4.68934898685 4.6924910164 4.69453486371
796156416 16 1356787.822 1357624.931 1359456.887 18.7405761489 18.7658643638 18.7774424998 4.68514403723 4.69146609094 4.69436062494
875772032 16 1492647.517 1493903.826 1499256.955 18.6923962104 18.7593769667 18.7751660756 4.67309905259 4.68984424169 4.6937915189
963349120 8 912315.777 913557.365 914260.927 16.8590666677 16.8720504158 16.8950119121 4.21476666693 4.21801260395 4.22375297802
1059683968 8 1003080.463 1004849.086 1005203.01 16.8671833643 16.8731242574 16.9028748076 4.21679584107 4.21828106435 4.22571870189
1165652352 8 1103440.394 1104809.206 1109080.65 16.8161239059 16.8811388706 16.9020798345 4.20403097647 4.22028471765 4.22551995862
1282217472 8 1213984.076 1214181.301 1220191.387 16.8133292618 16.8965536984 16.8992987285 4.20333231544 4.22413842461 4.22482468213
1410439168 8 1335045.712 1336074.931 1340720.3 16.8320168554 16.8905397178 16.903561043 4.20800421385 4.22263492945 4.22589026075
1551483008 8 1468531.149 1469753.252 1474562.904 16.8346349014 16.889724921 16.9037804509 4.20865872535 4.22243123025 4.22594511272
1706631296 8 1616301.358 1616862.694 1622621.999 16.8283807029 16.8883238121 16.8941890699 4.20709517571 4.22208095303 4.22354726748
1877294336 4 1066402.57 1067271.563 1071727.958 14.0132153649 14.0717275796 14.0831943869 3.50330384122 3.5179318949 3.52079859673
2065023744 4 1173444.447 1173870.604 1174055.634 14.07104525 14.0732631823 14.0783741354 3.51776131249 3.51831579556 3.51959353386
2271526016 4 1291803.953 1293043.669 1294297.833 14.0402059439 14.0538239842 14.0673111317 3.51005148596 3.51345599605 3.51682778292
2498678528 4 1419704.611 1420922.701 1421407.486 14.0631229404 14.0679209432 14.0799910553 3.5157807351 3.51698023579 3.51999776382
2748546304 4 1561067.225 1562208.509 1562249.195 14.0748162984 14.0751828615 14.0854731173 3.51870407461 3.51879571538 3.52136827932
3023400832 4 1717241.336 1718473.858 1718655.633 14.0733292881 14.0748179225 14.0849198939 3.51833232202 3.51870448064 3.52122997347
3325740800 4 1889001.111 1891172.324 1891244.354 14.0679475625 14.0684833753 14.0846536538 3.51698689063 3.51712084382 3.52116341344
3658314880 4 2078498.586 2079383.037 2089916.681 14.0036774222 14.0746166143 14.0806057012 3.50091935555 3.51865415357 3.5201514253
4024146304 2 1523533.249 1525155.847 1525273.498 10.5532451964 10.5540592771 10.5652995933 2.63831129911 2.63851481927 2.64132489832
4426560896 2 1675598.036 1677445.776 1677902.844 10.5526035952 10.5554789534 10.5671188457 2.6381508988 2.63886973834 2.64177971142
4869216896 2 1844268.74 1845091.27 1845307.68 10.5548076319 10.5560456009 10.5607535179 2.63870190797 2.63901140023 2.64018837949
5356138496 2 2027496.399 2029453.04 2029820.147 10.5549026182 10.5568118906 10.566999771 2.63872565454 2.63920297264 2.64174994276
5891752320 2 2230431.952 2232942.033 2233967.612 10.5493961297 10.5542414141 10.5661189344 2.63734903244 2.63856035353 2.64152973361
6480927488 2 2454908.946 2456453.305 2457382.072 10.5493200457 10.5533086663 10.5599476487 2.63733001142 2.63832716657 2.63998691217
7129020160 2 2700644.458 2702346.201 2702854.535 10.5503571394 10.5523417501 10.5589910421 2.63758928484 2.63808543752 2.63974776053
7841922176 1 1485306.38 1485577.2 1486418.076 10.5514354307 10.5574078224 10.5593327836 2.63785885769 2.63935195559 2.6398331959
8626114304 1 1633546.444 1634219.976 1635113.122 10.5510917721 10.5568582329 10.56121096 2.63777294303 2.63921455822 2.64030273999
9488725632 1 1797246.876 1798998.721 1799340.75 10.5468912789 10.5488964736 10.5591788849 2.63672281973 2.6372241184 2.63979472122
10437598080 1 1975607.372 1978081.011 1979961.822 10.5432316563 10.5532564359 10.5664700668 2.63580791408 2.63831410897 2.6416175167
11481357824 1 2173413.383 2175874.008 2175927.042 10.5530724168 10.5533296338 10.5652775618 2.63826810421 2.63833240845 2.64131939046
12629493504 1 2392078.841 2393454.617 2393991.834 10.550991298 10.5533594949 10.5594291355 2.6377478245 2.63833987373 2.63985728387
13892442752 1 2630680.537 2632704.505 2632890.186 10.5529982419 10.5537425303 10.5618622684 2.63824956048 2.63843563256 2.6404655671

META_DATA
HOSTNAME  localhost.localdomain
CONFIG  {'ERT_WORKING_SET_MIN': ['1'], 'ERT_CFLAGS': ['-O3'], 'ERT_CC': ['gcc'], 'ERT_MPI_CFLAGS': [], 'ERT_MPI_LDFLAGS': [], 'ERT_MEMORY_MAX': ['15000000000'], 'ERT_PROCS_THREADS': ['8,10,16'], 'ERT_LDFLAGS': [], 'ERT_LDLIBS': [], 'ERT_SPEC_GBYTES_DRAM': ['0'], 'ERT_RUN': ['export', 'KMP_AFFINITY=scatter;', 'export', 'OMP_NUM_THREADS=ERT_OPENMP_THREADS;', 'ERT_CODE'], 'ERT_FLOPS': ['1,2,4,8,16'], 'ERT_OPENMP_CFLAGS': ['-fopenmp'], 'ERT_SPEC_GFLOPS': ['0'], 'ERT_MPI': ['False'], 'ERT_TRIALS_MIN': ['1'], 'ERT_DRIVER': ['driver1'], 'ERT_RESULTS': ['Results.arm'], 'ERT_OPENMP': ['True'], 'ERT_MPI_PROCS': ['1'], 'ERT_KERNEL': ['kernel1'], 'ERT_OPENMP_THREADS': ['8,10,16'], 'ERT_LD': ['gcc'], 'ERT_NUM_EXPERIMENTS': ['4'], 'ERT_OPENMP_LDFLAGS': ['-fopenmp'], 'ERT_ALIGN': ['32'], 'ERT_GNUPLOT': ['gnuplot']}
MPI_PROCS      1
UNAME  ('Linux', 'localhost.localdomain', '5.4.44-mlnx.14.gd7fb187', '#1 SMP PREEMPT Tue Sep 15 16:18:01 UTC 2020', 'aarch64', 'aarch64')
FLOPS          4
OPENMP_THREADS 16
TIMESTAMP_DATA  1614753753.26
TIMESTAMP_DATA  1614754009.3
TIMESTAMP_DATA  1614753496.96
ERT_VERSION  1.0.0
TIMESTAMP_DATA  1614754265.7
