128 67108864 844723.894 879549.815 880204.753 19.518037281 19.532570971 20.3378515821 2.43975466013 2.44157137137 2.54223144776
256 33554432 443121.183 460434.978 462584.84 37.1388504301 37.3122590699 38.7701374773 4.64235630376 4.66403238374 4.84626718466
384 33554432 531355.135 531512.572 535262.129 48.1442687233 48.4839026084 48.498268067 6.01803359042 6.06048782605 6.06228350837
512 16777216 267359.189 267574.683 268184.956 64.0597796395 64.2058844708 64.2576350125 8.00747245494 8.02573555885 8.03220437656
640 16777216 266206.161 268998.391 270059.691 79.5188515564 79.8325833852 80.6699454262 9.93985644455 9.97907292315 10.0837431783
768 16777216 276764.707 277569.874 278256.826 92.6115781109 92.8407806101 93.1108740537 11.5764472639 11.6050975763 11.6388592567
896 8388608 148812.427 149136.424 149856.481 100.311881313 100.796204796 101.015660043 12.5389851641 12.5995255995 12.6269575054
1024 8388608 161235.991 161574.481 178025.946 96.5020524817 106.327862405 106.551081291 12.0627565602 13.2909828007 13.3188851613
1152 8388608 179422.864 179699.136 184385.158 104.820545437 107.553955251 107.719564838 13.1025681796 13.4442444064 13.4649456047
1280 8388608 190021.808 190050.068 194257.51 110.548294787 112.995679012 113.012483704 13.8185368483 14.1244598765 14.126560463
1408 8388608 214854.888 215162.987 216130.724 109.296446571 109.788028403 109.945462949 13.6620558214 13.7235035504 13.7431828686
1536 8388608 235382.363 235468.499 238506.45 108.046569709 109.44055738 109.48060614 13.5058212136 13.6800696725 13.6850757676
1664 8388608 254397.593 255209.767 258743.466 107.895622856 109.389572947 109.738803323 13.486952857 13.6736966184 13.7173504153
1792 4194304 130019.169 130101.537 134635.136 111.652767492 115.543489206 115.616686767 13.9565959364 14.4429361507 14.4520858459
1920 4194304 143891.574 144148.001 148755.075 108.272792441 111.73326892 111.93238709 13.5340990551 13.966658615 13.9915483863
2048 4194304 149560.507 149685.073 173472.343 99.0352057676 114.773429572 114.869022101 12.379400721 14.3466786965 14.3586277626
2176 4194304 157134.069 157237.457 157652.22 115.78404039 116.089457031 116.1658393 14.4730050487 14.5111821288 14.5207299125
2304 4194304 164861.976 165603.759 168906.09 114.426619147 116.70841863 117.23353863 14.3033273933 14.5885523287 14.6541923287
2432 4194304 172910.982 173012.334 173145.035 117.82662238 117.916995767 117.98611297 14.7283277976 14.7396244709 14.7482641212
2560 4194304 181275.237 181473.768 181486.623 118.327379313 118.335761232 118.465361488 14.7909224142 14.7919701541 14.808170186
2816 4194304 194226.556 194403.321 211146.976 111.876194372 121.511916599 121.622504226 13.9845242965 15.1889895749 15.2028130283
3072 4194304 213802.764 214247.618 214295.333 120.253686421 120.28046807 120.530732596 15.0317108026 15.0350585088 15.0663415745
3328 4194304 229172.678 229433.221 230167.353 121.291256384 121.679359695 121.817695144 15.161407048 15.2099199619 15.227211893
3584 2097152 122918.003 122996.664 123119.495 122.09589989 122.217831339 122.296044266 15.2619874862 15.2772289174 15.2870055333
3840 2097152 132032.933 132188.981 136353.518 118.120365329 121.84167877 121.98568186 14.7650456661 15.2302098463 15.2482102325
4224 2097152 143129.545 143295.45 147784.454 119.88229896 123.637841229 123.781152913 14.9852873699 15.4547301537 15.4726441141
4608 2097152 157728.726 158268.078 164756.968 117.30825753 122.117821081 122.535401903 14.6635321912 15.2647276351 15.3169252378
4992 2097152 169347.043 169452.166 169510.236 123.520361142 123.562690653 123.639392794 15.4400451428 15.4453363317 15.4549240993
5376 2097152 180688.84 180979.863 181028.855 124.557923675 124.591642022 124.79231315 15.5697404593 15.5739552527 15.5990391438
5888 2097152 195861.226 195968.75 196778.937 125.501551784 126.020408621 126.089591372 15.6876939731 15.7525510777 15.7611989215
6400 2097152 212556.375 212832.453 222914.542 120.42079157 126.12524651 126.289063784 15.0525989462 15.7656558138 15.786132973
7040 2097152 233759.695 234007.139 237886.794 124.125848533 126.183757838 126.3173284 15.5157310666 15.7729697298 15.78966605
7680 1048576 127180.789 127245.715 127516.362 126.306358709 126.575007732 126.63962448 15.7882948386 15.8218759665 15.82995306
8448 1048576 153528.799 154363.96 154422.351 114.729117782 114.772516175 115.396852 14.3411397227 14.3465645219 14.4246065
9216 1048576 168319.679 168360.318 171093.21 112.963879934 114.797554801 114.825271453 14.1204849918 14.3496943502 14.3531589316
10112 1048576 181387.171 181457.481 181557.861 116.802439218 116.867052861 116.912353322 14.6003049022 14.6083816076 14.6140441652
11008 1048576 197253.095 197510.933 201805.319 114.394651887 116.881880235 117.034661565 14.2993314859 14.6102350294 14.6293326956
12032 1048576 213058.984 213421.698 214786.907 117.478915342 118.23040066 118.431677418 14.6848644177 14.7788000825 14.8039596772
13184 1048576 230730.623 230970.824 231043.246 119.669596263 119.707119233 119.831739751 14.9586995328 14.9633899042 14.9789674689
14464 524288 124972.211 125110.832 125151.945 121.185517844 121.225340936 121.359805853 15.1481897305 15.153167617 15.1699757316
15872 524288 137092.174 137127.705 137135.894 121.361357603 121.368605068 121.400060896 15.1701697004 15.1710756335 15.175007612
17408 524288 149798.014 149950.81 150069.847 121.634101539 121.730659594 121.854826513 15.2042626924 15.2163324493 15.2318533142
19072 524288 163259.329 163350.843 163616.785 122.227322044 122.426313233 122.49493854 15.2784152555 15.3032891541 15.3118673175
20864 524288 175807.578 176168.065 176388.242 124.030317531 124.185332137 124.439969613 15.5037896914 15.5231665172 15.5549962016
22912 524288 192806.051 192898.209 193992.634 123.84477089 124.547415119 124.606946656 15.4805963612 15.5684268899 15.5758683321
25088 524288 212108.978 212207.759 212526.014 123.780963059 123.966601466 124.024333793 15.4726203824 15.4958251833 15.5030417241
27520 524288 229746.807 229990.938 229994.096 125.467618612 125.469341405 125.602666243 15.6834523265 15.6836676756 15.7003332804
30208 262144 125130.462 126204.476 129862.681 121.957222676 125.492315376 126.569435219 15.2446528345 15.6865394219 15.8211794023
33152 262144 137071.464 137118.104 137131.133 126.74872143 126.760765128 126.803896805 15.8435901788 15.8450956411 15.8504871007
36352 262144 148912.858 148976.336 148977.156 127.931811076 127.932515242 127.987049822 15.9914763845 15.9915644052 15.9983812278
39936 262144 164209.019 164653.158 168316.322 124.396525062 127.16406914 127.508012017 15.5495656327 15.8955086425 15.9385015022
43904 262144 180309.761 180473.837 185267.531 124.243790737 127.543918468 127.659979273 15.5304738422 15.9429898085 15.9574974091
48256 262144 197767.302 197940.383 198042.432 127.750611182 127.816473549 127.928335332 15.9688263978 15.9770591936 15.9910419165
52992 262144 216353.0 216668.46 220549.715 125.971913843 128.228491106 128.415458515 15.7464892303 16.0285613882 16.0519323143
58240 131072 118399.976 118634.438 119409.448 127.856436955 128.691692036 128.946534246 15.9820546193 16.0864615045 16.1183167807
64000 131072 129866.318 130047.121 134258.083 124.962427774 129.008745991 129.188355059 15.6203034718 16.1260932489 16.1485443824
70400 131072 143307.305 143555.729 144296.936 127.895561137 128.555911551 128.77876393 15.9869451421 16.0694889439 16.0973454912
77440 131072 156705.905 156915.352 157278.398 129.073233312 129.371862608 129.544775993 16.134154164 16.171482826 16.1930969991
85120 131072 172224.397 172372.655 173179.304 128.847366658 129.450331202 129.561767489 16.1059208322 16.1812914003 16.1952209361
93568 131072 188870.062 188961.735 192936.092 127.131681469 129.80559155 129.868596072 15.8914601836 16.2256989438 16.233574509
102912 131072 207264.85 207340.882 211103.18 127.794206264 130.113092352 130.160822387 15.9742757831 16.264136544 16.2701027984
113152 131072 228022.423 228357.429 228876.773 129.598637289 129.893378192 130.084214955 16.1998296612 16.236672274 16.2605268693
124416 65536 125080.746 125109.144 125189.731 130.261913831 130.345819903 130.375413271 16.2827392288 16.2932274878 16.2969266589
136832 65536 137568.157 138055.358 138741.487 129.268067482 129.910524038 130.370605343 16.1585084352 16.2388155047 16.2963256679
150400 65536 151250.163 151591.47 155642.34 126.657237356 130.041807761 130.335256564 15.8321546695 16.2552259702 16.2919070705
165376 65536 165809.747 166231.766 170742.988 126.951995663 130.397237505 130.729124579 15.8689994578 16.2996546881 16.3411405724
181888 65536 182560.784 182619.089 182833.817 130.39395188 130.547272284 130.588965569 16.299243985 16.3184090355 16.3236206961
200064 65536 200967.317 201104.898 206212.504 127.163911496 130.393584984 130.482851637 15.895488937 16.299198123 16.3103564546
220032 65536 220906.331 223368.975 234626.577 122.918872503 129.113876732 130.553226671 15.3648590628 16.1392345916 16.3191533338
241920 32768 121195.192 121270.793 128437.64 123.440987549 130.73608845 130.817641017 15.4301234436 16.3420110562 16.3522051271
266112 32768 133437.893 133561.188 141082.196 123.61528617 130.57622722 130.696878075 15.4519107712 16.3220284024 16.3371097594
292608 32768 146250.381 146333.739 154199.078 124.361041173 131.045362601 131.120054231 15.5451301466 16.3806703251 16.3900067789
321792 32768 160800.619 165344.888 168687.754 125.017732538 127.545282876 131.149747079 15.6272165672 15.9431603595 16.3937183849
353920 32768 177052.329 181292.845 184842.739 125.482349188 127.939418238 131.003648757 15.6852936485 15.9924272797 16.3754560947
389248 32768 194703.289 195112.555 202520.195 125.961546344 130.743800305 131.018623563 15.7451932929 16.3429750382 16.3773279454
428160 32768 214052.341 221358.894 221681.926 126.577273422 126.761989333 131.088936607 15.8221591777 15.8452486666 16.3861170759
470912 16384 120809.245 121317.99 121493.629 127.009494597 127.193373514 127.729002991 15.8761868246 15.8991716892 15.9661253739
517888 16384 133089.491 134316.253 134374.452 126.290033049 126.344754302 127.509346204 15.7862541311 15.7930942877 15.9386682755
569600 16384 149762.483 150433.837 154389.255 120.893470209 124.072171343 124.62836103 15.1116837762 15.5090214178 15.5785451287
626560 16384 165101.703 165189.179 165197.564 124.282208423 124.288516986 124.354368895 15.5352760529 15.5360646232 15.5442961118
689152 16384 181848.742 181915.917 181925.778 124.128273542 124.135002085 124.180857605 15.5160341928 15.5168752606 15.5226072007
758016 16384 199589.642 199889.113 199923.24 124.241025145 124.262236773 124.448684005 15.5301281432 15.5327795967 15.5560855007
833792 16384 214506.606 214551.72 215991.025 126.494590486 127.343170477 127.369952681 15.8118238107 15.9178963096 15.9212440851
917120 8192 117841.138 118601.54 122184.905 122.978317821 126.693920501 127.511447488 15.3722897276 15.8367400626 15.938930936
1008768 8192 129496.744 129794.29 131311.559 125.865956035 127.337303606 127.629887837 15.7332445044 15.9171629507 15.9537359796
1109632 8192 142281.666 142383.645 143002.636 127.131996979 127.684683785 127.77620054 15.8914996224 15.9605854731 15.9720250675
1220480 8192 156302.62 157156.387 160332.054 124.718319395 127.238508735 127.933519732 15.5897899244 15.9048135918 15.9916899666
1342464 8192 171802.537 171845.182 176083.691 124.911796493 127.992707855 128.024478335 15.6139745617 15.9990884819 16.0030597918
1476608 8192 188809.012 189717.224 191895.392 126.072571206 127.520026711 128.133425496 15.7590714007 15.9400033389 16.016678187
1624192 8192 207634.605 207656.356 207692.889 128.125531192 128.148072328 128.161496625 16.015691399 16.018509041 16.0201870782
1786496 8192 228290.386 232292.451 232389.968 125.951867526 126.004742461 128.213679852 15.7439834408 15.7505928077 16.0267099816
1965056 4096 125421.938 125458.312 125767.776 127.995733597 128.311456574 128.348668572 15.9994666996 16.0389320717 16.0435835715
2161536 4096 137902.021 137914.818 137935.602 128.373695081 128.393041218 128.404955806 16.0467118852 16.0491301522 16.0506194757
2377600 4096 151798.079 151905.496 154411.859 126.138622552 128.219845318 128.310577633 15.767327819 16.0274806647 16.0388222041
2615296 4096 166710.365 166726.087 166739.362 128.490984822 128.501215482 128.513334081 16.0613731028 16.0626519352 16.0641667601
2876800 4096 183317.585 184181.71 186201.837 126.565591294 127.953777821 128.556928131 15.8206989118 15.9942222276 16.0696160164
3164416 4096 201545.849 201874.244 201940.0 128.369297177 128.411110592 128.620341231 16.0461621472 16.051388824 16.0775426538
3480832 4096 221654.637 221957.426 222292.848 128.276622485 128.470474081 128.645969829 16.0345778106 16.0588092601 16.0807462286
3828864 2048 121879.433 122043.359 125240.529 125.223256954 128.503730744 128.676566324 15.6529071192 16.062966343 16.0845707905
4211712 2048 134082.226 134634.371 134686.3 128.084091344 128.133493876 128.661142246 16.010511418 16.0166867345 16.0826427807
4632832 2048 147788.573 148192.903 148196.572 128.046685668 128.049855883 128.400183362 16.0058357085 16.0062319853 16.0500229202
5096064 2048 163716.643 164206.514 164360.038 126.998499136 127.117235702 127.497594389 15.874812392 15.8896544628 15.9371992987
5605632 2048 182808.727 183881.683 183918.96 124.841227201 124.866535358 125.599412286 15.6051534002 15.6083169197 15.6999265358
6166144 2048 206380.653 207493.042 214972.077 117.487471752 121.722278398 122.378359875 14.685933969 15.2152847998 15.2972949843
6782720 2048 237587.731 244507.667 249726.297 111.249882186 113.624335224 116.933736448 13.9062352733 14.203041903 14.616717056
7460992 1024 137950.682 146099.852 150595.897 101.464328846 104.586769985 110.765031346 12.6830411057 13.0733462482 13.8456289183
8206976 1024 157626.311 177205.039 180223.746 93.2612223475 94.8499373542 106.631226357 11.6576527934 11.8562421693 13.3289032946
9027584 1024 200049.465 215908.326 219590.9 84.1951648816 85.6312138329 92.4196024818 10.5243956102 10.7039017291 11.5524503102
9930240 1024 284464.737 286798.211 287951.836 70.62685136 70.9109427464 71.4926276433 8.82835642 8.8638678433 8.93657845542
10923264 1024 369584.056 373152.825 373773.682 59.8513104301 59.9508918953 60.5297883088 7.48141380377 7.49386148691 7.5662235386
12015488 1024 445561.467 447260.397 447268.718 55.0177520441 55.018775615 55.2285627159 6.87721900551 6.87734695187 6.90357033949
13217024 1024 514777.477 515452.916 515824.289 52.4761352446 52.5139431979 52.5828466889 6.55951690557 6.56424289973 6.57285583611
14538624 1024 587369.469 590414.343 591170.037 50.3663922196 50.4308580999 50.6922874331 6.29579902745 6.30385726249 6.33653592914
15992448 512 463271.044 465645.959 467446.922 35.0334251468 35.1689227308 35.3492128725 4.37917814335 4.39611534136 4.41865160906
17591680 512 613856.622 638406.784 656435.907 27.4419484491 28.2169312286 29.3454198821 3.43024355613 3.52711640358 3.66817748526
19350784 512 865184.496 871942.631 873528.573 22.6840923451 22.7253515444 22.9028639644 2.83551154314 2.84066894305 2.86285799555
21285760 512 1011488.09 1013270.864 1013631.893 21.5034850329 21.5111467372 21.5490606914 2.68793562911 2.68889334215 2.69363258642
23414272 512 1118271.988 1130301.05 1132163.789 21.1773373791 21.2122376848 21.4404141258 2.64716717238 2.6515297106 2.68005176572
25755648 512 1249558.879 1252024.287 1253011.958 21.0483095422 21.0649136968 21.1064752492 2.63103869277 2.6331142121 2.63830940615
28331136 512 1374888.028 1378506.058 1378835.234 21.0402828044 21.0453070523 21.1006879638 2.63003535055 2.63066338153 2.63758599548
31164160 256 761063.265 761574.378 762029.233 20.9388947681 20.9514006523 20.9654711425 2.61736184601 2.61892508154 2.62068389282
34280576 256 837512.584 838936.641 839105.156 20.9171100743 20.9213116393 20.9568850037 2.61463875929 2.61516395491 2.61961062546
37708544 256 921606.696 922053.654 923421.822 20.9078603819 20.9388840272 20.9490389033 2.61348254774 2.61736050341 2.61862986291
41479296 256 1013426.715 1014561.467 1014607.257 20.9316456249 20.9325903287 20.9560289241 2.61645570312 2.61657379109 2.61950361551
45627136 256 1114636.133 1115292.66 1115392.579 20.9442792357 20.9461556324 20.9584930368 2.61803490446 2.61826945405 2.61981162959
50189824 256 1226414.689 1227066.872 1229100.889 20.9073072178 20.9419636976 20.9531002185 2.61341340223 2.6177454622 2.61913752731
55208704 256 1349303.986 1350700.498 1351860.921 20.9095891514 20.9275531399 20.949212884 2.61369864393 2.61594414249 2.61865161051
60729472 128 747692.269 748022.048 748254.381 20.7773522304 20.7838056025 20.7929725591 2.5971690288 2.59797570031 2.59912156989
66802304 128 822311.71 823733.866 824461.094 20.7425067701 20.7608191552 20.7967241814 2.59281334627 2.59510239439 2.59959052267
73482496 128 904588.44 904936.241 905294.871 20.7794383671 20.787673345 20.7956659008 2.59742979589 2.59845916813 2.5994582376
80830720 128 994807.478 996494.859 997035.141 20.7541975895 20.7654501507 20.8006722684 2.59427469869 2.59568126884 2.60008403355
88913792 128 1094245.187 1094741.596 1095558.948 20.7765458842 20.7920579936 20.8014903994 2.59706823553 2.5990072492 2.60018629993
97805056 128 1204506.652 1205090.521 1205113.269 20.7765485453 20.7769407357 20.7870120887 2.59706856817 2.59711759197 2.59837651108
107585536 128 1324108.583 1324405.1 1325236.135 20.7826337425 20.7956743869 20.8003313094 2.59782921781 2.59945929837 2.60004141367
118344064 64 739567.182 740315.061 740971.101 20.4434966108 20.4616128862 20.4823044622 2.55543707635 2.55770161077 2.56028805778
130178432 64 813887.34 814202.962 815314.149 20.4373238419 20.4652157677 20.4731520901 2.55466548024 2.55815197096 2.55914401126
143196160 64 895187.061 895291.129 895539.729 20.4671081432 20.4727913483 20.4751713676 2.5583885179 2.55909891854 2.55939642095
157515776 64 984273.141 984796.747 984797.993 20.4732538767 20.4732797802 20.484170997 2.55915673459 2.55915997253 2.56052137463
173267328 64 1082756.875 1083001.826 1083470.58 20.4696079371 20.4784677658 20.4831005889 2.55870099214 2.55980847072 2.56038757362
190594048 64 1190918.815 1191541.986 1192553.585 20.4569743874 20.4743420128 20.4850556031 2.55712179843 2.5592927516 2.56063195038
209653376 64 1310196.524 1311010.329 1312358.578 20.448399224 20.469428451 20.4821426682 2.556049903 2.55867855638 2.56026783353
230618624 64 1441258.054 1442122.041 1442203.304 20.4681155494 20.4692689195 20.4815395758 2.55851444368 2.55865861494 2.56019244698
253680384 32 816616.926 816941.342 817588.445 19.8578449528 19.8735744432 19.8814695839 2.4822306191 2.48419680541 2.48518369799
279048320 32 897978.405 898761.858 898909.911 19.8674998033 19.8707725757 19.888109091 2.48343747542 2.48384657196 2.48601363637
306953088 32 988404.22 988506.508 988727.359 19.8689734366 19.87341254 19.8754692002 2.48362167957 2.48417656751 2.48443365003
337648384 32 1087340.783 1087992.381 1088374.513 19.8548351858 19.8618087345 19.8737110884 2.48185439822 2.48272609181 2.48421388605
371413120 32 1195542.015 1196961.226 1198398.867 19.8351653482 19.8589888826 19.8825632071 2.47939566852 2.48237361032 2.48532040089
408554368 32 1315178.842 1316888.097 1317182.874 19.8510624972 19.8555060309 19.8813109799 2.48138281215 2.48193825386 2.48516387249
449409792 32 1447194.84 1447669.406 1448585.46 19.8553882268 19.8679522885 19.8744674131 2.48192352835 2.48349403607 2.48430842664
494350720 16 842935.971 843354.438 846562.905 18.6864117794 18.7575025721 18.7668145437 2.33580147243 2.34468782152 2.34585181797
543785728 16 926767.847 926993.285 927296.518 18.7654573895 18.7715958439 18.7761620694 2.34568217369 2.34644948048 2.34702025868
598164224 16 1019780.353 1020030.713 1023062.155 18.7097676074 18.7653713992 18.76997837 2.33872095093 2.3456714249 2.34624729625
657980544 16 1121357.123 1122187.245 1122767.836 18.7530999133 18.762802288 18.776692078 2.34413748917 2.34535028599 2.34708650975
723778560 16 1233840.144 1234876.446 1235120.173 18.7519517747 18.7556528388 18.7714057065 2.34399397183 2.34445660485 2.34642571331
796156416 16 1357048.652 1357555.736 1358958.294 18.747451945 18.7668208652 18.7738334027 2.34343149312 2.34585260815 2.34672917534
875772032 16 1492701.705 1493055.214 1495075.464 18.7446759035 18.7700392867 18.7744845002 2.34308448794 2.34625491084 2.34681056253
963349120 8 912282.335 912575.508 912765.984 16.8866787218 16.8902033693 16.8956312412 2.11083484023 2.11127542117 2.11195390515
1059683968 8 1003507.456 1004286.272 1004313.639 16.8821201163 16.8825801574 16.8956826246 2.11026501453 2.11032251967 2.11196032808
1165652352 8 1104257.721 1105073.222 1109008.935 16.8172113347 16.8771057525 16.8895695971 2.10215141684 2.10963821907 2.11119619964
1282217472 8 1214131.09 1214865.864 1216710.845 16.8614257334 16.887032684 16.8972524639 2.10767821668 2.1108790855 2.11215655799
1410439168 8 1336138.425 1336558.262 1336559.511 16.8844159218 16.8844317001 16.8897370705 2.11055199023 2.11055396252 2.11121713381
1551483008 8 1469463.786 1470425.592 1470471.533 16.8814747997 16.8820022333 16.8930519857 2.11018434996 2.11025027916 2.11163149821
1706631296 8 1615869.188 1616568.92 1617037.644 16.8864966362 16.8913928742 16.8987074813 2.11081207952 2.11142410928 2.11233843516
1877294336 4 1066825.86 1067632.144 1067967.02 14.0625641118 14.0669750086 14.0776065252 1.75782051397 1.75837187607 1.75970081565
2065023744 4 1173270.554 1173884.031 1174156.817 14.0698326772 14.0731022109 14.0804607221 1.75872908465 1.75913777636 1.76005759026
2271526016 4 1291226.855 1291372.511 1292535.85 14.0593455323 14.0720109598 14.0735983438 1.75741819153 1.75900136998 1.75919979298
2498678528 4 1419875.97 1420092.679 1420565.762 14.0714557247 14.0761434233 14.078291799 1.75893196559 1.75951792791 1.75978647487
2748546304 4 1561158.212 1562223.578 1563776.549 14.0610693043 14.0750470942 14.0846521915 1.75763366304 1.75938088677 1.76058152394
3023400832 4 1717856.243 1719021.521 1719586.589 14.0657102182 14.0703338268 14.0798781939 1.75821377728 1.75879172836 1.75998477423
3325740800 4 1889524.598 1890369.082 1891017.821 14.0696328213 14.0744612538 14.0807515436 1.75870410266 1.75930765673 1.76009394295
3658314880 4 2078425.151 2079393.24 2079547.548 14.0735031849 14.0745475541 14.0811031977 1.75918789812 1.75931844426 1.76013789972
4024146304 2 1523860.423 1525038.684 1525074.296 10.5546236391 10.5548701058 10.5630312154 1.31932795489 1.31935876323 1.32037890192
4426560896 2 1676102.492 1677626.327 1678486.73 10.5489327187 10.5543429422 10.5639384635 1.31861658984 1.31929286777 1.32049230794
4869216896 2 1845160.861 1845367.197 1845574.01 10.5532844949 10.554467217 10.5556474753 1.31916056187 1.31930840212 1.31945593442
5356138496 2 2028997.855 2029964.033 2030464.839 10.5515513357 10.5541544755 10.5591802038 1.31894391696 1.31926930944 1.31989752547
5891752320 2 2231105.793 2232115.378 2234452.127 10.5471086157 10.5581501352 10.5629277437 1.31838857696 1.3197687669 1.32036596796
6480927488 2 2454478.29 2455141.825 2455881.422 10.5557661375 10.5589459998 10.561800468 1.31947076718 1.31986824997 1.3202250585
7129020160 2 2701291.642 2701978.858 2702087.651 10.5533514538 10.553776376 10.5564612856 1.31916893173 1.319222047 1.31955766071
7841922176 1 1484832.121 1485539.927 1485654.287 10.5568600241 10.5576727134 10.5627054602 1.31960750301 1.31970908918 1.32033818253
8626114304 1 1633619.498 1634359.998 1634732.877 10.5535459956 10.5559537856 10.5607386721 1.31919324945 1.31949422321 1.32009233401
9488725632 1 1796794.06 1797638.89 1798410.569 10.5523463836 10.5568762278 10.5618399384 1.31904329795 1.31960952847 1.3202299923
10437598080 1 1976865.934 1977488.146 1977747.773 10.5550345929 10.5564203771 10.5597429755 1.31937932411 1.31955254714 1.31996787193
11481357824 1 2174310.634 2175899.326 2177591.279 10.5450071689 10.5532068389 10.5609176945 1.31812589611 1.31915085487 1.32011471182
12629493504 1 2391660.648 2392679.805 2392940.64 10.555626239 10.5567769474 10.5612755008 1.31945327988 1.31959711843 1.3201594376
13892442752 1 2631377.668 2631540.981 2631622.096 10.5580833761 10.55840882 10.5590641138 1.31976042201 1.3198011025 1.31988301422

META_DATA
HOSTNAME  localhost.localdomain
CONFIG  {'ERT_WORKING_SET_MIN': ['1'], 'ERT_CFLAGS': ['-O3'], 'ERT_CC': ['gcc'], 'ERT_MPI_CFLAGS': [], 'ERT_MPI_LDFLAGS': [], 'ERT_MEMORY_MAX': ['15000000000'], 'ERT_PROCS_THREADS': ['8,10,16'], 'ERT_LDFLAGS': [], 'ERT_LDLIBS': [], 'ERT_SPEC_GBYTES_DRAM': ['0'], 'ERT_RUN': ['export', 'KMP_AFFINITY=scatter;', 'export', 'OMP_NUM_THREADS=ERT_OPENMP_THREADS;', 'ERT_CODE'], 'ERT_FLOPS': ['1,2,4,8,16'], 'ERT_OPENMP_CFLAGS': ['-fopenmp'], 'ERT_SPEC_GFLOPS': ['0'], 'ERT_MPI': ['False'], 'ERT_TRIALS_MIN': ['1'], 'ERT_DRIVER': ['driver1'], 'ERT_RESULTS': ['Results.arm'], 'ERT_OPENMP': ['True'], 'ERT_MPI_PROCS': ['1'], 'ERT_KERNEL': ['kernel1'], 'ERT_OPENMP_THREADS': ['8,10,16'], 'ERT_LD': ['gcc'], 'ERT_NUM_EXPERIMENTS': ['4'], 'ERT_OPENMP_LDFLAGS': ['-fopenmp'], 'ERT_ALIGN': ['32'], 'ERT_GNUPLOT': ['gnuplot']}
MPI_PROCS      1
FLOPS          2
UNAME  ('Linux', 'localhost.localdomain', '5.4.44-mlnx.14.gd7fb187', '#1 SMP PREEMPT Tue Sep 15 16:18:01 UTC 2020', 'aarch64', 'aarch64')
TIMESTAMP_DATA  1614750323.16
OPENMP_THREADS 16
TIMESTAMP_DATA  1614749875.5
TIMESTAMP_DATA  1614750547.13
TIMESTAMP_DATA  1614750099.38
ERT_VERSION  1.0.0
