80 134217728 363861.838 363989.488 364739.726 58.877152526 58.9985073415 59.0192051962 3.67982203288 3.68740670884 3.68870032476
160 67108864 181872.545 182144.582 187699.044 114.411006164 117.899946538 118.076296123 7.15068788523 7.36874665863 7.37976850767
240 33554432 90928.698 90971.681 91359.55 176.293856088 177.045506722 177.129198089 11.0183660055 11.0653441701 11.0705748806
320 33554432 90936.413 90976.215 91225.662 235.403460048 236.048911026 236.152227381 14.712716253 14.7530569391 14.7595142113
400 33554432 90933.468 90968.659 92109.355 291.431262329 295.085647025 295.199844352 18.2144538956 18.4428529391 18.449990272
480 16777216 45474.41 45747.635 45756.645 351.995373787 352.064699301 354.180018168 21.9997108617 22.0040437063 22.1362511355
560 16777216 45465.676 45502.178 46882.84 400.796579729 412.957857094 413.289399238 25.0497862331 25.8098660684 25.8305874524
640 16777216 45472.21 45757.303 46033.702 466.502487243 469.320416022 472.262871763 29.1564054527 29.3325260014 29.5164294852
720 16777216 46358.982 46812.295 47436.825 509.291906446 516.086447802 521.132906672 31.8307441529 32.2554029876 32.570806667
800 16777216 49716.374 49817.339 50008.942 536.774915174 538.839410913 539.933696693 33.5484321984 33.677463182 33.7458560433
880 16777216 49547.857 49619.658 49681.332 594.345984121 595.084717432 595.947069113 37.1466240076 37.1927948395 37.2466918196
960 8388608 26939.205 27116.068 27566.141 584.27210976 593.969869083 597.869438241 36.51700686 37.1231168177 37.36683989
1040 8388608 26635.53 26724.023 27352.42 637.907162876 652.90711058 655.076307474 39.8691976798 40.8066944112 40.9422692171
1120 8388608 27976.802 27982.878 27987.218 671.395131878 671.499261799 671.645097964 41.9621957424 41.9687038624 41.9778186227
1200 8388608 28644.172 28808.049 29046.184 693.125788916 698.855351156 702.853592696 43.3203618073 43.6784594472 43.9283495435
1280 8388608 30032.569 30384.498 30482.779 704.490771002 706.769500684 715.051598816 44.0306731876 44.1730937928 44.690724926
1360 8388608 30609.875 30665.287 30747.965 742.065816713 744.066532298 745.413490254 46.3791135446 46.5041582686 46.5883431409
1440 8388608 32056.228 32057.122 32080.07 753.090346748 753.62944434 753.650461932 47.0681466717 47.1018402713 47.1031538708
1520 8388608 33235.995 33287.409 33303.374 765.729271755 766.096523764 767.281627043 47.8580794847 47.8810327352 47.9551016902
1600 8388608 33807.647 33812.115 33816.977 793.789036791 793.903179378 794.008101185 49.6118147994 49.6189487111 49.6255063241
1760 8388608 36141.933 36185.968 37379.682 789.94519429 816.00415277 816.998364753 49.3715746431 51.0002595481 51.062397797
1920 4194304 19059.411 19279.137 21245.082 758.110858786 835.417444256 845.048535865 47.3819286741 52.213590266 52.8155334916
2080 4194304 20340.256 20349.706 20631.805 845.699377248 857.422934759 857.821289958 52.856211078 53.5889334224 53.6138306224
2240 4194304 21859.197 21863.558 22130.792 849.065045661 859.443001912 859.614464337 53.0665653538 53.7151876195 53.7259040211
2400 4194304 23313.751 23319.035 23584.647 853.634112056 863.357304451 863.552982101 53.3521320035 53.9598315282 53.9720613813
2640 4194304 25791.361 25800.393 26292.11 842.303075714 858.356115738 858.65670757 52.6439422321 53.6472572336 53.6660442231
2880 4194304 26885.623 26891.065 26987.768 895.190407743 898.409603339 898.591453135 55.949400484 56.1506002087 56.1619658209
3120 4194304 29786.048 37949.259 56009.56 467.285530542 689.669776161 878.681755968 29.2053456588 43.1043610101 54.917609748
3360 4194304 30893.131 30897.549 30979.168 909.828271695 912.231675076 912.36213254 56.864266981 57.0144796922 57.0226332838
3680 2097152 16810.707 29664.219 29788.647 518.151721359 520.325133792 918.16713717 32.3844825849 32.520320862 57.3854460731
4000 2097152 18121.225 30837.236 30911.951 542.742061153 544.057061405 925.832331975 33.9213788221 34.0035663378 57.8645207485
4400 2097152 25999.552 32121.361 32133.017 574.32943816 574.53784726 709.81752301 35.895589885 35.9086154537 44.3635951881
4800 2097152 34762.38 34833.554 34843.893 577.795919647 577.96741613 579.15077161 36.1122449779 36.1229635081 36.1969232256
5280 2097152 36582.111 36603.731 36749.538 602.617783113 605.018245818 605.375811144 37.6636114446 37.8136403636 37.8359881965
5760 2097152 38257.112 38266.029 38291.157 630.933952714 631.348265586 631.495420773 39.4333720446 39.4592665991 39.4684637983
6320 2097152 40655.616 40668.352 40980.949 646.837175001 651.809084371 652.01327364 40.4273234375 40.7380677732 40.7508296025
6880 2097152 43107.561 43113.42 43126.739 669.116473657 669.323183361 669.414154979 41.8197796036 41.8326989601 41.8383846862
7520 1048576 22835.663 22843.819 23146.856 681.327219558 690.365434956 690.612006317 42.5829512224 43.1478396848 43.1632503948
8240 1048576 24379.356 24400.107 24624.521 701.76116238 708.215438563 708.818250983 43.8600726487 44.2634649102 44.3011406864
9040 1048576 25810.288 25821.488 25833.59 733.860608611 734.204553975 734.523151388 45.8662880382 45.8877846234 45.9076969618
9920 1048576 27718.198 27724.659 27800.022 748.335661029 750.369836469 750.544744648 46.7709788143 46.8981147793 46.9090465405
10880 1048576 29719.384 29725.018 30198.969 755.556050937 767.603025842 767.748542837 47.2222531835 47.9751891151 47.9842839273
11920 1048576 31853.403 31877.937 31955.34 782.280890768 784.180351445 784.784339683 48.892555673 49.0112719653 49.0490212302
13040 1048576 34080.08 34088.682 34387.806 795.248818142 802.227028901 802.429515424 49.7030511339 50.1391893063 50.151844714
14320 524288 18357.19 18362.213 18404.922 815.847430378 817.745024524 817.968780625 50.9904643986 51.1090640328 51.1230487891
15680 524288 19769.911 19785.837 19824.322 829.368675509 830.98186243 831.651274505 51.8355422193 51.9363664019 51.9782046566
17200 524288 21280.733 21294.314 21405.967 842.545781744 846.963522751 847.504040392 52.659111359 52.9352201719 52.9690025245
18880 524288 23028.082 23040.093 23060.647 858.480461541 859.246309466 859.694475641 53.6550288463 53.7028943416 53.7309047275
20720 524288 24922.953 25023.97 25247.891 860.52711175 868.227332434 871.746406616 53.7829444844 54.2642082771 54.4841504135
22720 524288 26981.58 26984.264 27274.123 873.489010811 882.871836712 882.959660628 54.5930631757 55.1794897945 55.1849787892
24960 524288 29274.96 29286.276 29329.661 892.354567617 893.676511141 894.021954599 55.772160476 55.8547819463 55.8763721624
27440 524288 31775.921 31786.08 31792.763 905.014938148 905.205216875 905.494617764 56.5634336343 56.5753260547 56.5934136103
30160 262144 17305.146 17308.83 17594.615 898.713957651 913.5525671 913.747048421 56.1696223532 57.0970354438 57.1091905263
33120 262144 18789.194 18824.181 19000.03 913.915323292 922.45280472 924.170486504 57.1197077057 57.653300295 57.7606554065
36400 262144 20489.767 20500.416 20503.923 930.752773506 930.911997103 931.395813335 58.1720483441 58.1819998189 58.2122383334
40000 262144 22328.674 22335.867 22341.328 938.687261563 938.916765577 939.219229946 58.6679538477 58.6822978486 58.7012018716
44000 262144 24388.773 24391.809 24404.136 945.277144825 945.754863856 945.872594739 59.0798215516 59.109678991 59.1170371712
48400 262144 26652.509 26682.744 26955.501 941.386294397 951.009356459 952.088195524 58.8366433998 59.4380847787 59.5055122203
53200 262144 29101.2 29104.891 29112.679 958.07471377 958.33107913 958.452627383 59.8796696106 59.8956924456 59.9032892114
58480 131072 15899.02 15905.031 15920.139 962.942667774 963.857355575 964.221764612 60.1839167359 60.2410847234 60.2638602882
64320 131072 17389.474 17396.054 17398.099 969.134735927 969.248662944 969.615416775 60.5709209954 60.578041434 60.6009635484
70720 131072 19032.967 19053.994 19320.463 959.543447794 972.96260721 974.037504505 59.9714654871 60.8101629506 60.8773440315
77760 131072 20847.705 20855.696 21310.555 956.536206589 977.398090191 977.77273038 59.7835129118 61.0873806369 61.1107956487
85520 131072 22832.978 22837.853 22842.585 981.43685927 981.640212852 981.849799882 61.3398037044 61.3525133032 61.3656124926
94000 131072 25003.746 25006.377 25037.635 984.179855645 985.410081596 985.513770617 61.5112409778 61.5881300998 61.5946106635
103360 131072 27396.129 27399.84 27489.309 985.663329697 988.881827047 989.015778105 61.603958106 61.8051141904 61.8134861316
113680 131072 30046.852 30051.673 30077.043 990.806507142 991.642958447 991.802066985 61.9254066964 61.9776849029 61.9876291866
125040 65536 16476.766 16478.302 16684.15 982.324114804 994.595370324 994.68808867 61.3952571752 62.1622106452 62.1680055419
137520 65536 18076.502 18080.374 18109.681 995.325176628 996.938527931 997.152072896 62.2078235392 62.3086579957 62.322004556
151200 65536 19825.716 19834.146 19840.205 998.885162729 999.190305446 999.615166484 62.4303226706 62.4493940904 62.4759479052
166320 65536 21761.3 21765.385 21779.209 1000.94980676 1001.58554696 1001.77356316 62.5593629227 62.5990966849 62.6108476975
182880 65536 23884.548 23887.906 23911.67 1002.45810351 1003.45536189 1003.59644068 62.6536314695 62.7159601181 62.7247775424
201120 65536 26221.187 26230.929 26501.853 994.692734882 1004.96633726 1005.33971403 62.1682959301 62.8103960786 62.8337321266
221200 65536 28796.707 28804.868 29082.649 996.921786595 1006.53564529 1006.82089796 62.3076116622 62.9084778309 62.9263061224
243280 32768 15812.175 15820.611 16104.913 989.983496341 1007.77385147 1008.31151186 61.8739685213 62.9858657166 63.0194694911
267600 32768 17370.591 17373.186 17377.207 1009.22050362 1009.45408631 1009.60488909 63.0762814761 63.0908803946 63.1003055682
294320 32768 19079.933 19115.563 19385.003 995.024634249 1009.04982605 1010.93413274 62.1890396406 63.0656141281 63.1833832959
323680 32768 20962.647 20963.617 21250.445 998.223448027 1011.88132182 1011.92814438 62.3889655017 63.2425826135 63.2455090237
356000 32768 24399.653 24441.561 24530.744 951.084728616 954.555071176 956.194581948 59.4427955385 59.6596919485 59.7621613717
391600 32768 27458.13 27592.702 27696.175 926.622452378 930.097298916 934.655695781 57.9139032736 58.1310811823 58.4159809863
430720 32768 30019.603 30057.715 30134.564 936.720568448 939.115495639 940.307768894 58.545035528 58.6947184774 58.7692355558
473760 16384 16460.96 16500.126 16599.739 935.205528231 940.851462589 943.090055501 58.4503455145 58.8032164118 58.9431284688
521120 16384 18101.846 18156.395 18258.412 935.243446144 940.498384178 943.332528627 58.452715384 58.7811490111 58.9582830392
573200 16384 19977.431 20068.512 20120.965 933.484929773 935.924776087 940.191839481 58.3428081108 58.4952985054 58.7619899676
630480 16384 22012.506 22107.026 22162.524 932.184828768 934.52500757 938.537785748 58.261551798 58.4078129731 58.6586116092
693520 16384 24190.848 24215.256 24304.488 935.023332316 938.468846251 939.415739374 58.4389582698 58.6543028907 58.7134837109
762800 16384 26596.477 26681.387 26717.399 935.548793503 936.811508337 939.802305396 58.471799594 58.5507192711 58.7376440872
839040 16384 29121.835 29176.441 29188.026 941.950055821 942.324073042 944.091013496 58.8718784888 58.8952545651 59.0056883435
922880 8192 15960.749 16008.165 16062.367 941.359758496 944.547105805 947.353154918 58.834984906 59.0341941128 59.2095721824
1015120 8192 17659.485 17716.876 17749.808 937.008787926 938.750493033 941.801308475 58.5630492454 58.6719058145 58.8625817797
1116560 8192 19415.541 19458.998 19506.32 937.835483064 940.116188922 942.220411989 58.6147176915 58.7572618076 58.8887757493
1228160 8192 21267.909 21323.223 21355.928 942.228941772 943.674107803 946.128434159 58.8893088608 58.9796317377 59.1330271349
1350960 8192 23527.759 23542.757 23677.093 934.833032079 940.167230202 940.766548994 58.4270645049 58.7604518876 58.7979093121
1486000 8192 25823.021 25881.79 25912.942 939.554605571 940.685478091 942.826325394 58.7221628482 58.7928423807 58.9266453371
1634560 8192 28257.32 28291.591 28449.374 941.343420773 946.593319549 947.741365423 58.8339637983 59.1620824718 59.2338353389
1798000 8192 31226.258 31256.315 31269.285 942.08844238 942.479367769 943.386556276 58.8805276488 58.9049604856 58.9616597672
1977760 4096 17091.83 17134.407 17136.773 945.4411236 945.571674584 947.927162861 59.090070225 59.0982296615 59.2454476788
2175520 4096 18806.308 18841.82 19110.922 932.548405566 945.867216649 947.653300159 58.2842753479 59.1167010406 59.2283312599
2393040 4096 20809.055 20825.677 20842.958 940.547098929 941.327558283 942.079478381 58.7841936831 58.8329723927 58.8799673988
2632320 4096 22713.637 22751.627 22984.302 938.204059449 947.798829508 949.384083227 58.6377537156 59.2374268442 59.3365052017
2895520 4096 25026.467 25055.334 25241.06 939.742619367 946.708586683 947.800576086 58.7339137104 59.1692866677 59.2375360054
3185040 4096 27632.761 27646.612 27879.04 935.894768256 943.762934858 944.235998712 58.493423016 58.9851834286 59.0147499195
3503520 4096 30271.371 30323.343 30544.962 939.62584861 946.493130391 948.118135779 58.7266155381 59.1558206495 59.2573834862
3853840 2048 16711.18 16734.491 16777.006 940.890683356 943.281073801 944.596889029 58.8056677097 58.9550671126 59.0373055643
4239200 2048 18280.205 18292.953 18563.823 935.354921236 949.20504087 949.866984533 58.4596825772 59.3253150544 59.3666865333
4663120 2048 20224.733 20241.017 20258.698 942.811799653 943.635367729 944.395138368 58.9257374783 58.9772104831 59.024696148
5129360 2048 22209.812 22224.591 22231.534 945.047631891 945.342866377 945.97192268 59.0654769932 59.0839291486 59.1232451675
5642240 2048 24293.935 24488.835 24567.208 940.70986984 943.720476699 951.291548281 58.794366865 58.9825297937 59.4557217676
6206400 2048 26898.757 27007.127 28809.318 882.402506023 941.285402183 945.077662882 55.1501566264 58.8303376364 59.0673539301
6827040 2048 29476.988 30447.859 32880.183 850.468376043 918.407952428 948.657164022 53.1542735027 57.4004970267 59.2910727514
7509680 1024 16558.179 16880.971 18049.671 852.08337814 911.074643751 928.835510233 53.2552111338 56.9421652345 58.0522193896
8260640 1024 18388.081 18736.434 19436.798 870.400089562 902.9354636 920.041124465 54.4000055976 56.433466475 57.5025702791
9086640 1024 20805.36 20961.374 21261.996 875.244201908 887.79670264 894.454059915 54.7027626193 55.487293915 55.9033787447
9995280 1024 23948.034 24235.762 24347.027 840.773431598 844.633374432 854.781375373 52.5483394749 52.789585902 53.4238359608
10994800 1024 28057.287 28389.967 28773.83 782.563544721 793.144648601 802.54909892 48.9102215451 49.5715405375 50.1593186825
12094240 1024 33932.315 34745.943 35022.706 707.227006388 712.860304871 729.953247222 44.2016878993 44.5537690544 45.6220779514
13303600 1024 43295.227 43617.235 43693.849 623.560831182 624.656120453 629.30199673 38.9725519489 39.0410075283 39.3313747957
14633920 1024 52227.271 53650.912 53781.972 557.254913598 558.616192023 573.843273565 34.8284320999 34.9135120014 35.8652045978
16097280 512 31544.727 31711.503 31912.421 516.526612631 519.799226167 522.547388665 32.2829132895 32.4874516355 32.6592117916
17706960 512 36723.822 36849.834 44330.069 409.020952347 492.049083315 493.737472096 25.5638095217 30.7530677072 30.858592006
19477600 512 42703.154 43150.73 45249.899 440.7758435 462.218423651 467.062980875 27.5484902187 28.8886514782 29.1914363047
21425360 512 56315.054 58221.926 59420.078 369.228203302 376.826569427 389.586213306 23.0767627064 23.5516605892 24.3491383316
23567840 512 87940.874 92349.61 96543.984 249.973816701 261.327234192 274.428341024 15.6233635438 16.332952137 17.151771314
25924560 512 145911.405 148339.308 150822.167 176.013579224 178.959641904 181.937453347 11.0008487015 11.184977619 11.3710908342
28516960 512 214275.467 214970.441 216920.527 134.617813463 135.838987463 136.279563166 8.41361334144 8.48993671646 8.51747269789
31368640 256 144364.623 144800.56 145226.953 110.590653789 110.916309163 111.251242488 6.91191586179 6.93226932272 6.95320265547
34505440 256 182774.744 183291.94 183685.059 96.1797621221 96.3860455621 96.6587882623 6.01123513263 6.02412784763 6.0411742664
37955920 256 221654.526 222768.136 223792.978 86.8366434625 87.2361343455 87.6744156354 5.42729021641 5.4522583966 5.47965097721
41751440 256 262728.685 263749.778 274035.167 78.0072773652 81.0493090917 81.364306604 4.87545483533 5.06558181823 5.08526916275
45926560 256 305553.374 305829.077 309210.155 76.0466573939 76.8873873951 76.956763436 4.75291608712 4.8054617122 4.80979771475
50519200 256 350879.722 352254.165 353508.49 73.1689086166 73.429452282 73.7170853094 4.57305678854 4.58934076762 4.60731783184
55571120 256 400051.35 402393.373 403008.827 70.5999758164 70.7079573102 71.1219033257 4.41249848853 4.41924733189 4.44511895785
61128160 128 229568.091 230064.255 230712.172 67.8282763512 68.0192973046 68.1663069629 4.23926727195 4.25120608154 4.26039418518
67240960 128 259230.795 260475.415 260658.754 66.0391622988 66.0856448199 66.4029355 4.12744764367 4.13035280124 4.15018346875
73965040 128 292545.648 293846.579 294510.074 64.2933872612 64.4385594157 64.725113395 4.01833670382 4.02740996348 4.04531958718
81361520 128 330150.829 331472.974 332451.372 62.6514157385 62.8363418853 63.0879806756 3.91571348365 3.92727136783 3.94299879223
89497600 128 359197.306 370210.673 371408.281 61.687869582 61.8874259198 63.7849594562 3.85549184887 3.86796411999 3.98655996601
98447360 128 413450.945 415132.142 419614.242 60.0611743774 60.7096430514 60.9565039451 3.75382339859 3.79435269072 3.80978149657
108292080 128 463051.077 464433.347 466029.7 59.4871367211 59.6916062532 59.8697937593 3.71794604507 3.73072539083 3.74186210995
119121280 64 261789.239 263129.264 263516.567 57.8617276841 57.9468950287 58.2435087792 3.61635798026 3.6216809393 3.6402192987
131033360 64 292091.553 293567.311 294603.456 56.9316813446 57.132621554 57.4212773623 3.55823008404 3.57078884713 3.58882983514
144136640 64 325235.535 326451.304 328213.953 56.2117781751 56.5152893983 56.7265502523 3.51323613594 3.53220558739 3.54540939077
158550240 64 360558.73 362877.428 364303.307 55.7075116532 55.926406974 56.2860611363 3.48171947832 3.49540043587 3.51787882102
174405200 64 400886.852 403728.236 405043.667 55.1147133477 55.2942886066 55.6862004544 3.44466958423 3.45589303791 3.4803875284
191845680 64 446776.295 448428.711 449858.107 54.5866500078 54.7606485438 54.9631825028 3.41166562549 3.42254053398 3.43519890642
211030240 64 494393.004 497540.467 500057.743 54.0175031746 54.2908014757 54.6364339735 3.37609394841 3.39317509223 3.41477712334
232133200 64 548683.022 550186.235 554921.803 53.5445704951 54.0054398126 54.1533971503 3.34653565594 3.37533998829 3.38458732189
255346480 32 312181.82 314022.439 316845.668 51.5777123391 52.0414234474 52.3482588448 3.22360702119 3.25258896547 3.2717661778
280881120 32 345752.125 347144.934 349317.663 51.461444937 51.7835345395 51.9921365053 3.21634030856 3.23647090872 3.24950853158
308969200 32 381835.426 383272.735 386840.164 51.1167935499 51.592578846 51.7867841838 3.19479959687 3.22453617787 3.23667401149
339866080 32 422551.607 423999.125 427373.61 50.8955831877 51.3006462454 51.4763848005 3.18097394923 3.20629039034 3.21727405003
373852640 32 465209.797 467575.685 470259.089 50.8795460198 51.1715423354 51.4317822073 3.17997162624 3.19822139597 3.21448638796
411237840 32 512273.506 516358.604 518717.367 50.7390410161 50.9708205811 51.377284696 3.17119006351 3.18567628632 3.2110802935
452361600 32 566084.168 567699.36 572653.352 50.5561388908 50.9973137895 51.1428229874 3.15975868068 3.18733211184 3.19642643671
497597760 16 330188.705 331358.043 332916.555 47.8291874671 48.0541476399 48.2243277219 2.98932421669 3.0033842275 3.01402048262
547357520 16 363453.396 364315.008 367013.728 47.7242111227 48.0777356282 48.191709949 2.98276319517 3.00485847676 3.01198187181
602093200 16 400354.297 401453.051 403993.953 47.6912643294 47.993114891 48.1248297929 2.98070402059 2.99956968069 3.00780186206
662302480 16 441221.603 442078.753 443402.433 47.797841831 47.9409589721 48.0340926553 2.98736511444 2.99630993575 3.00213079095
728532720 16 485061.783 485967.469 489647.525 47.6118960062 47.9724436863 48.0620157206 2.97574350039 2.9982777304 3.00387598254
801385920 16 535451.555 536775.768 538465.594 47.6248616917 47.7747897144 47.8929404547 2.97655385573 2.98592435715 2.99330877842
881524480 16 589615.418 591314.381 593047.987 47.5657686703 47.7052212265 47.8426827027 2.97286054189 2.98157632665 2.99016766892
969676880 8 361456.693 362558.684 363930.083 42.6313481757 42.7926036934 42.9230676329 2.66445926098 2.67453773084 2.68269172706
1066644560 8 398549.111 399181.178 400450.704 42.61776241 42.7533007581 42.8211040722 2.66361015063 2.67208129738 2.67631900451
1173308960 8 438576.781 439757.991 444151.82 42.2669513321 42.68926033 42.804234454 2.64168445826 2.66807877063 2.67526465337
1290639840 8 484453.933 484825.727 486334.213 42.4610008673 42.5931139582 42.6258020285 2.65381255421 2.66206962239 2.66411262678
1419703760 8 533432.819 535001.113 535784.462 42.3962652355 42.4583418764 42.5831695219 2.64976657722 2.65364636727 2.66144809512
1561674080 8 586971.047 588454.226 591513.4 42.242128885 42.4617313905 42.5690251806 2.64013305531 2.6538582119 2.66056407378
1717841440 8 645590.662 647940.158 650848.671 42.2301900037 42.4197554367 42.574133515 2.63938687523 2.6512347148 2.66088334469
1889625520 4 427308.731 428552.626 430027.248 35.1535960345 35.2745572956 35.3772414727 2.19709975215 2.20465983097 2.21107759205
2078588000 4 470966.082 473295.012 473765.034 35.09905292 35.1339092498 35.3076466343 2.1936908075 2.19586932811 2.20672791464
2286446800 4 518574.824 519320.582 521624.494 35.0665557511 35.2221248955 35.2727775308 2.19165973444 2.20138280597 2.20454859567
2515091440 4 570970.15 572516.181 573159.208 35.1049607843 35.1443892553 35.239550649 2.19406004902 2.19652432845 2.20247191556
2766600560 4 628555.89 629951.713 636880.983 34.7518689846 35.1341285741 35.2121503149 2.17199181154 2.19588303588 2.20075939468
3043260560 4 690965.323 692628.761 695734.293 34.9933656066 35.1502649772 35.2348861362 2.18708535041 2.19689156108 2.20218038352
3347586560 4 758436.982 760029.264 762011.632 35.1447292343 35.2363964764 35.3103726685 2.19654557714 2.20227477978 2.20689829178
3682345200 4 833904.209 834658.577 837263.645 35.1845703273 35.2943855269 35.3263136006 2.19903564546 2.20589909543 2.20789460004
4050579680 2 609722.615 611015.387 612011.759 26.4738683232 26.5170387927 26.5732618758 1.6546167702 1.65731492454 1.66082886724
4455637600 2 669601.366 671186.966 673196.174 26.474527171 26.5537790554 26.6166577683 1.65465794819 1.65961119096 1.66354111052
4901201360 2 735750.419 736412.558 738831.019 26.5348976097 26.6220411738 26.6459996946 1.6584311006 1.66387757336 1.66537498091
5391321440 2 807139.803 808563.977 810089.78 26.6208589374 26.6710939065 26.7181542526 1.66380368359 1.66694336916 1.66988464079
5930453520 2 885894.282 887831.413 890164.5 26.6487981491 26.71882717 26.7772515999 1.66554988432 1.66992669812 1.67357822499
6523498800 2 973221.147 975547.728 977854.053 26.6849588852 26.7480456886 26.8119895262 1.66780993032 1.67175285554 1.67574934538
7175848640 2 1070553.079 1071240.21 1075541.051 26.6874002934 26.7945455109 26.8117435025 1.66796251834 1.67465909443 1.67573396891
7893433440 1 587764.099 589096.431 589885.482 26.7625960661 26.7984425796 26.8591887576 1.67266225413 1.67490266122 1.67869929735
8682776720 1 646094.717 647503.67 649689.632 26.7289988706 26.8192355419 26.8777208404 1.67056242942 1.67620222137 1.67985755253
9551054320 1 709786.838 711068.498 711814.47 26.8357970301 26.8639500888 26.9124582443 1.67723731438 1.67899688055 1.68202864027
10506159680 1 780391.678 781961.301 782325.269 26.8588018215 26.871303392 26.9253503751 1.67867511384 1.679456462 1.68283439845
11556775600 1 857194.24 858634.403 859732.859 26.8845734556 26.9189670473 26.9641933198 1.68028584098 1.68243544045 1.68526208249
12712453120 1 942654.927 944474.515 945158.044 26.9001638418 26.9196318548 26.9715942831 1.68126024011 1.68247699092 1.68572464269
13983698400 1 1035875.286 1038015.136 1039163.99 26.9133621537 26.9431493145 26.9988068815 1.68208513461 1.68394683216 1.68742543009

META_DATA
HOSTNAME  ('qiang-gpu6', [], ['127.0.1.1'])
TIMESTAMP_DATA  1614741388.51
CONFIG  {'ERT_WORKING_SET_MIN': ['1'], 'ERT_CFLAGS': ['-O3'], 'ERT_CC': ['gcc'], 'ERT_MPI_CFLAGS': [], 'ERT_MPI_LDFLAGS': [], 'ERT_MEMORY_MAX': ['15000000000'], 'ERT_PROCS_THREADS': ['8,10'], 'ERT_LDFLAGS': [], 'ERT_LDLIBS': [], 'ERT_SPEC_GBYTES_DRAM': ['1.0'], 'ERT_RUN': ['export', 'KMP_AFFINITY=scatter;', 'export', 'OMP_NUM_THREADS=ERT_OPENMP_THREADS;', 'ERT_CODE'], 'ERT_FLOPS': ['1,2,4,8,16'], 'ERT_OPENMP_CFLAGS': ['-fopenmp'], 'ERT_SPEC_GFLOPS': ['1.0'], 'ERT_MPI': ['False'], 'ERT_TRIALS_MIN': ['1'], 'ERT_DRIVER': ['driver1'], 'ERT_RESULTS': ['Results.x86'], 'ERT_OPENMP': ['True'], 'ERT_MPI_PROCS': ['1'], 'ERT_KERNEL': ['kernel1'], 'ERT_OPENMP_THREADS': ['8,10'], 'ERT_LD': ['gcc'], 'ERT_NUM_EXPERIMENTS': ['6'], 'ERT_OPENMP_LDFLAGS': ['-fopenmp'], 'ERT_ALIGN': ['32'], 'ERT_GNUPLOT': ['gnuplot']}
MPI_PROCS      1
OPENMP_THREADS 10
FLOPS          1
TIMESTAMP_DATA  1614741530.87
UNAME  ('Linux', 'qiang-gpu6', '5.4.0-65-generic', '#73-Ubuntu SMP Mon Jan 18 17:25:17 UTC 2021', 'x86_64', 'x86_64')
TIMESTAMP_DATA  1614741175.39
TIMESTAMP_DATA  1614741246.43
TIMESTAMP_DATA  1614741317.41
ERT_VERSION  1.0.0
TIMESTAMP_DATA  1614741459.76
