8 1073741824 4699724.832 4699770.752 4700548.001 3.65486517324 3.65546961555 3.65550533236 0.456858146655 0.456933701944 0.456938166545
16 536870912 2349855.998 2349869.735 2350100.032 7.31027145656 7.31098789355 7.31103063278 0.913783932071 0.913873486694 0.913878829098
24 536870912 2350112.714 2350488.015 2350814.348 10.9620752476 10.9635971813 10.9653480118 1.37025940595 1.37044964767 1.37066850148
32 268435456 1175236.549 1175458.458 1176000.301 14.6087285602 14.6154626453 14.6182223473 1.82609107002 1.82693283066 1.82727779342
40 268435456 1175230.12 1175373.93 1176000.131 18.26091334 18.2706421607 18.2728778939 2.2826141675 2.28383027008 2.28410973674
48 268435456 1174965.47 1175218.735 1175464.541 21.923080516 21.9276658962 21.9323924268 2.7403850645 2.74095823702 2.74154905335
56 134217728 587464.726 587528.529 587783.716 25.5746886598 25.5857967639 25.5885755701 3.19683608247 3.19822459549 3.19857194626
64 134217728 587473.355 587539.307 587626.457 29.2360375871 29.2403741832 29.2436568191 3.65450469838 3.6550467729 3.65545710239
72 134217728 587466.65 587471.164 587478.76 32.8988112387 32.8992366202 32.8994894127 4.11235140484 4.11240457753 4.11243617659
80 134217728 587465.226 587476.394 587485.717 36.5538018348 36.5543819281 36.5550768447 4.56922522935 4.56929774101 4.56938460558
88 134217728 603331.636 603613.96 603698.42 39.1293389968 39.1348141252 39.1531269347 4.8911673746 4.89185176565 4.89414086683
96 134217728 604915.047 604926.431 605029.841 42.5926161483 42.599897203 42.6006988978 5.32407701854 5.32498715038 5.32508736223
104 134217728 615375.708 615634.887 616089.769 45.3136682814 45.3471497693 45.3662487178 5.66420853517 5.66839372116 5.67078108972
112 67108864 308768.966 308775.876 308881.83 48.6671085055 48.683808239 48.6848977433 6.08338856319 6.08547602987 6.08561221791
120 67108864 319244.007 320322.757 320511.337 50.2513499546 50.2809338645 50.4508369988 6.28141874432 6.28511673306 6.30635462485
128 67108864 319882.982 319885.486 319894.004 53.7048802703 53.7063103388 53.7067307444 6.71311003378 6.71328879235 6.71334134305
136 67108864 343875.161 345160.299 345614.771 52.8149041639 52.8844454617 53.0820864029 6.60186302049 6.61055568271 6.63526080036
144 67108864 344799.842 344808.482 344816.956 56.0510511322 56.0524286407 56.0538332033 7.00638139152 7.00655358008 7.00672915042
152 67108864 365758.906 366402.624 367140.515 55.5675383742 55.6794447411 55.7774378732 6.94594229678 6.95993059264 6.97217973416
160 67108864 365312.041 366116.762 366427.274 58.605999072 58.6557041603 58.7849128138 7.325749884 7.33196302004 7.34811410172
176 67108864 378663.255 378832.137 379121.558 62.3080371705 62.3556394003 62.3834497171 7.78850464631 7.79445492503 7.79793121464
192 67108864 399685.402 399709.446 399735.741 64.4670994681 64.4713404546 64.4752188773 8.05838743351 8.05891755683 8.05940235966
208 67108864 427819.7 427823.225 427828.143 65.2535086361 65.2542587514 65.2547964107 8.15668857951 8.15678234392 8.15684955134
224 33554432 228898.545 228915.66 228977.404 65.6500828178 65.6677902071 65.6727002612 8.20626035222 8.20847377589 8.20908753264
240 33554432 243929.884 243947.954 243958.437 66.0199645401 66.0228015686 66.0276924495 8.25249556751 8.25285019607 8.25346155619
264 33554432 269163.469 269567.048 269719.047 65.6859064759 65.7229443563 65.8214881901 8.21073830948 8.21536804454 8.22768602377
288 33554432 290832.396 290875.171 290892.442 66.441577853 66.4455228872 66.455295551 8.30519723163 8.3056903609 8.30691194388
312 33554432 316549.943 316984.878 317004.133 66.049503424 66.0535155497 66.1442721157 8.256187928 8.25668944372 8.26803401446
336 33554432 435263.294 452944.753 468599.23 48.1191108743 49.7821823846 51.8044563252 6.01488885929 6.22277279808 6.47555704065
368 33554432 472811.658 478632.384 489712.874 50.4296767824 51.5971396369 52.2323456584 6.3037095978 6.44964245462 6.52904320731
400 33554432 517879.55 523329.841 524641.537 51.1654981676 51.2937415315 51.8335694082 6.39568727095 6.41171769144 6.47919617602
440 33554432 550203.44 552439.513 553330.486 53.3639495873 53.4500148254 53.6672401757 6.67049369841 6.68125185318 6.70840502197
480 16777216 295172.828 296957.861 297585.954 54.122606069 54.2370803243 54.5650745332 6.76532575862 6.77963504054 6.82063431665
528 16777216 317872.242 318700.838 318707.424 55.5893548812 55.5905036434 55.7354111341 6.94866936015 6.94881295543 6.96692639177
576 16777216 340024.374 340095.638 340119.799 56.8251330526 56.8291700113 56.8410805515 7.10314163158 7.10364625141 7.10513506893
632 16777216 363682.095 364133.855 364250.632 58.2192566354 58.2379274347 58.3102696436 7.27740707942 7.27974092933 7.28878370545
688 16777216 392706.551 392717.198 392779.562 58.774568357 58.7839018346 58.7854955748 7.34682104462 7.34798772933 7.34818694685
752 16777216 421219.923 421260.344 421275.429 59.8965216744 59.8986665215 59.9044145023 7.4870652093 7.48733331519 7.48805181278
824 16777216 451702.429 452178.116 452606.96 61.0879955713 61.1459311932 61.2103238612 7.63599944641 7.64324139915 7.65129048266
904 8388608 244437.634 244554.839 244645.687 61.9941575508 62.0171873352 62.0469238546 7.74926969385 7.7521484169 7.75586548183
992 8388608 266132.625 266154.041 266249.612 62.5090047906 62.5314506196 62.5364825977 7.81362559882 7.81643132745 7.81706032472
1088 8388608 288081.769 288116.34 288193.119 63.3381222679 63.3550009972 63.3626038585 7.91726528349 7.91937512465 7.92032548231
1192 8388608 309272.46 309394.22 309485.498 64.6183475518 64.6374113647 64.6628589949 8.07729344397 8.07967642059 8.08285737437
1304 8388608 334766.367 334973.252 336635.209 64.9887150218 65.31115405 65.3515162233 8.12358937772 8.16389425625 8.16893952791
1432 8388608 364468.464 364729.837 364956.912 65.8296158315 65.8706003041 65.9178384004 8.22870197893 8.23382503801 8.23972980005
1568 8388608 398958.763 399041.073 399166.696 65.9039818492 65.9247292271 65.938330293 8.23799773115 8.24059115338 8.24229128663
1720 8388608 430695.757 430999.765 431125.716 66.9336354781 66.9531954849 67.0004546156 8.36670443477 8.36914943562 8.37505682695
1888 4194304 235840.661 235859.727 235891.74 67.1396628979 67.1487756958 67.1542041853 8.39245786224 8.39359696198 8.39427552317
2072 4194304 255167.625 255384.855 255534.308 68.0190300553 68.0588352665 68.1167753002 8.50237875691 8.50735440831 8.51459691252
2272 4194304 279832.441 279873.992 281688.975 67.6594367103 68.0982081965 68.1083197784 8.45742958879 8.51227602456 8.5135399723
2496 4194304 305663.083 305721.032 305822.7 68.4643931533 68.4871610927 68.5001452007 8.55804914416 8.56089513658 8.56251815009
2744 4194304 332784.137 332939.817 333124.909 69.0982263113 69.1366402475 69.1689831117 8.63727828891 8.64208003094 8.64612288896
3016 4194304 363935.457 364012.209 364140.333 69.478822957 69.5032779189 69.5179357806 8.68485286962 8.68790973986 8.68974197257
3312 4194304 399096.625 399108.129 399234.207 69.5909048094 69.6128885313 69.6148951297 8.69886310118 8.70161106641 8.70186189121
3640 2097152 217586.65 217608.475 217669.393 70.1397029209 70.1593380497 70.1663753728 8.76746286512 8.76991725621 8.77079692159
4000 2097152 239004.025 239040.254 239160.087 70.1505682259 70.1857353281 70.1963743079 8.76882102823 8.77321691601 8.77454678849
4400 2097152 261733.998 261775.379 261801.613 70.4920698865 70.4991342979 70.5102804413 8.81150873582 8.81239178724 8.81378505516
4840 2097152 285982.27 286028.036 286096.459 70.9565977536 70.9735718355 70.9849298 8.8695747192 8.87169647943 8.873116225
5320 2097152 314273.427 314337.907 316116.908 70.5868516214 70.9863391691 71.000903554 8.82335645267 8.87329239613 8.87511294425
5848 2097152 344043.678 344191.986 344263.903 71.2485090021 71.2633959816 71.2941157198 8.90606362526 8.9079244977 8.91176446498
6432 2097152 378260.98 378308.244 378387.716 71.2966150518 71.3115924801 71.3205029184 8.91207688148 8.91394906002 8.9150628648
7072 2097152 415099.357 415147.917 417117.785 71.1120910081 71.4495163612 71.4578748143 8.88901137601 8.93118954515 8.93223435179
7776 1048576 227571.116 227588.98 227626.358 71.6413252634 71.6530912525 71.6587159154 8.95516565792 8.95663640656 8.95733948943
8552 1048576 249122.181 249158.264 249283.58 71.9455485355 71.9817340837 71.9921599595 8.99319356694 8.99771676046 8.99901999493
9400 1048576 273704.288 273766.526 273796.961 71.9994434124 72.0074476892 72.0238215632 8.99993042655 9.00093096115 9.0029776954
10336 1048576 300946.617 300980.296 301029.819 72.0066973565 72.0185452672 72.0266048779 9.00083716956 9.0023181584 9.00332560974
11368 1048576 329864.147 329904.941 329923.176 72.2605311486 72.2645252409 72.2734621292 9.03256639358 9.03306565512 9.03418276616
12504 1048576 362466.051 362498.468 362512.244 72.3362839242 72.3390329142 72.3455025254 9.04203549053 9.04237911428 9.04318781568
13752 1048576 398175.029 398276.218 398300.204 72.4077819051 72.4121426301 72.4305448698 9.05097273814 9.05151782876 9.05381810872
15120 524288 218998.906 219008.27 219017.784 72.3889577844 72.3921024535 72.3951978098 9.04861972304 9.04901280669 9.04939972623
16632 524288 240436.949 240475.973 240502.128 72.5146017502 72.5224886895 72.5342594162 9.06432521878 9.06531108619 9.06678242702
18288 524288 264291.22 264304.219 264309.704 72.5526062713 72.5541119266 72.5576804557 9.06907578391 9.06926399083 9.06971005696
20112 524288 290440.114 290453.341 290463.705 72.6044602096 72.6070508929 72.6103575073 9.0755575262 9.07588136161 9.07629468841
22120 524288 319035.922 319040.906 319151.848 72.675440438 72.700712303 72.7018480383 9.08443005475 9.08758903788 9.08773100479
24328 524288 350677.468 350707.661 350721.62 72.7350567325 72.7379517609 72.7442144301 9.09188209156 9.09224397011 9.09302680376
26760 524288 385538.691 385555.615 385577.519 72.7736768284 72.7778112115 72.7810059406 9.09670960355 9.09722640144 9.09762574257
29432 262144 211910.065 211936.536 211949.869 72.8042177559 72.8087978941 72.8178928924 9.10052721948 9.10109973676 9.10223661155
32368 262144 232961.437 232973.157 232976.843 72.8405182484 72.8416706994 72.8453352732 9.10506478105 9.10520883743 9.10566690915
35600 262144 286042.129 286067.72 286271.291 65.1991777967 65.2455747192 65.2514119695 8.14989722459 8.1556968399 8.15642649618
39160 262144 325728.933 325738.218 325749.701 63.027281428 63.0295032805 63.0312999552 7.87841017849 7.87868791006 7.8789124944
43072 262144 358139.423 358174.39 358188.319 63.0454192338 63.0478709994 63.0540266884 7.88067740422 7.88098387492 7.88175333605
47376 262144 393814.06 393831.329 393957.972 63.0490307428 63.069305205 63.0720708346 7.88112884285 7.88366315063 7.88400885433
52112 262144 433043.038 433057.492 433168.981 63.0739906466 63.090228805 63.0923346146 7.88424883083 7.88627860063 7.88654182682
57320 131072 238117.121 238142.679 238194.353 63.0833346414 63.0970229406 63.1037953798 7.88541683018 7.88712786758 7.88797442247
63048 131072 261840.586 261925.493 261948.36 63.0950883296 63.1005967487 63.1210583679 7.8868860412 7.88757459359 7.89013229599
69352 131072 287958.112 287976.281 287981.106 63.1298731383 63.13093087 63.1349141781 7.89123414228 7.89136635875 7.89186427226
76280 131072 316644.221 316661.229 316743.766 63.1309798849 63.1474348254 63.1508266813 7.89137248561 7.89342935317 7.89385333516
83904 131072 348235.905 348254.808 348288.853 63.1514043201 63.1575779307 63.161006261 7.89392554002 7.89469724134 7.89512578262
92288 131072 382975.547 382992.168 382994.704 63.1673107208 63.167728986 63.1704704426 7.8959138401 7.89596612326 7.89630880532
101512 131072 421198.299 421275.218 421967.544 63.0635272935 63.1671662395 63.1787017924 7.88294091168 7.89589577994 7.89733772405
111656 131072 463225.74 463235.069 463251.605 63.1837000629 63.1859555175 63.1872280327 7.89796250787 7.89824443969 7.89840350409
122816 65536 254735.497 254752.02 254871.332 63.1602566898 63.1898375212 63.1939362263 7.89503208623 7.89872969015 7.89924202829
135096 65536 280145.823 280181.629 280200.03 63.1952213281 63.1993716904 63.207449329 7.89940266602 7.8999214613 7.90093116612
148600 65536 308136.156 308173.739 308256.181 63.1854295243 63.2023327594 63.2100414727 7.89817869054 7.90029159493 7.90125518409
163456 65536 338919.926 338947.899 338958.435 63.2068791325 63.2088438819 63.2140608694 7.90085989157 7.90110548524 7.90175760867
179800 65536 372761.564 372776.309 372791.795 63.2169106619 63.2195368403 63.2220375596 7.90211383274 7.90244210503 7.90275469496
197776 65536 410009.51 410018.945 410027.176 63.2223847329 63.2236539021 63.2251087835 7.90279809161 7.90295673777 7.90313859793
217552 65536 450970.774 450985.448 451100.205 63.2120655853 63.2281504214 63.2302077828 7.90150819816 7.90351880267 7.90377597285
239304 32768 248020.421 248095.998 248115.758 63.2085082802 63.2135426223 63.2328051084 7.90106353503 7.90169282779 7.90410063855
263232 32768 272836.788 272847.861 272863.513 63.2227158638 63.226342654 63.2289086763 7.90283948298 7.90329283175 7.90361358454
289552 32768 300173.699 300197.24 300219.279 63.2073993889 63.2120397643 63.2169971427 7.90092492361 7.90150497053 7.90212464284
318504 32768 330233.289 330245.554 330251.236 63.2048448836 63.2059323469 63.2082798412 7.90060561045 7.90074154337 7.90103498015
350352 32768 363314.18 363350.054 363400.339 63.1828487975 63.1915928434 63.1978324435 7.89785609969 7.89894910543 7.89972905544
385384 32768 399696.837 399732.655 399815.433 63.1704625169 63.1835440715 63.1892061332 7.89630781461 7.89794300893 7.89865076666
423920 32768 439647.972 439747.501 439775.056 63.1732535553 63.177212052 63.1915143236 7.89665669442 7.8971515065 7.89893929046
466312 16384 241809.561 241875.019 241887.901 63.170218737 63.173583114 63.1906842426 7.89627734212 7.89669788925 7.89883553033
512936 16384 266021.06 266041.069 266145.296 63.1530487317 63.1777902231 63.1825421942 7.89413109146 7.89722377788 7.89781777428
564224 16384 292579.601 292657.262 292720.954 63.160808201 63.1745541035 63.1913228701 7.89510102512 7.89681926294 7.89891535876
620640 16384 321830.142 322016.013 322064.121 63.1462190102 63.1556528215 63.1921279766 7.89327737628 7.89445660269 7.89901599708
682704 16384 354133.463 354180.274 365938.334 61.1328264723 63.1623111568 63.1706602434 7.64160330904 7.8952888946 7.89633253043
750968 16384 389566.184 391223.426 400970.927 61.3703332761 62.8994016938 63.1669801812 7.67129165951 7.86242521173 7.89587252265
826064 16384 429876.333 432995.565 435528.315 62.150873364 62.5144166361 62.9680284167 7.7688591705 7.81430207951 7.87100355208
908664 16384 473862.95 476775.371 481272.708 61.867422476 62.4510068327 62.8348385372 7.7334278095 7.80637585409 7.85435481715
999528 8192 263480.382 265707.182 267097.206 61.3120106992 61.6327591476 62.153647371 7.6640013374 7.70409489345 7.76920592137
1099480 8192 295204.635 296610.674 297153.451 60.621474391 60.7324074925 61.0216716956 7.57768429888 7.59155093657 7.62770896195
1209424 8192 324547.743 329080.344 330492.402 59.956606252 60.2138753568 61.0548162586 7.4945757815 7.5267344196 7.63185203232
1330360 8192 359241.208 363642.527 364387.318 59.8171702562 59.9396842273 60.6740478392 7.47714628202 7.49246052841 7.5842559799
1463392 8192 396927.779 400577.833 402194.469 59.61348645 59.8540721748 60.4044760697 7.45168580625 7.48175902185 7.55055950871
1609728 8192 437309.468 439738.615 441178.648 59.7802810076 59.9760463429 60.3091985925 7.47253512595 7.49700579286 7.53864982406
1770696 8192 480537.021 483476.195 484660.618 59.8585529473 60.0051948039 60.3722127457 7.48231911841 7.50064935048 7.54652659321
1947760 4096 263887.995 266158.306 266658.158 59.8370964522 59.9494720259 60.4652360938 7.47963705652 7.49368400323 7.55815451173
2142536 4096 290042.59 292246.999 294889.344 59.5194613475 60.0576052861 60.5140607523 7.43993266844 7.50720066077 7.56425759403
2356784 4096 318741.006 321444.196 325748.482 59.2689623892 60.0626011241 60.5719821566 7.40862029865 7.50782514051 7.57149776957
2592456 4096 352166.421 354144.672 359653.693 59.049580097 59.9681464416 60.3050100339 7.38119751213 7.4960183052 7.53812625423
2851696 4096 385617.549 390277.249 395621.984 59.049028054 59.8576875589 60.5809919507 7.38112850675 7.48221094487 7.57262399383
3136864 4096 424160.522 429268.625 432368.903 59.4334830967 59.8627255556 60.5836435858 7.42918538709 7.48284069445 7.57295544822
3450544 4096 466618.009 472091.221 475685.906 59.4233633821 59.8758358355 60.5781515132 7.42792042277 7.48447947944 7.57226893915
3795592 2048 256751.435 261113.068 262566.7 59.210649454 59.5402786658 60.5517349182 7.40133118175 7.44253483322 7.56896686478
4175144 2048 284750.687 288024.804 288850.264 59.2050344257 59.3747121307 60.0574137473 7.40062930322 7.42183901634 7.50717671842
4592656 2048 312269.112 317719.319 318580.803 59.0478735657 59.207979657 60.2413695531 7.38098419571 7.40099745713 7.53017119413
5051920 2048 344523.219 347723.294 353650.215 58.5116689947 59.5089965989 60.0617409185 7.31395862434 7.43862457486 7.50771761482
5557112 2048 378932.898 384071.835 388135.874 58.644233313 59.2647746534 60.0684999168 7.33052916412 7.40809683168 7.5085624896
6112816 2048 414424.009 422028.743 424414.746 58.9944024612 59.3279361923 60.416611471 7.37430030765 7.41599202403 7.55207643387
6724096 2048 455854.395 463418.787 467232.707 58.946851972 59.43198245 60.4181894879 7.3683564965 7.42899780625 7.55227368599
7396504 1024 252018.814 255617.13 258952.575 58.4973530076 59.2606614119 60.1067831071 7.31216912595 7.40758267648 7.51334788838
8136152 1024 280841.318 283336.125 288903.177 57.6762065029 58.8094415987 59.3318654629 7.20952581286 7.35118019984 7.41648318286
8949760 1024 310178.383 315639.744 316705.852 57.8742336596 58.069710258 59.0921530467 7.23427920745 7.25871378225 7.38651913083
9844736 1024 345699.042 350977.997 353115.605 57.0975030345 57.4452515552 58.3224622532 7.13718787931 7.1806564444 7.29030778165
10829208 1024 386218.339 393227.493 396375.791 55.9525038803 56.400476515 57.4240416481 6.99406298504 7.05005956438 7.17800520601
11912128 1024 436942.855 441921.605 442853.067 55.0883350753 55.20444773 55.8334753958 6.88604188441 6.90055596626 6.97918442447
13103336 1024 494072.66 499961.768 502875.427 53.364373535 53.6753684894 54.3151530141 6.67054669187 6.70942106117 6.78939412677
14413664 1024 563869.743 569600.924 572036.656 51.6036578467 51.8243258187 52.3510690872 6.45045723084 6.47804072734 6.54388363591
15855024 512 322277.1 324259.818 325481.056 49.8816882787 50.069554335 50.3775929968 6.23521103483 6.25869429187 6.2971991246
17440520 512 366794.451 369289.622 369971.983 48.2714727077 48.3606671189 48.6896473796 6.03393408846 6.04508338986 6.08620592246
19184568 512 417791.846 421277.647 425182.415 46.2036926715 46.6319487205 47.0210173322 5.77546158394 5.82899359006 5.87762716652
21103024 512 472775.909 479443.929 485522.011 44.5077588377 45.0719995998 45.7076939934 5.56346985472 5.63399994997 5.71346174917
23213320 512 540185.029 543396.521 547372.226 43.4264629276 43.7441881966 44.0042548458 5.42830786595 5.46802352457 5.50053185572
25534648 512 608773.455 614319.629 620341.878 42.1501118646 42.5633144664 42.9510835882 5.26876398308 5.3204143083 5.36888544853
28088112 512 676763.322 687601.262 690874.753 41.6316077018 41.8298049721 42.4996830546 5.20395096273 5.22872562151 5.31246038183
30896920 256 384323.312 388757.549 400159.671 39.5322772044 40.6917449724 41.1612372866 4.94153465055 5.08646812155 5.14515466082
33986608 256 433808.597 436025.793 437173.824 39.8037172875 39.9085182009 40.1124906614 4.97546466094 4.98856477511 5.01406133268
37385264 256 483847.399 486477.38 490621.093 39.0143339557 39.3466499265 39.5605209567 4.87679174446 4.91833124081 4.94506511959
41123784 256 539658.616 544388.691 552389.661 38.1168926476 38.6771028791 39.0161053372 4.76461158095 4.83463785988 4.87701316715
45236160 256 603921.213 604829.377 608738.002 38.0474257298 38.2933018811 38.3508865419 4.75592821622 4.78666273513 4.79386081774
49759776 256 667939.978 673949.584 678923.423 37.5255948593 37.8025388202 38.1426567523 4.69069935741 4.72531735252 4.76783209404
54735752 256 743617.274 749031.133 754392.073 37.1487268054 37.4146064019 37.6870011011 4.64359085067 4.67682580024 4.71087513763
60209320 128 415134.361 417840.099 421799.114 36.5424805515 36.8887188111 37.1291499043 4.56781006894 4.61108985138 4.64114373804
66230248 128 459880.349 465353.788 467262.92 36.2856600905 36.4345234211 36.8681626098 4.53570751131 4.55431542764 4.60852032623
72853272 128 508436.524 517328.755 519456.064 35.9037826768 36.0514227205 36.6819391441 4.4879728346 4.50642784007 4.58524239301
80138592 128 563552.078 573176.316 574378.553 35.7176977532 35.7926156042 36.4038752635 4.46471221916 4.47407695052 4.55048440794
88152448 128 628023.701 633326.519 635548.373 35.5079607575 35.6325307894 35.9333997301 4.43849509469 4.45406634867 4.49167496626
96967688 128 693343.802 700673.379 702674.855 35.3274746511 35.4283877082 35.8029134412 4.41593433139 4.42854846352 4.47536418015
106664456 128 765821.136 774829.943 776936.3 35.1458681181 35.2414113351 35.6559769016 4.39323351477 4.40517641689 4.4569971127
117330896 64 429395.225 433176.41 437081.855 34.3605082577 34.6702967689 34.9755978027 4.29506353221 4.33378709612 4.37194972534
129063984 64 474804.986 479554.144 482134.211 34.2647121384 34.4490609844 34.7936319944 4.2830890173 4.30613262306 4.3492039993
141970376 64 522657.138 528669.418 530032.041 34.2851124504 34.3734808734 34.7688892139 4.2856390563 4.29668510918 4.34611115174
156167408 64 574159.997 580519.434 585702.268 34.1289923501 34.433693436 34.8150834758 4.26612404376 4.3042116795 4.35188543447
171784144 64 629072.752 639844.821 646422.166 34.0154957372 34.365161224 34.9536208047 4.25193696715 4.295645153 4.36920260059
188962552 64 690864.0 702937.166 713238.587 33.9118032827 34.4087748179 35.010083976 4.23897541034 4.30109685223 4.376260497
207858800 64 762674.818 774983.113 792698.677 33.5637325657 34.3309756738 34.8850201581 4.19546657071 4.29137195922 4.36062751976
228644680 64 837296.269 855980.197 869027.359 33.6773275742 34.1906496699 34.9536002053 4.20966594678 4.27383120874 4.36920002566
251509144 32 472357.989 480894.369 488946.186 32.920975103 33.4721848573 34.0770889682 4.11512188787 4.18402310716 4.25963612103
276660056 32 518697.743 528730.132 536289.685 33.0161927019 33.4882438363 34.1359564852 4.12702408774 4.18603047953 4.26699456065
304326056 32 571023.203 577140.662 587673.822 33.1423093132 33.7471761503 34.1087148152 4.14278866415 4.21839701878 4.2635893519
334758656 32 626719.665 633948.724 643993.588 33.2682722052 33.7954051691 34.1852269531 4.15853402565 4.22442564613 4.27315336914
368234520 32 688461.925 697068.805 707979.188 33.2877147795 33.8087275043 34.2313909081 4.16096434744 4.22609093804 4.27892386351
405057968 32 757051.822 764618.793 777241.26 33.3534917485 33.9040972957 34.2429794086 4.16918646856 4.23801216196 4.28037242608
445563760 32 832354.787 838955.594 852595.734 33.4461920261 33.9899761608 34.2595262085 4.18077400326 4.2487470201 4.28244077606
490120136 16 480461.709 484856.691 491802.717 31.8905199379 32.3473814905 32.6432763698 3.98631499224 4.04342268631 4.08040954623
539132144 16 529634.567 533501.32 539936.009 31.9523579099 32.3377430594 32.5738342679 3.99404473873 4.04221788242 4.07172928349
593045352 16 581422.902 587152.934 592898.812 32.007909073 32.3211384378 32.6396693331 4.00098863413 4.04014230473 4.07995866664
652349880 16 639849.465 645310.45 651220.438 32.0554990935 32.3490750227 32.6251677963 4.00693738669 4.04363437784 4.07814597454
717584864 16 703911.248 708477.482 717551.459 32.0014897329 32.4113556625 32.6216063648 4.00018621661 4.05141945782 4.0777007956
789343344 16 774163.165 779981.885 785902.737 32.1400929388 32.3840687762 32.6274720239 4.01751161734 4.04800859702 4.07843400299
868277672 16 850100.29 857808.018 863973.942 32.1594022149 32.3905639968 32.6842442366 4.01992527687 4.0488204996 4.08553052958
955105432 8 513642.689 517976.597 521502.027 29.3032167102 29.5026590014 29.7515904329 3.66290208878 3.68783237518 3.71894880412
1050615968 8 565602.422 571249.123 572628.348 29.3556117973 29.4264880438 29.7202678669 3.66945147466 3.67831100548 3.71503348336
1155677560 8 621713.466 627159.336 629845.082 29.3577603262 29.4834819456 29.7417411255 3.66972004078 3.68543524321 3.71771764069
1271245312 8 683042.878 689570.135 692191.167 29.3848375445 29.4965282857 29.7784013963 3.67310469306 3.68706603571 3.72230017454
1398369840 8 750711.849 759139.098 760510.17 29.4196163609 29.4727507764 29.8036023673 3.67745204512 3.68409384705 3.72545029591
1538206824 8 825761.597 834699.569 836853.811 29.409329157 29.4852304926 29.8043760734 3.67616614463 3.68565381157 3.72554700918
1692027504 8 907731.762 916805.526 919787.792 29.4333544101 29.5290978253 29.824273202 3.67916930126 3.69113722816 3.72803415025
1861230248 8 998942.356 1009007.607 1012618.475 29.4085923803 29.5138349418 29.8112136192 3.67607404753 3.68922936772 3.7264017024
2047353272 4 647714.542 654514.751 657106.019 24.9256979885 25.0243805063 25.2871058374 3.11571224856 3.12804756329 3.16088822968
2252088592 4 712430.351 719316.813 721613.417 24.9672585231 25.0469729198 25.2890808354 3.12090731539 3.13087161498 3.16113510442
2477297448 4 783157.013 791098.025 793529.788 24.974966137 25.0517368995 25.3057551104 3.12187076712 3.13146711244 3.1632193888
2725027192 4 860769.132 870233.167 872156.162 24.9957731033 25.0510074342 25.3264397218 3.12447163791 3.13137592927 3.16580496523
2997529904 4 946949.637 957660.014 959450.086 24.9937329538 25.0404516023 25.3236690686 3.12421661923 3.13005645028 3.16545863357
3297282888 4 1041683.946 1052631.583 1055566.13 24.9896831229 25.0593498523 25.3227125226 3.12371039037 3.13241873154 3.16533906533
3627011176 4 1144963.669 1157698.038 1160079.162 25.0121632717 25.0636076555 25.3423669184 3.12652040896 3.13295095694 3.1677958648
3989712288 2 821831.788 830669.643 831913.859 19.1832952166 19.2120288571 19.4186321155 2.39791190208 2.40150360713 2.42732901444
4388683512 2 903991.053 913889.62 928454.181 18.9074855897 19.2088121627 19.4191457866 2.36343569872 2.40110152033 2.42739322333
4827551856 2 994256.888 1005119.508 1018481.475 18.9598023116 19.211852193 19.421748702 2.36997528895 2.40148152413 2.42771858775
5310307040 2 1093578.611 1105858.092 1108017.908 19.170473696 19.2079149338 19.4235951091 2.396309212 2.40098936673 2.42794938863
5841337744 2 1202874.585 1216135.747 1217815.302 19.1862846013 19.2127819889 19.4245944402 2.39828557516 2.40159774861 2.42807430502
6425471512 2 1323586.771 1338312.039 1367485.955 18.7949908765 19.204703611 19.4183612372 2.34937385957 2.40058795137 2.42729515464
7068018656 2 1455233.337 1472220.411 1513025.6 18.6857873548 19.2036969551 19.4278634946 2.33572341935 2.40046211939 2.42848293682
7774820520 1 800382.388 809660.977 837103.987 18.5755190293 19.2051259499 19.4277651197 2.32193987866 2.40064074374 2.42847063996
8552302568 1 880312.287 890509.021 906531.578 18.8681845742 19.2076719411 19.4301560805 2.35852307177 2.40095899264 2.42876951006
9407532824 1 968423.624 979480.038 1002624.757 18.765809957 19.2092384919 19.4285488104 2.34572624462 2.40115481149 2.4285686013
10348286104 1 1065371.346 1077250.638 1080417.852 19.1560812973 19.2124019034 19.426627425 2.39451016217 2.40155023793 2.42832842812
11383114712 1 1171568.366 1184945.855 1185655.377 19.2013884183 19.2128858276 19.4322671085 2.40017355229 2.40161072845 2.42903338856
12521426176 1 1288468.91 1303315.892 1304330.019 19.1997822539 19.2147218535 19.4361324186 2.39997278174 2.40184023168 2.42951655232
13773568792 1 1417471.941 1433293.337 1434563.51 19.2024524477 19.2194695063 19.4339914514 2.40030655596 2.40243368828 2.42924893143

META_DATA
HOSTNAME  ('qiang-gpu6', [], ['127.0.1.1'])
TIMESTAMP_DATA  1618309415.61
CONFIG  {'ERT_WORKING_SET_MIN': ['1'], 'ERT_CFLAGS': ['-O3'], 'ERT_CC': ['gcc'], 'ERT_MPI_CFLAGS': [], 'ERT_MPI_LDFLAGS': [], 'ERT_MEMORY_MAX': ['15000000000'], 'ERT_PROCS_THREADS': ['1'], 'ERT_LDFLAGS': [], 'ERT_LDLIBS': [], 'ERT_SPEC_GBYTES_DRAM': ['1.0'], 'ERT_RUN': ['export', 'KMP_AFFINITY=scatter;', 'export', 'OMP_NUM_THREADS=ERT_OPENMP_THREADS;', 'ERT_CODE'], 'ERT_FLOPS': ['1,2,4,8,16'], 'ERT_OPENMP_CFLAGS': ['-fopenmp'], 'ERT_SPEC_GFLOPS': ['1.0'], 'ERT_MPI': ['False'], 'ERT_TRIALS_MIN': ['1'], 'ERT_DRIVER': ['driver1'], 'ERT_RESULTS': ['Results.x86'], 'ERT_OPENMP': ['True'], 'ERT_MPI_PROCS': ['1'], 'ERT_KERNEL': ['kernel1'], 'ERT_OPENMP_THREADS': ['1'], 'ERT_LD': ['gcc'], 'ERT_NUM_EXPERIMENTS': ['6'], 'ERT_OPENMP_LDFLAGS': ['-fopenmp'], 'ERT_ALIGN': ['32'], 'ERT_GNUPLOT': ['gnuplot']}
MPI_PROCS      1
OPENMP_THREADS 1
TIMESTAMP_DATA  1618309189.05
FLOPS          2
TIMESTAMP_DATA  1618309868.84
TIMESTAMP_DATA  1618310094.5
UNAME  ('Linux', 'qiang-gpu6', '5.4.0-66-generic', '#74-Ubuntu SMP Wed Jan 27 22:54:38 UTC 2021', 'x86_64', 'x86_64')
TIMESTAMP_DATA  1618309641.85
ERT_VERSION  1.0.0
TIMESTAMP_DATA  1618308963.05
