8 1073741824 80739551.581 80740871.342 80816254.591 0.212579378628 0.212777852139 0.212781330186 0.212579378628 0.212777852139 0.212781330186
16 536870912 54330075.588 54331818.667 54333667.483 0.316191966783 0.316202726238 0.316212871012 0.316191966783 0.316202726238 0.316212871012
24 536870912 52621497.107 52623546.17 52644500.356 0.489506094687 0.489701011269 0.489720080058 0.489506094687 0.489701011269 0.489720080058
32 268435456 38197316.058 38198968.953 38199687.258 0.449738477385 0.449746934404 0.449766396097 0.449738477385 0.449746934404 0.449766396097
40 268435456 44507214.583 44508525.118 44508724.968 0.482485995621 0.482488162056 0.482502369137 0.482485995621 0.482488162056 0.482502369137
48 268435456 56641583.601 56645109.469 56645415.32 0.454931853362 0.454934309732 0.454962628826 0.454931853362 0.454934309732 0.454962628826
56 134217728 31790270.572 31805643.382 31806775.006 0.472615835248 0.47263265061 0.472861201416 0.472615835248 0.47263265061 0.472861201416
64 134217728 37699145.341 37706156.666 37706377.098 0.455622377598 0.455625041188 0.455709778792 0.455622377598 0.455625041188 0.455709778792
72 134217728 40975099.727 40976928.871 40983917.973 0.471583825752 0.471664259975 0.471685315247 0.471583825752 0.471664259975 0.471685315247
80 134217728 46900089.725 46903311.242 46904448.806 0.45784220957 0.457853313793 0.457884763247 0.45784220957 0.457853313793 0.457884763247
88 134217728 50300183.54 50304406.718 50308675.141 0.469547648826 0.469587490822 0.469626917151 0.469547648826 0.469587490822 0.469626917151
96 134217728 56024975.864 56027850.466 56037727.543 0.459865253391 0.459946322439 0.45996992196 0.459865253391 0.459946322439 0.45996992196
104 134217728 59207739.027 59210407.327 59211055.593 0.471487750799 0.47149291289 0.47151416154 0.471487750799 0.47149291289 0.47151416154
112 67108864 32645577.34 32647588.875 32647899.441 0.460439593156 0.460443973169 0.460472344521 0.460439593156 0.460443973169 0.460472344521
120 67108864 34394170.96 34397953.401 34401417.187 0.468182088908 0.468229233648 0.468280726369 0.468182088908 0.468229233648 0.468280726369
128 67108864 37427359.897 37430863.215 37431031.137 0.458973975927 0.458976034972 0.459018996565 0.458973975927 0.458976034972 0.459018996565
136 67108864 38965350.328 38979241.646 38991271.563 0.468146081835 0.468290562802 0.468457510438 0.468146081835 0.468290562802 0.468457510438
144 67108864 42180911.305 42225199.233 42235013.756 0.457614455713 0.457720820341 0.458201405187 0.457614455713 0.457720820341 0.458201405187
152 67108864 43563780.361 43567045.398 43567309.348 0.468266114234 0.468268951214 0.468304047237 0.468266114234 0.468268951214 0.468304047237
160 67108864 46672180.585 46681004.444 46681609.296 0.460027766906 0.460033727547 0.460120701686 0.460027766906 0.460033727547 0.460120701686
176 67108864 51482970.169 51486795.155 51487088.416 0.458800853859 0.45880346712 0.458837554447 0.458800853859 0.45880346712 0.458837554447
192 67108864 55793414.732 55832587.133 55834810.115 0.461536516788 0.461554892927 0.461878949331 0.461536516788 0.461554892927 0.461878949331
208 67108864 60662991.654 60703598.009 60705812.236 0.459878327885 0.459895102426 0.460202945203 0.459878327885 0.459895102426 0.460202945203
224 33554432 32514946.507 32522268.858 32525869.343 0.462167063929 0.462218229658 0.462322320991 0.462167063929 0.462218229658 0.462322320991
240 33554432 34712566.794 34760585.722 34771829.651 0.463194704497 0.463344533053 0.463985491352 0.463194704497 0.463344533053 0.463985491352
264 33554432 38065861.241 38068374.872 38069277.643 0.465381567314 0.465392603587 0.465423335199 0.465381567314 0.465392603587 0.465423335199
288 33554432 41621433.037 41645768.255 41656973.965 0.463964397612 0.464089237438 0.464360581117 0.463964397612 0.464089237438 0.464360581117
312 33554432 45016872.375 45019490.118 45020492.339 0.465076334802 0.465086688301 0.465113733215 0.465076334802 0.465086688301 0.465113733215
336 33554432 48764529.467 48772059.151 48777507.473 0.462274098702 0.462325739297 0.462397126568 0.462274098702 0.462325739297 0.462397126568
368 33554432 53498033.282 53499877.888 53500970.422 0.461600261775 0.461609688226 0.461625604474 0.461600261775 0.461609688226 0.461625604474
400 33554432 57924986.267 57945929.488 57958992.445 0.463147209218 0.463251618141 0.4634191103 0.463147209218 0.463251618141 0.4634191103
440 33554432 63589753.232 63617954.021 63643827.032 0.463955446066 0.46414413375 0.464349972428 0.463955446066 0.46414413375 0.464349972428
480 16777216 34692778.3 34702093.993 34709525.404 0.464026147651 0.464125518283 0.464250145109 0.464026147651 0.464125518283 0.464250145109
528 16777216 38085561.099 38568292.593 38575733.193 0.459271636066 0.45936023881 0.465182593738 0.459271636066 0.45936023881 0.465182593738
576 16777216 41948428.003 41951348.581 41952418.179 0.46069699128 0.460708737281 0.460740813234 0.46069699128 0.460708737281 0.460740813234
632 16777216 45792982.79 45795824.164 45796855.467 0.463053648722 0.463064076499 0.46309280881 0.463053648722 0.463064076499 0.46309280881
688 16777216 49998803.89 50001672.015 50003024.073 0.461681061175 0.461693545149 0.461720029679 0.461681061175 0.461693545149 0.461720029679
752 16777216 54595179.61 54598716.456 54600706.232 0.462135649982 0.462152491888 0.462182431567 0.462135649982 0.462152491888 0.462182431567
824 16777216 59607427.639 59610511.997 59612663.994 0.463808360767 0.463825104696 0.463849105106 0.463808360767 0.463825104696 0.463849105106
904 8388608 32718319.229 32721098.655 32721558.769 0.463504913414 0.463511431077 0.463550806441 0.463504913414 0.463511431077 0.463550806441
992 8388608 35932794.479 35934609.223 35935948.569 0.463129510552 0.463146772203 0.463170162892 0.463129510552 0.463146772203 0.463170162892
1088 8388608 39425912.135 39428094.082 39429309.85 0.462945232302 0.46295950725 0.462985128803 0.462945232302 0.46295950725 0.462985128803
1192 8388608 43078261.556 43081012.183 43084458.727 0.464168335007 0.464205469153 0.464235109534 0.464168335007 0.464205469153 0.464235109534
1304 8388608 47125535.226 47129074.887 47132693.342 0.464168035237 0.464203672923 0.464238539872 0.464168035237 0.464203672923 0.464238539872
1432 8388608 51755654.842 51762277.43 51765061.771 0.464115611767 0.464140576977 0.464199967817 0.464115611767 0.464140576977 0.464199967817
1568 8388608 56788161.809 56791181.044 56792560.938 0.463206346985 0.463217601825 0.463242229542 0.463206346985 0.463217601825 0.463242229542
1720 8388608 62129295.496 62133060.812 62134110.186 0.464427855064 0.464435698851 0.464463845753 0.464427855064 0.464435698851 0.464463845753
1888 4194304 34088272.568 34090973.789 34092626.094 0.464548898648 0.464571414182 0.464608227724 0.464548898648 0.464571414182 0.464608227724
2072 4194304 37380647.781 37385298.179 37388269.286 0.464883668272 0.464920613787 0.464978452964 0.464883668272 0.464920613787 0.464978452964
2272 4194304 41010171.592 41034205.42 41037867.955 0.464422698492 0.464464150845 0.464736347987 0.464422698492 0.464464150845 0.464736347987
2496 4194304 45180454.57 45186374.057 45196066.924 0.463269638113 0.463369013446 0.463429723478 0.463269638113 0.463369013446 0.463429723478
2744 4194304 49493382.914 49496270.551 49498017.062 0.465035605834 0.465052014945 0.465079147893 0.465035605834 0.465052014945 0.465079147893
3016 4194304 54376635.519 54380109.185 54384503.082 0.465206819852 0.465244408428 0.465274128981 0.465206819852 0.465244408428 0.465274128981
3312 4194304 59970952.55 59973488.751 59976956.838 0.463229065974 0.463255853121 0.463275444438 0.463229065974 0.463255853121 0.463275444438
3640 2097152 32806556.071 32808125.544 32810664.724 0.465314149787 0.465350162707 0.465372425163 0.465314149787 0.465350162707 0.465372425163
4000 2097152 36059609.599 36068135.501 36070299.722 0.46512549464 0.465153403883 0.46526338434 0.46512549464 0.465153403883 0.46526338434
4400 2097152 39677240.165 39682279.05 39696583.2 0.464899901007 0.465067482055 0.465126544166 0.464899901007 0.465067482055 0.465126544166
4840 2097152 43634558.866 43636957.125 43639489.606 0.465184894307 0.465211891421 0.465237460572 0.465184894307 0.465211891421 0.465237460572
5320 2097152 47936070.29 47938157.803 47940933.9 0.465441439388 0.465468393085 0.465488663234 0.465441439388 0.465468393085 0.465488663234
5848 2097152 52697912.207 52700208.017 52703039.453 0.465405601775 0.465430606727 0.465450883436 0.465405601775 0.465430606727 0.465450883436
6432 2097152 57968620.166 57970880.628 57971290.49 0.465364201831 0.465367492019 0.465385638829 0.465364201831 0.465367492019 0.465385638829
7072 2097152 63727559.979 63732321.257 63734075.793 0.465404377783 0.465417190257 0.465451962978 0.465404377783 0.465417190257 0.465451962978
7776 1048576 35042178.785 35043583.6 35045231.274 0.465325904814 0.465347783438 0.465366438887 0.465325904814 0.465347783438 0.465366438887
8552 1048576 38519446.451 38520254.634 38522773.027 0.465564716523 0.465595154404 0.465604923134 0.465564716523 0.465595154404 0.465604923134
9400 1048576 42339005.494 42340011.186 42341925.675 0.465572325437 0.465593377229 0.465604436618 0.465572325437 0.465593377229 0.465604436618
10336 1048576 46588309.827 46600190.382 46603585.819 0.465117923676 0.465151813637 0.465270432701 0.465117923676 0.465151813637 0.465270432701
11368 1048576 51200744.38 51202862.942 51204972.726 0.465588060433 0.465607244716 0.465626510409 0.465588060433 0.465607244716 0.465626510409
12504 1048576 56315069.295 56319937.949 56482162.644 0.464266723873 0.465604003892 0.465644257146 0.464266723873 0.465604003892 0.465644257146
13752 1048576 61945932.627 61953238.679 62493651.767 0.461487422939 0.465512940388 0.465567844101 0.461487422939 0.465512940388 0.465567844101
15120 524288 34122088.654 34126182.941 34409445.946 0.460759209691 0.464583722926 0.464639468022 0.460759209691 0.464583722926 0.464639468022
16632 524288 37458930.525 37467999.829 37697481.098 0.46262815244 0.465461623561 0.465574317995 0.46262815244 0.465461623561 0.465574317995
18288 524288 41260616.665 41269410.269 41566786.891 0.461338470503 0.464662755368 0.464761785886 0.461338470503 0.464662755368 0.464761785886
20112 524288 45317740.072 45326710.845 45651743.056 0.461953018664 0.465265626357 0.465357726985 0.461953018664 0.465265626357 0.465357726985
22120 524288 49819359.086 50179187.258 50266356.14 0.461431917909 0.462233495348 0.465572049611 0.461431917909 0.462233495348 0.465572049611
24328 524288 54787685.457 55142574.606 55238913.008 0.461807728264 0.462614542579 0.465611144461 0.461807728264 0.462614542579 0.465611144461
26760 524288 60268925.899 60643174.598 60720945.533 0.46211226643 0.462704895415 0.465578129052 0.46211226643 0.462704895415 0.465578129052
29432 262144 33273829.066 33372689.684 33440392.756 0.461443276955 0.462379405499 0.463753191296 0.461443276955 0.462379405499 0.463753191296
32368 262144 36651310.074 36684780.268 36732410.942 0.461994014245 0.462593856635 0.463016300092 0.461994014245 0.462593856635 0.463016300092
35600 262144 40256757.948 40296891.994 40360881.699 0.462444129422 0.463178470508 0.463640237103 0.462444129422 0.463178470508 0.463640237103
39160 262144 44265317.697 44312686.527 44342538.746 0.463011786438 0.463323704544 0.463819512616 0.463011786438 0.463323704544 0.463819512616
43072 262144 48729165.596 48740345.708 48886791.358 0.461927079047 0.463314989009 0.463421289074 0.461927079047 0.463314989009 0.463421289074
47376 262144 53546951.741 53602364.332 53699582.571 0.462548628849 0.463387550112 0.463867082633 0.462548628849 0.463387550112 0.463867082633
52112 262144 58889825.923 58943628.344 58957024.551 0.463417149425 0.463522470937 0.463945950387 0.463417149425 0.463522470937 0.463945950387
57320 131072 32397242.743 32419448.348 32423410.646 0.463433481568 0.463490122309 0.46380780609 0.463433481568 0.463490122309 0.46380780609
63048 131072 35612090.507 35652507.241 35661879.429 0.463454399393 0.463576230425 0.464102350542 0.463454399393 0.463576230425 0.464102350542
69352 131072 39157913.108 39194153.408 39214018.454 0.463615089826 0.463850067094 0.464279356202 0.463615089826 0.463850067094 0.464279356202
76280 131072 43064459.427 43099752.748 43117691.246 0.463761944161 0.463954965981 0.464335198585 0.463761944161 0.463954965981 0.464335198585
83904 131072 47381025.841 47388107.441 47424460.07 0.463788731459 0.464144515655 0.464213887006 0.463788731459 0.464144515655 0.464213887006
92288 131072 52112521.32 52119075.532 52139916.078 0.463996632365 0.46418216795 0.464240548321 0.463996632365 0.46418216795 0.464240548321
101512 131072 57328897.705 57333006.251 57334750.688 0.464129719039 0.464143840836 0.464177104275 0.464129719039 0.464143840836 0.464177104275
111656 131072 63040320.419 63044486.331 63075148.684 0.464048854021 0.464274549091 0.464305229882 0.464048854021 0.464274549091 0.464305229882
122816 65536 34680159.941 34682387.327 34683126.853 0.46413747008 0.464147366795 0.464177177366 0.46413747008 0.464147366795 0.464177177366
135096 65536 38125000.313 38126825.284 38127580.682 0.46442241011 0.464431611604 0.464453843059 0.46442241011 0.464431611604 0.464453843059
148600 65536 41936668.844 41939098.333 41942446.489 0.464381571187 0.464418644515 0.46444554937 0.464381571187 0.464418644515 0.46444554937
163456 65536 46144285.015 46150984.63 46151578.114 0.464220416885 0.464226386582 0.46429378687 0.464220416885 0.464226386582 0.46429378687
179800 65536 50744509.811 50747095.325 50747226.673 0.464394749133 0.464395951119 0.464419612836 0.464394749133 0.464395951119 0.464419612836
197776 65536 55816383.879 55818781.164 55818927.487 0.464410497282 0.464411714685 0.464431660929 0.464410497282 0.464411714685 0.464431660929
217552 65536 61402224.135 61405813.484 61406590.18 0.464363444712 0.464369318248 0.464396463576 0.464363444712 0.464369318248 0.464396463576
239304 32768 33762949.225 33765030.057 33765453.052 0.464469613953 0.464475432645 0.464504058561 0.464469613953 0.464475432645 0.464504058561
263232 32768 37141261.635 37142742.94 37143790.472 0.46444296968 0.464456068306 0.464474592208 0.46444296968 0.464456068306 0.464474592208
289552 32768 40853819.369 40855071.539 40855900.994 0.464463624845 0.46447305456 0.464487290664 0.464463624845 0.46447305456 0.464487290664
318504 32768 44935250.741 44938905.803 44940791.059 0.464466193232 0.464485678301 0.464523459863 0.464466193232 0.464485678301 0.464523459863
350352 32768 49428421.839 49430654.626 49433494.414 0.464475937705 0.464502621819 0.464523604391 0.464475937705 0.464502621819 0.464523604391
385384 32768 54370373.415 54377846.525 54384189.496 0.464409345033 0.464463516634 0.464527356309 0.464409345033 0.464463516634 0.464527356309
423920 32768 59805327.145 59817232.728 59824819.678 0.464389550517 0.464448451608 0.464540910422 0.464389550517 0.464448451608 0.464540910422
466312 16384 32892613.638 32902966.65 32931088.8 0.464002624049 0.464399206872 0.464545377396 0.464002624049 0.464399206872 0.464545377396
512936 16384 36182127.357 36190614.977 36219731.438 0.464053326203 0.464426671353 0.464535616775 0.464053326203 0.464426671353 0.464535616775
564224 16384 39798548.4 39807488.378 39837750.825 0.464094775662 0.464447589771 0.464551918984 0.464094775662 0.464447589771 0.464551918984
620640 16384 43789470.819 43793800.999 43867094.596 0.463607898068 0.464383795334 0.464429716542 0.463607898068 0.464383795334 0.464429716542
682704 16384 48173644.982 48181212.143 48258027.839 0.463567320791 0.464306389918 0.464379323598 0.463567320791 0.464306389918 0.464379323598
750968 16384 53018170.808 53043094.095 53076120.506 0.463630709807 0.463919381851 0.464137465495 0.463630709807 0.463919381851 0.464137465495
826064 16384 58356863.386 58404846.512 58424842.627 0.463304031896 0.463462653676 0.463843729451 0.463304031896 0.463462653676 0.463843729451
908664 16384 64200137.443 64254826.507 64274231.952 0.463250995737 0.463390901052 0.463785641868 0.463250995737 0.463390901052 0.463785641868
999528 8192 35322228.387 35337115.679 35351584.173 0.463239968875 0.463429638705 0.46362496082 0.463239968875 0.463429638705 0.46362496082
1099480 8192 38830625.203 38841200.95 38875847.336 0.463369458273 0.463782784245 0.463909098188 0.463369458273 0.463782784245 0.463909098188
1209424 8192 42693568.93 42700806.351 42745320.674 0.463564256942 0.464047508919 0.464126174331 0.463564256942 0.464047508919 0.464126174331
1330360 8192 46959524.054 46962068.815 47007066.881 0.463688115133 0.464132411327 0.464157562903 0.463688115133 0.464132411327 0.464157562903
1463392 8192 51654984.613 51657119.202 51679076.883 0.463944326681 0.464141533604 0.464160713775 0.463944326681 0.464141533604 0.464160713775
1609728 8192 56813192.61 56819805.751 56822794.627 0.464140909034 0.464165324105 0.464219353646 0.464140909034 0.464165324105 0.464219353646
1770696 8192 62475546.907 62501038.155 62506667.121 0.464127821882 0.464169622144 0.46435901245 0.464127821882 0.464169622144 0.46435901245
1947760 4096 34361529.735 34373135.25 34374254.1 0.464186070004 0.464201179321 0.464357962031 0.464186070004 0.464201179321 0.464357962031
2142536 4096 37797363.931 37809353.633 37811087.881 0.46419333311 0.464214624835 0.464361878359 0.46419333311 0.464214624835 0.464361878359
2356784 4096 41577641.641 41591022.182 41591589.632 0.464199005107 0.464205338439 0.464354729273 0.464199005107 0.464205338439 0.464354729273
2592456 4096 45737087.993 45751245.025 45753837.579 0.464166519701 0.464192822302 0.464336504223 0.464166519701 0.464192822302 0.464336504223
2851696 4096 50312042.815 50325542.212 50326820.237 0.464187753607 0.464199541728 0.464324092701 0.464187753607 0.464199541728 0.464324092701
3136864 4096 55345240.849 55357952.312 55358205.997 0.464198386223 0.464200513472 0.464307129101 0.464198386223 0.464200513472 0.464307129101
3450544 4096 60880016.615 60892690.805 60893365.541 0.464202564547 0.464207708254 0.464304348449 0.464202564547 0.464207708254 0.464304348449
3795592 2048 33480493.122 33486705.895 33487547.511 0.464254506153 0.464266174187 0.464352325258 0.464254506153 0.464266174187 0.464352325258
4175144 2048 36828936.231 36835046.764 36835860.143 0.464259277715 0.464269529331 0.464346559367 0.464259277715 0.464269529331 0.464346559367
4592656 2048 40512574.692 40519777.683 40520546.213 0.464246431356 0.46425523662 0.464337779542 0.464246431356 0.46425523662 0.464337779542
5051920 2048 44563826.942 44570102.844 44571294.779 0.464259887953 0.464272303621 0.464337686863 0.464259887953 0.464272303621 0.464337686863
5557112 2048 49021559.855 49027276.804 49028469.022 0.464259464063 0.464270753666 0.46432489744 0.464259464063 0.464270753666 0.46432489744
6112816 2048 53924616.193 53930195.753 53931739.596 0.464255270154 0.464268560245 0.464316597941 0.464255270154 0.464268560245 0.464316597941
6724096 2048 59320198.16 59325446.419 59327598.519 0.46423414909 0.464250989727 0.464292063585 0.46423414909 0.464250989727 0.464292063585
7396504 1024 32620240.478 32623769.132 32625271.454 0.464303882141 0.464325263298 0.464375491107 0.464303882141 0.464325263298 0.464375491107
8136152 1024 35883928.882 35887113.537 35888856.617 0.464290057324 0.464312608447 0.464353815626 0.464290057324 0.464312608447 0.464353815626
8949760 1024 39472474.83 39475864.943 39476979.518 0.464298654654 0.46431176382 0.464351641465 0.464298654654 0.46431176382 0.464351641465
9844736 1024 43420191.695 43424108.632 43426515.184 0.46427900656 0.464304736773 0.46434662172 0.46427900656 0.464304736773 0.46434662172
10829208 1024 47761882.243 47765862.999 47767063.049 0.46429938473 0.464311049598 0.46434974801 0.46429938473 0.464311049598 0.46434974801
11912128 1024 52538517.708 52543091.233 52544543.047 0.464292516964 0.464305345794 0.46434576399 0.464292516964 0.464305345794 0.46434576399
13103336 1024 57792998.147 57796595.508 57798292.869 0.464298005978 0.464311641406 0.464340542772 0.464298005978 0.464311641406 0.464340542772
14413664 1024 63569171.416 63575976.497 63578132.794 0.464297747901 0.464313495419 0.464363200187 0.464297747901 0.464313495419 0.464363200187
15855024 512 34946297.724 34950031.527 34950883.023 0.46452458913 0.464535906454 0.464585539339 0.46452458913 0.464535906454 0.464585539339
17440520 512 38441490.272 38444514.577 38445807.935 0.464526392844 0.464542020533 0.464578567419 0.464526392844 0.464542020533 0.464578567419
19184568 512 42285297.547 42288666.54 42290254.798 0.464527767114 0.464545213631 0.464582225303 0.464527767114 0.464545213631 0.464582225303
21103024 512 46513782.268 46518456.702 46519697.711 0.464523581177 0.464535973634 0.46458265749 0.464523581177 0.464535973634 0.46458265749
23213320 512 51165789.321 51169418.63 51170185.854 0.464536903341 0.464543868514 0.464576819696 0.464536903341 0.464543868514 0.464576819696
25534648 512 56281495.093 56286605.477 56287673.565 0.464532958922 0.464541773845 0.464583954438 0.464532958922 0.464541773845 0.464583954438
28088112 512 61910711.803 61914785.072 61917182.895 0.464527379044 0.464545369164 0.464575932829 0.464527379044 0.464545369164 0.464575932829
30896920 256 34017620.828 34019664.721 34023024.422 0.464956402576 0.465002320562 0.465030259464 0.464956402576 0.465002320562 0.465030259464
33986608 256 37419587.178 37421425.076 37424730.559 0.464963756214 0.465004827065 0.465027666212 0.464963756214 0.465004827065 0.465027666212
37385264 256 41161115.358 41163341.208 41164911.494 0.464989586357 0.465007324631 0.46503247061 0.464989586357 0.465007324631 0.46503247061
41123784 256 45277671.764 45280265.06 45281353.601 0.464990017603 0.465001195998 0.46502782912 0.464990017603 0.465001195998 0.46502782912
45236160 256 49806184.411 49808479.275 49809599.56 0.464988960453 0.464999418917 0.465020844176 0.464988960453 0.464999418917 0.465020844176
49759776 256 54785933.596 54789553.561 54790410.228 0.464990227414 0.46499749781 0.465028222388 0.464990227414 0.46499749781 0.465028222388
54735752 256 60265000.796 60268439.035 60269415.453 0.464990490008 0.464998023389 0.465024552457 0.464990490008 0.464998023389 0.465024552457
60209320 128 33080552.028 33082282.257 33083549.3 0.465898800042 0.465916643848 0.465941012924 0.465898800042 0.465916643848 0.465941012924
66230248 128 36388174.837 36391001.082 36392127.127 0.465895918335 0.46591033453 0.465946521472 0.465895918335 0.46591033453 0.465946521472
72853272 128 40028122.978 40029598.626 40031172.574 0.465897859912 0.465916178832 0.465933354963 0.465897859912 0.465916178832 0.465933354963
80138592 128 44030899.04 44032805.825 44033463.051 0.465906565837 0.465913519877 0.465933696547 0.465906565837 0.465913519877 0.465933696547
88152448 128 48433795.798 48435449.41 48437122.119 0.465903540523 0.465919630413 0.4659355377 0.465903540523 0.465919630413 0.4659355377
96967688 128 53277444.837 53279262.844 53280959.642 0.465902421705 0.465917259416 0.465933158092 0.465902421705 0.465917259416 0.465933158092
106664456 128 58605932.876 58607229.512 58608584.947 0.465906159664 0.465916934879 0.46592724313 0.465906159664 0.465916934879 0.46592724313
117330896 64 32105754.581 32106988.064 32107455.32 0.467752879769 0.467759687021 0.467777658055 0.467752879769 0.467759687021 0.467777658055
129063984 64 35315874.103 35317282.605 35318325.504 0.46775122309 0.467765035514 0.467783691374 0.46775122309 0.467765035514 0.467783691374
141970376 64 38847863.19 38849732.601 38850564.795 0.467746304948 0.467756324468 0.467778833526 0.467746304948 0.467756324468 0.467778833526
156167408 64 42732707.665 42735129.397 42735867.643 0.467743591659 0.467751671893 0.46777818014 0.467743591659 0.467751671893 0.46777818014
171784144 64 47005781.253 47007358.273 47008723.053 0.46775085567 0.467764436034 0.467780129292 0.46775085567 0.467764436034 0.467780129292
188962552 64 51706527.778 51709638.222 51710677.743 0.467741049077 0.467750452095 0.467778589965 0.467741049077 0.467750452095 0.467778589965
207858800 64 56877227.087 56878684.79 56880870.322 0.467748229754 0.467766202721 0.467778191073 0.467748229754 0.467766202721 0.467778191073
228644680 64 62564692.002 62567076.334 62568270.164 0.467753367055 0.467762292164 0.467780118522 0.467753367055 0.467762292164 0.467780118522
251509144 32 34138552.044 34139739.397 34140796.555 0.471476557088 0.471491156649 0.471507555307 0.471476557088 0.471491156649 0.471507555307
276660056 32 37552230.245 37553386.444 37555383.081 0.471470189661 0.47149525677 0.47150977368 0.471470189661 0.47149525677 0.47150977368
304326056 32 41307946.304 41308834.764 41309992.219 0.471480785587 0.471493996267 0.471504137259 0.471480785587 0.471493996267 0.471504137259
334758656 32 45438112.668 45439585.987 45445739.269 0.471431520944 0.471495360678 0.471510648793 0.471431520944 0.471495360678 0.471510648793
368234520 32 49982447.99 49983759.396 49985353.592 0.471478294869 0.47149333233 0.471505703056 0.471478294869 0.47149333233 0.471505703056
405057968 32 54980032.666 54982741.925 54983761.375 0.471479384162 0.47148812599 0.471511359578 0.471479384162 0.47148812599 0.471511359578
445563760 32 60478676.26 60480969.691 60482212.952 0.471478791006 0.471488482835 0.471506362299 0.471478791006 0.471488482835 0.471506362299
490120136 16 32732551.65 32733317.543 32735148.53 0.479113279038 0.479140078955 0.479151290119 0.479113279038 0.479140078955 0.479151290119
539132144 16 36005606.969 36007025.84 36008716.569 0.479112566396 0.479135063381 0.47915394463 0.479112566396 0.479135063381 0.47915394463
593045352 16 39605462.817 39607390.976 39610009.179 0.479107469484 0.479139140356 0.479162466847 0.479107469484 0.479139140356 0.479162466847
652349880 16 43566601.308 43568316.331 43570045.101 0.47911807554 0.479137086717 0.47915594821 0.47911807554 0.479137086717 0.47915594821
717584864 16 47923313.645 47924928.602 47926739.903 0.479121168986 0.479139277154 0.479155423561 0.479121168986 0.479139277154 0.479155423561
789343344 16 52715390.848 52719098.951 52721353.342 0.479103539777 0.479124027356 0.479157729871 0.479103539777 0.479124027356 0.479157729871
868277672 16 57987120.563 57989285.819 57991867.877 0.479116926582 0.479138259966 0.479156151129 0.479116926582 0.479138259966 0.479156151129
955105432 8 30858655.625 30860540.932 30862485.5 0.495154122049 0.495185322437 0.495215575743 0.495154122049 0.495185322437 0.495215575743
1050615968 8 33944013.646 33947172.959 33947710.177 0.495169052651 0.495176888759 0.495222976968 0.495169052651 0.495176888759 0.495222976968
1155677560 8 37338846.07 37340963.917 37342378.436 0.495170413199 0.495189170829 0.495217257795 0.495170413199 0.495189170829 0.495217257795
1271245312 8 41072284.181 41074412.883 41076703.549 0.495169359628 0.495196974572 0.495222639734 0.495169359628 0.495196974572 0.495222639734
1398369840 8 45179858.09 45182175.711 45185164.714 0.495160692267 0.495193449362 0.495218851627 0.495160692267 0.495193449362 0.495218851627
1538206824 8 49698378.797 49702640.143 49703818.357 0.495159325733 0.495171063613 0.495213521643 0.495159325733 0.495171063613 0.495213521643
1692027504 8 54668456.029 54672110.041 54674346.361 0.495158001254 0.495178255306 0.495211352771 0.495158001254 0.495178255306 0.495211352771
1861230248 8 60133304.607 60140238.655 60141103.387 0.495163578499 0.495170698255 0.495227797019 0.495163578499 0.495170698255 0.495227797019
2047353272 4 30855882.701 30861053.857 30862283.832 0.530706873968 0.530728025423 0.530816970453 0.530706873968 0.530728025423 0.530816970453
2252088592 4 33941102.975 33945847.602 33949444.169 0.530692303718 0.530748530637 0.530822723978 0.530692303718 0.530748530637 0.530822723978
2477297448 4 37335912.566 37341128.237 37343782.765 0.53070091235 0.530738639128 0.530812781098 0.53070091235 0.530738639128 0.530812781098
2725027192 4 41068613.275 41073802.579 41077918.548 0.530704045058 0.530757226436 0.530824291291 0.530704045058 0.530757226436 0.530824291291
2997529904 4 45175977.477 45183944.313 45185313.368 0.53070870698 0.530724787236 0.530818381167 0.53070870698 0.530724787236 0.530818381167
3297282888 4 49693370.067 49702697.894 49714478.709 0.530595186533 0.53072095121 0.530820571606 0.530595186533 0.53072095121 0.530820571606
3627011176 4 54662664.793 54673180.126 54674026.553 0.530710672642 0.53071888888 0.53082098207 0.530710672642 0.53071888888 0.53082098207
3989712288 2 25743357.413 25753711.576 25755350.801 0.619632373688 0.619671813319 0.619921049767 0.619632373688 0.619671813319 0.619921049767
4388683512 2 28317875.792 28327019.025 28330589.098 0.619638864101 0.619716957598 0.619917050874 0.619638864101 0.619716957598 0.619917050874
4827551856 2 31149785.81 31160386.517 31164352.4 0.619624857791 0.619703719447 0.619914613275 0.619624857791 0.619703719447 0.619914613275
5310307040 2 34263593.16 34276624.098 34280554.859 0.619629065147 0.619700122721 0.619935803604 0.619629065147 0.619700122721 0.619935803604
5841337744 2 37691831.116 37705156.133 37706300.48 0.619667023244 0.619685830065 0.619904904702 0.619667023244 0.619685830065 0.619904904702
6425471512 2 41459721.342 41469408.117 41481625.495 0.619596887569 0.619779428139 0.619924235283 0.619596887569 0.619779428139 0.619924235283
7068018656 2 45605924.056 45621778.653 45628334.785 0.619616621058 0.619705663802 0.619921100366 0.619616621058 0.619705663802 0.619921100366
7774820520 1 25083457.009 25087188.636 25092617.957 0.619689865228 0.619823977314 0.619916187566 0.619689865228 0.619823977314 0.619916187566
8552302568 1 27591775.986 27600877.827 27601837.657 0.619690810031 0.619712359991 0.619916787694 0.619690810031 0.619712359991 0.619916787694
9407532824 1 30351348.733 30356094.486 30360159.923 0.619728805636 0.619811802756 0.619908716859 0.619728805636 0.619811802756 0.619908716859
10348286104 1 33386409.82 33390997.141 33395698.737 0.619737660559 0.619824922287 0.619910086756 0.619737660559 0.619824922287 0.619910086756
11383114712 1 36724614.167 36729551.527 36739761.159 0.619661878733 0.619834124772 0.619917457008 0.619661878733 0.619834124772 0.619917457008
12521426176 1 40396196.855 40403592.324 40413804.413 0.619660848953 0.619817469476 0.619930941566 0.619660848953 0.619817469476 0.619930941566
13773568792 1 44437278.434 44449144.058 44454810.783 0.619666063105 0.619745062988 0.619910547063 0.619666063105 0.619745062988 0.619910547063

META_DATA
TIMESTAMP_DATA  1618477965.2
TIMESTAMP_DATA  1618440399.68
UNAME  ('Linux', 'linux', '5.4.44-mlnx.14.gd7fb187', '#1 SMP PREEMPT Tue Sep 15 16:18:01 UTC 2020', 'aarch64', 'aarch64')
MPI_PROCS      1
OPENMP_THREADS 1
TIMESTAMP_DATA  1618402830.2
HOSTNAME  linux
TIMESTAMP_DATA  1618459180.5
TIMESTAMP_DATA  1618421616.9
TIMESTAMP_DATA  1618496746.72
FLOPS          16
CONFIG  {'ERT_WORKING_SET_MIN': ['1'], 'ERT_CFLAGS': ['-O3'], 'ERT_CC': ['gcc'], 'ERT_MPI_CFLAGS': [], 'ERT_MPI_LDFLAGS': [], 'ERT_MEMORY_MAX': ['15000000000'], 'ERT_PROCS_THREADS': ['1'], 'ERT_LDFLAGS': [], 'ERT_LDLIBS': [], 'ERT_SPEC_GBYTES_DRAM': ['0'], 'ERT_RUN': ['export', 'KMP_AFFINITY=scatter;', 'export', 'OMP_NUM_THREADS=ERT_OPENMP_THREADS;', 'ERT_CODE'], 'ERT_FLOPS': ['1,2,4,8,16'], 'ERT_OPENMP_CFLAGS': ['-fopenmp'], 'ERT_SPEC_GFLOPS': ['0'], 'ERT_MPI': ['False'], 'ERT_TRIALS_MIN': ['1'], 'ERT_DRIVER': ['driver1'], 'ERT_RESULTS': ['Results.arm'], 'ERT_OPENMP': ['True'], 'ERT_MPI_PROCS': ['1'], 'ERT_KERNEL': ['kernel1'], 'ERT_OPENMP_THREADS': ['1'], 'ERT_LD': ['gcc'], 'ERT_NUM_EXPERIMENTS': ['6'], 'ERT_OPENMP_LDFLAGS': ['-fopenmp'], 'ERT_ALIGN': ['32'], 'ERT_GNUPLOT': ['gnuplot']}
ERT_VERSION  1.0.0
