80 134217728 1035568.053 1035807.292 1038468.348 20.6793365646 20.7324631192 20.7372527743 5.16983414116 5.1831157798 5.18431319356
160 67108864 517682.717 517993.908 518792.192 41.393908411 41.45770085 41.4826220285 10.3484771028 10.3644252125 10.3706555071
240 33554432 260849.164 261240.308 261336.636 61.6298105253 61.6525354885 61.7449836259 15.4074526313 15.4131338721 15.4362459065
320 33554432 260251.072 260546.478 260676.093 82.3813040653 82.422286591 82.5158425476 20.5953260163 20.6055716478 20.6289606369
400 33554432 260080.28 260633.799 261056.625 102.826525088 102.993340476 103.212537298 25.706631272 25.748335119 25.8031343245
480 16777216 130289.556 130459.072 130464.458 123.45222298 123.457319703 123.617946476 30.863055745 30.8643299256 30.904486619
560 16777216 129542.871 129569.156 129890.148 144.664412269 145.022800951 145.052226919 36.1661030673 36.2557002378 36.2630567297
640 16777216 129461.77 129509.023 129914.151 165.30021029 165.817299695 165.87782231 41.3250525726 41.4543249238 41.4694555775
720 16777216 133201.808 133234.415 133489.65 180.981754316 181.328458116 181.37284623 45.2454385789 45.3321145291 45.3432115576
800 16777216 133301.905 133395.623 133613.787 200.904010003 201.232581672 201.374058383 50.2260025008 50.3081454179 50.3435145957
880 16777216 135653.745 135666.914 136041.865 217.050098218 217.649972933 217.671101966 54.2625245545 54.4124932332 54.4177754916
960 8388608 67911.326 67955.1 68234.116 236.042148769 237.011311292 237.164083057 59.0105371923 59.2528278231 59.2910207643
1040 8388608 70627.992 70635.505 71009.933 245.716393508 247.018898499 247.04517495 61.429098377 61.7547246247 61.7612937375
1120 8388608 70883.025 70964.781 71007.706 264.625953696 264.786019984 265.091422382 66.1564884239 66.1965049959 66.2728555955
1200 8388608 75232.554 75281.069 75758.607 265.747483979 267.433226805 267.605685698 66.4368709947 66.8583067013 66.9014214246
1280 8388608 75265.589 75337.008 75355.3 284.98110259 285.050296662 285.320778929 71.2452756475 71.2625741654 71.3301947322
1360 8388608 79089.863 79125.626 79357.319 287.522487497 288.364401187 288.494794333 71.8806218743 72.0911002966 72.1236985832
1440 8388608 79230.57 79308.964 79391.075 304.306133152 304.621190613 304.922595407 76.0765332879 76.1552976534 76.2306488518
1520 8388608 85629.669 85639.649 85642.892 297.763979292 297.775255011 297.809960237 74.440994823 74.4438137527 74.4524900593
1600 8388608 85906.273 86160.108 86197.349 311.419619181 311.554224143 312.474801462 77.8549047953 77.8885560357 78.1187003655
1760 8388608 94343.113 94390.241 94502.818 312.45523451 312.827892451 312.984161971 78.1138086274 78.2069731128 78.2460404926
1920 4194304 51156.936 51275.098 51390.615 313.406005357 314.112073662 314.837607944 78.3515013393 78.5280184155 78.7094019861
2080 4194304 55310.242 55476.369 56005.631 311.545541555 314.51778396 315.46245341 77.8863853886 78.6294459899 78.8656133524
2240 4194304 59403.445 59808.536 59976.136 313.299308245 314.177259246 316.319733982 78.3248270612 78.5443148115 79.0799334954
2400 4194304 63711.782 63870.499 63986.365 314.639833033 315.210613902 315.995857721 78.6599582583 78.8026534754 78.9989644302
2640 4194304 71495.496 71524.751 71781.296 308.519438267 309.626035888 309.752730717 77.1298595668 77.406508972 77.4381826794
2880 4194304 76264.68 82046.666 85437.826 282.769262411 294.456706382 316.780861599 70.6923156027 73.6141765955 79.1952153998
3120 4194304 83795.718 92478.461 92844.693 281.895023984 283.011380996 312.336448504 70.4737559959 70.752845249 78.0841121261
3360 4194304 96709.109 98423.33 98427.089 286.36143938 286.372376143 291.448480618 71.5903598449 71.5930940357 72.8621201546
3680 2097152 53355.575 53386.96 53389.64 289.10175682 289.116269591 289.286334558 72.2754392051 72.2790673977 72.3215836396
4000 2097152 57471.892 57480.728 57782.7 290.350156708 291.875496079 291.920370396 72.587539177 72.9688740198 72.980092599
4400 2097152 62859.094 62904.459 62969.344 293.078130209 293.380435877 293.592166632 73.2695325522 73.3451089691 73.3980416581
4800 2097152 67564.698 67572.733 67606.762 297.790614495 297.940579079 297.976011082 74.4476536238 74.4851447699 74.4940027705
5280 2097152 74137.623 74149.778 74242.005 298.293737083 298.664752847 298.713719484 74.5734342708 74.6661882116 74.6784298709
5760 2097152 80077.745 80111.295 80226.845 301.135998057 301.570347103 301.69669538 75.2839995141 75.3925867757 75.4241738451
6320 2097152 87942.008 87954.109 87980.41 301.294359506 301.384455842 301.425926959 75.3235898764 75.3461139604 75.3564817396
6880 2097152 94999.79 95029.401 95282.19 302.856300007 303.661932163 303.756582199 75.7140750018 75.9154830409 75.9391455497
7520 1048576 51683.369 51686.626 52840.623 298.455660525 305.119220589 305.138448695 74.6139151312 76.2798051473 76.2846121738
8240 1048576 56480.379 56487.616 56894.816 303.727715369 305.917185105 305.956383189 75.9319288422 76.4792962762 76.4890957973
9040 1048576 61845.832 61871.658 62141.647 305.081294031 306.412575529 306.54052936 76.2703235078 76.6031438821 76.63513234
9920 1048576 67180.025 67198.783 67477.571 308.306116117 309.585187577 309.671629923 77.0765290292 77.3962968942 77.4179074807
10880 1048576 73438.962 73456.29 73467.644 310.572280772 310.620285342 310.693576524 77.6430701929 77.6550713356 77.673394131
11920 1048576 80636.477 80645.47 80670.403 309.878851603 309.974656233 310.009226222 77.4697129008 77.4936640583 77.5023065554
13040 1048576 87793.262 87800.301 87935.817 310.986615158 311.466609665 311.491582122 77.7466537895 77.8666524161 77.8728955304
14320 524288 48071.399 48098.671 48353.367 310.539043124 312.183434756 312.360543532 77.634760781 78.0458586891 78.0901358831
15680 524288 52372.973 52383.832 52543.457 312.915681966 313.869204529 313.934282096 78.2289204915 78.4673011322 78.4835705241
17200 524288 57458.722 57473.739 57751.228 312.296514284 313.804313306 313.886326953 78.0741285709 78.4510783264 78.4715817383
18880 524288 62807.859 62816.342 63192.773 313.281312722 315.15867129 315.201237476 78.3203281806 78.7896678224 78.8003093689
20720 524288 68943.141 68971.135 69245.087 313.762256086 315.008513634 315.136421185 78.4405640215 78.7521284085 78.7841052963
22720 524288 75335.752 75401.682 75739.308 314.547985044 315.956436091 316.232945017 78.6369962609 78.9891090228 79.0582362541
24960 524288 82641.952 82648.405 82938.267 315.565515252 316.672257136 316.696984118 78.8913788131 79.1680642839 79.1742460294
27440 524288 90850.711 90879.426 91385.594 314.851873042 316.605492645 316.705561501 78.7129682606 79.1513731612 79.1763903752
30160 262144 49905.508 49922.267 50200.351 314.988356954 316.742949193 316.849316112 78.7470892385 79.1857372983 79.2123290279
33120 262144 54668.603 54701.534 54955.676 315.971339521 317.439334699 317.63055222 78.9928348802 79.3598336749 79.4076380551
36400 262144 60044.333 60185.404 60334.087 316.306820057 317.088229565 317.83321167 79.0767050142 79.2720573912 79.4583029176
40000 262144 65844.78 65891.145 66147.24 317.0430089 318.275240171 318.499355606 79.2607522249 79.5688100427 79.6248389014
44000 262144 72411.985 72434.569 72518.173 318.10884149 318.476002805 318.575329761 79.5272103725 79.6190007012 79.6438324402
48400 262144 79646.501 79668.081 86820.869 292.274651156 318.515757898 318.602058865 73.0686627889 79.6289394745 79.6505147163
53200 262144 87477.883 87491.392 87519.591 318.695748932 318.798466482 318.847697766 79.6739372331 79.6996166206 79.7119244415
58480 131072 48021.922 48026.549 48039.53 319.115968037 319.202221255 319.232976972 79.7789920093 79.8005553137 79.8082442431
64320 131072 52754.361 52758.73 52853.196 319.017644269 319.588854394 319.615322039 79.7544110672 79.8972135986 79.9038305099
70720 131072 57970.819 57998.627 58271.19 318.147332841 319.642457743 319.795786911 79.5368332104 79.9106144358 79.9489467278
77760 131072 63710.107 63754.198 64152.283 317.748901313 319.732944331 319.954217625 79.4372253284 79.9332360827 79.9885544063
85520 131072 70086.959 70093.814 70385.446 318.511228586 319.836424938 319.867707201 79.6278071464 79.9591062344 79.9669268002
94000 131072 77002.919 77187.314 77276.691 318.874109141 319.243340946 320.007816847 79.7185272853 79.8108352365 80.0019542116
103360 131072 84586.249 84595.917 84884.429 319.201108604 320.289735023 320.326343352 79.8002771509 80.0724337559 80.0815858379
113680 131072 93052.056 93073.302 93434.334 318.946244322 320.18343907 320.256544573 79.7365610804 80.0458597676 80.0641361433
125040 65536 51148.689 51251.227 51660.058 317.251732083 319.782448916 320.423518186 79.3129330207 79.945612229 80.1058795466
137520 65536 56235.911 56247.641 56519.048 318.919409966 320.458264908 320.52510788 79.7298524915 80.1145662269 80.13127697
151200 65536 61812.223 61821.651 62192.907 318.655090363 320.568701732 320.617596944 79.6637725907 80.142175433 80.1543992359
166320 65536 67976.94 67985.42 68271.922 319.309818757 320.655444064 320.69544525 79.8274546892 80.1638610161 80.1738613124
182880 65536 74727.128 74753.228 75105.784 319.155810423 320.661033661 320.773031181 79.7889526058 80.1652584153 80.1932577952
201120 65536 82158.803 82163.026 82170.026 320.812855043 320.840187166 320.856678499 80.2032137607 80.2100467916 80.2141696246
221200 65536 90358.17 90366.303 90766.546 319.425247271 320.840019316 320.868897633 79.8563118178 80.2100048289 80.2172244082
243280 32768 49680.673 49690.756 50153.335 317.897066666 320.856420055 320.921539851 79.4742666664 80.2141050138 80.2303849628
267600 32768 54638.714 54656.532 54953.683 319.13117816 320.866197658 320.970833977 79.7827945399 80.2165494144 80.2427084942
294320 32768 60081.449 60089.343 60096.767 320.958289154 320.997943346 321.040118723 80.2395722885 80.2494858364 80.2600296807
323680 32768 66135.361 66251.282 66351.398 319.70226882 320.185388714 320.746604528 79.9255672051 80.0463471786 80.1866511321
356000 32768 72752.262 72771.264 73130.962 319.027883156 320.604792573 320.688530619 79.7569707889 80.1511981433 80.1721326548
391600 32768 80015.652 80023.312 80300.939 319.596481929 320.705266485 320.735968008 79.8991204823 80.1763166213 80.183992002
430720 32768 88014.004 88034.172 88290.947 319.711894358 320.644418851 320.71789303 79.9279735894 80.1611047128 80.1794732575
473760 16384 48400.538 48406.386 48689.447 318.840501105 320.704951615 320.743700824 79.7101252762 80.1762379038 80.185925206
521120 16384 53235.769 53471.917 54152.024 315.335584871 319.346324539 320.762909614 78.8338962178 79.8365811347 80.1907274036
573200 16384 58532.732 58536.404 58539.909 320.851499786 320.870711498 320.890841043 80.2128749466 80.2176778744 80.2227102606
630480 16384 64371.453 64380.39 64767.985 318.978097589 320.89846986 320.943021746 79.7445243974 80.224617465 80.2357554365
693520 16384 70800.839 70815.167 71100.806 319.62033398 320.909549786 320.974492407 79.9050834951 80.2273874465 80.2436231017
762800 16384 77870.273 77907.636 78180.053 319.716212011 320.834152894 320.988092593 79.9290530028 80.2085382234 80.2470231484
839040 16384 85652.593 85665.953 85673.215 320.913166618 320.940370791 320.990430728 80.2282916545 80.2350926978 80.2476076819
922880 8192 47103.597 47106.129 47518.341 318.202731867 320.987231194 321.004485496 79.5506829668 80.2468077986 80.251121374
1015120 8192 51800.113 51808.177 51832.069 320.877140367 321.025116942 321.075092635 80.2192850916 80.2562792356 80.2687731589
1116560 8192 56972.006 57077.034 57355.821 318.951393617 320.509279442 321.1001389 79.7378484043 80.1273198604 80.2750347249
1228160 8192 62675.271 62681.696 62699.555 320.930083794 321.021521817 321.054430542 80.2325209485 80.2553804543 80.2636076356
1350960 8192 68931.583 68954.838 69212.939 319.797554616 320.994570968 321.10286282 79.949388654 80.2486427421 80.2757157049
1486000 8192 75811.115 75830.108 76099.181 319.932799277 321.068038041 321.148475392 79.9831998192 80.2670095103 80.2871188479
1634560 8192 83398.757 83423.652 83685.438 320.015425384 321.019643686 321.115469862 80.003856346 80.2549109214 80.2788674656
1798000 8192 91725.139 91874.138 92020.504 320.129000815 320.639002893 321.159851281 80.0322502037 80.1597507233 80.2899628203
1977760 4096 50452.301 50472.628 50745.217 319.27757684 321.001908599 321.131238791 79.8193942101 80.2504771497 80.2828096978
2175520 4096 55497.751 55593.143 55788.269 319.45532922 320.576583339 321.127604612 79.863832305 80.1441458347 80.2819011531
2393040 4096 61033.871 61040.616 61057.402 321.071369529 321.159663264 321.195155392 80.2678423822 80.2899158161 80.2987888479
2632320 4096 67150.369 67160.762 67542.99 319.262819724 321.079820982 321.129515163 79.815704931 80.2699552456 80.2823787908
2895520 4096 73859.357 73872.947 74154.682 319.87325952 321.093185033 321.15226565 79.96831488 80.2732962582 80.2880664125
3185040 4096 81236.18 81252.093 81273.953 321.035789658 321.122160878 321.185064093 80.2589474146 80.2805402194 80.2962660233
3503520 4096 89367.69 89379.383 89398.841 321.042594277 321.112485639 321.154500469 80.2606485693 80.2781214097 80.2886251172
3853840 2048 49144.419 49154.833 49442.326 319.267516662 321.134823914 321.202874328 79.8168791654 80.2837059786 80.3007185821
4239200 2048 54065.991 54069.472 54082.296 321.061872077 321.13802036 321.158696601 80.2654680193 80.28450509 80.2896741502
4663120 2048 59461.821 59481.425 59755.234 319.639607135 321.110994231 321.216861488 79.9099017837 80.2777485576 80.3042153721
5129360 2048 65407.611 65440.056 66307.025 316.857204195 321.055021102 321.214278259 79.2143010488 80.2637552755 80.3035695647
5642240 2048 71954.125 71998.722 72242.329 319.904069538 320.986461954 321.18540862 79.9760173845 80.2466154885 80.2963521549
6206400 2048 79156.302 79182.787 79988.472 317.813476922 321.047229621 321.15464919 79.4533692305 80.2618074052 80.2886622975
6827040 2048 87104.892 87341.509 87919.015 318.060385913 320.163415542 321.033126819 79.5150964783 80.0408538854 80.2582817048
7509680 1024 47958.69 48019.823 48543.808 316.823613014 320.280744059 320.689006309 79.2059032534 80.0701860146 80.1722515773
8260640 1024 52830.158 52859.72 52988.041 319.275640328 320.050706284 320.229796019 79.818910082 80.0126765711 80.0574490048
9086640 1024 58178.263 58268.693 58438.226 318.446332029 319.372852932 319.869273512 79.6115830073 79.8432132329 79.967318378
9995280 1024 64101.761 64144.882 64186.74 318.91841586 319.126527351 319.341202498 79.7296039649 79.7816318378 79.8353006246
10994800 1024 70628.802 70656.455 70763.593 318.205300853 318.687802834 318.812577339 79.5513252132 79.6719507085 79.7031443348
12094240 1024 77703.967 77811.672 77980.998 317.628706419 318.319898331 318.761119622 79.4071766047 79.5799745827 79.6902799055
13303600 1024 85451.574 85498.953 85561.034 318.436693975 318.667911641 318.844598462 79.6091734936 79.6669779102 79.7111496156
14633920 1024 93946.822 94139.025 94235.334 318.036418908 318.361786305 319.013113184 79.5091047271 79.5904465762 79.7532782961
16097280 512 51786.046 51956.739 53231.213 309.660700762 317.256529899 318.302245358 77.4151751905 79.3141324747 79.5755613394
17706960 512 57617.371 57866.665 58387.884 310.5426297 313.33976202 314.695494177 77.6356574251 78.334940505 78.6738735441
19477600 512 64483.605 64612.232 64940.969 307.126036262 308.688645828 309.304394505 76.7815090656 77.172161457 77.3260986262
21425360 512 77136.2 77885.141 78581.523 279.195004149 281.691325949 284.426360645 69.7987510372 70.4228314872 71.1065901613
23567840 512 110985.747 112105.684 114332.254 211.081889105 215.274259956 217.446553385 52.7704722764 53.8185649891 54.3616383462
25924560 512 162395.562 164196.758 166259.408 159.670660201 161.676453076 163.469673143 39.9176650503 40.419113269 40.8674182857
28516960 512 220342.294 221741.647 224953.802 129.810506781 131.690945003 132.527289745 32.4526266953 32.9227362508 33.1318224362
31368640 256 145053.409 145734.379 146204.183 109.85146492 110.20559315 110.722966049 27.46286623 27.5513982874 27.6807415123
34505440 256 182989.828 183682.138 183708.708 96.1673808081 96.181291618 96.5451767079 24.041845202 24.0453229045 24.136294177
37955920 256 222165.842 222818.775 222840.147 87.2079439079 87.2163085898 87.4726324491 21.801985977 21.8040771474 21.8681581123
41751440 256 262426.253 262820.407 263760.978 81.0458675203 81.3359111798 81.4580745471 20.2614668801 20.333977795 20.3645186368
45926560 256 304535.36 305589.388 305690.988 76.922119536 76.9476940083 77.2140178402 19.230529884 19.2369235021 19.30350446
50519200 256 350390.818 350874.176 351430.952 73.6014578477 73.718250499 73.8199435352 18.4003644619 18.4295626248 18.4549858838
55571120 256 399599.31 401142.892 401345.142 70.8926319582 70.9283749193 71.2023587829 17.7231579895 17.7320937298 17.8005896957
61128160 128 228332.284 229243.589 230187.181 67.9829732134 68.26279866 68.5352447138 16.9957433034 17.065699665 17.1338111784
67240960 128 258679.574 259205.602 260288.886 66.1330033123 66.4093894082 66.5444336939 16.5332508281 16.602347352 16.6361084235
73965040 128 291701.759 292678.318 293430.683 64.5298918518 64.6957737402 64.9123622186 16.132472963 16.1739434351 16.2280905546
81361520 128 328032.969 328950.77 329674.484 63.1791361809 63.3181345646 63.4952919016 15.7947840452 15.8295336412 15.8738229754
89497600 128 367682.664 368630.913 369628.211 61.9849484378 62.1526431778 62.3129340686 15.4962371095 15.5381607945 15.5782335172
98447360 128 411150.663 412334.308 414219.089 60.8434638318 61.1215794345 61.2975398753 15.2108659579 15.2803948586 15.3243849688
108292080 128 459594.267 460842.313 461752.813 60.0381236443 60.1567427685 60.3201007292 15.0095309111 15.0391856921 15.0800251823
119121280 64 260361.498 261480.399 261962.082 58.2050796191 58.3123014127 58.5628979597 14.5512699048 14.5780753532 14.6407244899
131033360 64 290122.944 290686.835 291600.423 57.5179895401 57.6987605235 57.8109054346 14.379497385 14.4246901309 14.4527263587
144136640 64 322248.561 323786.992 324444.943 56.8647788109 56.9803308219 57.2523578158 14.2161947027 14.2450827055 14.313089454
158550240 64 357321.292 359175.472 359906.781 56.3880198745 56.5028302378 56.7960297199 14.0970049686 14.1257075595 14.19900743
174405200 64 397618.317 398832.018 399336.281 55.9024227503 55.9731029418 56.1439567685 13.9756056876 13.9932757355 14.0359891921
191845680 64 440834.589 442452.457 443572.031 55.3602240985 55.5003066465 55.7039934087 13.8400560246 13.8750766616 13.9259983522
211030240 64 490310.681 491272.519 492176.114 54.8825307682 54.9834759229 55.0913365071 13.7206326921 13.7458689807 13.7728341268
232133200 64 543746.225 544718.364 549164.01 54.105966631 54.5475452339 54.6450682945 13.5264916577 13.6368863085 13.6612670736
255346480 32 309889.479 310663.061 310887.653 52.5661748297 52.6041772311 52.7354938694 13.1415437074 13.1510443078 13.1838734674
280881120 32 343046.877 344595.978 345499.932 52.0300874618 52.1665742715 52.4021435123 13.0075218654 13.0416435679 13.1005358781
308969200 32 378327.631 380168.9 381675.743 51.8084503997 52.0137991298 52.2669431988 12.9521125999 13.0034497825 13.0667357997
339866080 32 418474.811 420098.98 421841.838 51.5629962716 51.7769148594 51.9778695115 12.8907490679 12.9442287149 12.9944673779
373852640 32 461738.491 463363.909 465029.125 51.4517643599 51.6366693548 51.8184414476 12.86294109 12.9091673387 12.9546103619
411237840 32 509748.906 510871.414 511965.712 51.4081727411 51.5182901974 51.6317376069 12.8520431853 12.8795725493 12.9079344017
452361600 32 562113.461 563694.866 564502.637 51.2861065696 51.3595992198 51.5040902036 12.8215266424 12.8398998049 12.8760225509
497597760 16 327864.083 329113.725 330686.182 48.1517801067 48.381842234 48.5662478619 12.0379450267 12.0954605585 12.1415619655
547357520 16 361573.678 362799.769 363111.635 48.2370680301 48.278533055 48.4422448473 12.0592670075 12.0696332637 12.1105612118
602093200 16 398263.44 399383.8 400312.65 48.1298365165 48.2417724505 48.3774820004 12.0324591291 12.0604431126 12.0943705001
662302480 16 438745.192 439596.213 442215.084 47.9261791984 48.2116968555 48.30521165 11.9815447996 12.0529242139 12.0763029125
728532720 16 480117.437 484657.741 485169.304 48.0513644367 48.1020833215 48.556968032 12.0128411092 12.0255208304 12.139242008
801385920 16 531844.89 533297.93 533713.611 48.0488953466 48.0863472318 48.2177227274 12.0122238367 12.021586808 12.0544306818
881524480 16 585687.104 588718.581 592362.164 47.6208392 47.9155648733 48.1635726096 11.9052098 11.9788912183 12.0408931524
969676880 8 359324.897 359794.274 360299.3 43.060949827 43.121392421 43.1777208024 10.7652374567 10.7803481053 10.7944302006
1066644560 8 396185.403 397348.81 398147.998 42.8642440643 42.9504569549 43.0765819002 10.7160610161 10.7376142387 10.7691454751
1173308960 8 438081.287 438589.908 439460.176 42.7181901461 42.8029533229 42.8526483945 10.6795475365 10.7007383307 10.7131620986
1290639840 8 481807.14 483343.726 483745.52 42.6882246682 42.723710538 42.8599655871 10.6720561671 10.6809276345 10.7149913968
1419703760 8 530986.518 532386.521 533553.624 42.5735280171 42.6668581266 42.7793538818 10.6433820043 10.6667145316 10.6948384705
1561674080 8 584874.217 586383.993 587249.936 42.5488088602 42.6116428454 42.7216392067 10.637202215 10.6529107114 10.6804098017
1717841440 8 645660.287 646183.785 648223.096 42.4012399583 42.5350553171 42.5695425186 10.6003099896 10.6337638293 10.6423856296
1889625520 4 426999.067 427389.665 427997.731 35.3202904246 35.3705421492 35.4028974026 8.83007260616 8.84263553729 8.85072435065
2078588000 4 470125.646 470330.026 472908.194 35.1626472347 35.3553953198 35.3707655421 8.79066180866 8.83884882995 8.84269138553
2286446800 4 517205.329 518538.455 519982.838 35.1772656004 35.2752514758 35.3661754324 8.79431640011 8.81881286895 8.84154385811
2515091440 4 567294.681 571192.311 576401.244 34.9075088395 35.225844488 35.467865633 8.72687720986 8.80646112199 8.86696640824
2766600560 4 625805.036 628320.777 630065.959 35.1277579178 35.2253264418 35.3669325218 8.78193947945 8.80633161045 8.84173313044
3043260560 4 689337.686 692137.95 692552.005 35.1541607045 35.1751908417 35.3180813619 8.78854017613 8.79379771041 8.82952034049
3347586560 4 759579.428 760147.629 761287.027 35.1781805419 35.2309097053 35.2572640764 8.79454513547 8.80772742633 8.8143160191
3682345200 4 834210.438 835281.148 835565.512 35.2560764858 35.2680791019 35.3133457196 8.81401912146 8.81701977548 8.8283364299
4050579680 2 611176.297 612536.157 613762.368 26.3983580042 26.451203794 26.5100574082 6.59958950106 6.6128009485 6.62751435205
4455637600 2 671484.818 672659.656 673268.27 26.471692183 26.4956434373 26.5420005371 6.61792304574 6.62391085931 6.63550013427
4901201360 2 737492.353 738797.777 739984.937 26.4935196107 26.53609154 26.5830626721 6.62337990266 6.63402288499 6.64576566803
5391321440 2 810181.259 811007.137 815879.964 26.4319344898 26.5907472033 26.6178531291 6.60798362245 6.64768680081 6.65446328227
5930453520 2 889388.848 890637.642 891711.704 26.6025599682 26.6346412518 26.672039045 6.65063999205 6.65866031294 6.66800976124
6523498800 2 977995.256 979071.191 979838.358 26.6309182397 26.6517853246 26.6811061096 6.65772955992 6.66294633114 6.67027652739
7175848640 2 1075476.073 1076162.214 1077669.248 26.6346976248 26.6719962721 26.6890126899 6.65867440619 6.66799906803 6.67225317248
7893433440 1 590977.617 591916.195 592042.664 26.6650831772 26.6707804472 26.7131384098 6.6662707943 6.66769511181 6.67828460244
8682776720 1 647803.493 648950.619 650360.026 26.7014465 26.7594373618 26.8068227906 6.67536162501 6.68985934044 6.70170569766
9551054320 1 713190.239 714791.936 715667.529 26.6913166603 26.7240125104 26.7840298358 6.67282916506 6.6810031276 6.69600745896
10506159680 1 783843.05 784464.625 785078.984 26.7645928476 26.7855537272 26.8067942428 6.69114821191 6.69638843179 6.7016985607
11556775600 1 860202.417 863132.327 864206.13 26.7454145459 26.7786878987 26.8698979952 6.68635363649 6.69467197467 6.7174744988
12712453120 1 947036.85 948772.284 949369.913 26.7808215658 26.7976907302 26.8467971864 6.69520539145 6.69942268255 6.7116992966
13983698400 1 1040521.476 1043694.82 1044307.171 26.7808146651 26.7965273604 26.8782504207 6.69520366628 6.69913184009 6.71956260516

META_DATA
HOSTNAME  ('qiang-gpu6', [], ['127.0.1.1'])
TIMESTAMP_DATA  1614743311.48
TIMESTAMP_DATA  1614743396.14
MPI_PROCS      1
OPENMP_THREADS 10
CONFIG  {'ERT_WORKING_SET_MIN': ['1'], 'ERT_CFLAGS': ['-O3'], 'ERT_CC': ['gcc'], 'ERT_MPI_CFLAGS': [], 'ERT_MPI_LDFLAGS': [], 'ERT_MEMORY_MAX': ['15000000000'], 'ERT_PROCS_THREADS': ['8,10'], 'ERT_LDFLAGS': [], 'ERT_LDLIBS': [], 'ERT_SPEC_GBYTES_DRAM': ['1.0'], 'ERT_RUN': ['export', 'KMP_AFFINITY=scatter;', 'export', 'OMP_NUM_THREADS=ERT_OPENMP_THREADS;', 'ERT_CODE'], 'ERT_FLOPS': ['1,2,4,8,16'], 'ERT_OPENMP_CFLAGS': ['-fopenmp'], 'ERT_SPEC_GFLOPS': ['1.0'], 'ERT_MPI': ['False'], 'ERT_TRIALS_MIN': ['1'], 'ERT_DRIVER': ['driver1'], 'ERT_RESULTS': ['Results.x86'], 'ERT_OPENMP': ['True'], 'ERT_MPI_PROCS': ['1'], 'ERT_KERNEL': ['kernel1'], 'ERT_OPENMP_THREADS': ['8,10'], 'ERT_LD': ['gcc'], 'ERT_NUM_EXPERIMENTS': ['6'], 'ERT_OPENMP_LDFLAGS': ['-fopenmp'], 'ERT_ALIGN': ['32'], 'ERT_GNUPLOT': ['gnuplot']}
TIMESTAMP_DATA  1614743057.9
UNAME  ('Linux', 'qiang-gpu6', '5.4.0-65-generic', '#73-Ubuntu SMP Mon Jan 18 17:25:17 UTC 2021', 'x86_64', 'x86_64')
FLOPS          4
TIMESTAMP_DATA  1614743142.45
TIMESTAMP_DATA  1614743226.97
TIMESTAMP_DATA  1614743480.76
ERT_VERSION  1.0.0
