64 134217728 3721077.101 3722127.377 3722195.742 4.61552007869 4.61560485279 4.61690760973 4.61552007869 4.61560485279 4.61690760973
128 67108864 1860519.717 1860996.06 1861028.729 9.23138311424 9.23154516727 9.23390869069 9.23138311424 9.23154516727 9.23390869069
192 67108864 1864993.997 1865082.297 1865122.051 13.8166849522 13.8169794531 13.8176336318 13.8166849522 13.8169794531 13.8176336318
256 33554432 933317.725 933453.689 933720.073 18.3993786583 18.4046293742 18.4073105265 18.3993786583 18.4046293742 18.4073105265
320 33554432 938087.419 938292.452 938467.997 22.8828649977 22.8871461496 22.8921484768 22.8828649977 22.8871461496 22.8921484768
384 33554432 938459.258 938770.256 939370.299 27.4330621305 27.4505967901 27.4596937015 27.4330621305 27.4505967901 27.4596937015
448 16777216 481571.649 481877.178 482560.422 31.1513022011 31.1954710086 31.2152627075 31.1513022011 31.1954710086 31.2152627075
512 16777216 482013.035 482252.989 483324.5 35.5452065517 35.6241839364 35.6419182398 35.5452065517 35.6241839364 35.6419182398
576 16777216 591417.028 591640.464 591701.747 32.6640117762 32.6673951632 32.6797368303 32.6640117762 32.6673951632 32.6797368303
640 16777216 591262.433 591629.011 591829.189 36.2855311619 36.2978083913 36.3203127434 36.2855311619 36.2978083913 36.3203127434
704 16777216 706834.67 707165.085 713543.011 33.105670946 33.4042511841 33.419866244 33.105670946 33.4042511841 33.419866244
768 16777216 706928.474 707178.038 707307.448 36.4336666451 36.4403338216 36.4531982001 36.4336666451 36.4403338216 36.4531982001
832 16777216 822127.068 822380.612 822851.861 33.9274768001 33.9469182719 33.957387502 33.9274768001 33.9469182719 33.957387502
896 8388608 411174.41 411303.988 411446.617 36.5354457052 36.5481152009 36.559633018 36.5354457052 36.5481152009 36.559633018
960 8388608 468602.533 468660.394 468906.587 34.3482642525 34.3663078131 34.3705512151 34.3482642525 34.3663078131 34.3705512151
1024 8388608 469215.151 469281.021 469585.238 36.5851985833 36.6089153731 36.6140546557 36.5851985833 36.6089153731 36.6140546557
1088 8388608 526147.006 526429.553 526456.022 34.6726226792 34.6743660267 34.6929865605 34.6726226792 34.6743660267 34.6929865605
1152 8388608 526745.457 526946.226 527061.921 36.66998518 36.6780363505 36.6920161819 36.66998518 36.6780363505 36.6920161819
1216 8388608 583771.214 584037.307 584427.068 34.9078538162 34.9311497938 34.9470720151 34.9078538162 34.9311497938 34.9470720151
1280 8388608 584513.261 584727.787 584853.802 36.7182984988 36.7262116791 36.739690804 36.7182984988 36.7262116791 36.739690804
1408 8388608 642340.793 642674.525 642789.08 36.7497222075 36.7562727463 36.7753696876 36.7497222075 36.7562727463 36.7753696876
1536 8388608 700351.054 700468.617 700653.222 36.7796835394 36.789376641 36.7955522146 36.7796835394 36.789376641 36.7955522146
1664 8388608 758114.483 758341.467 758737.636 36.7943885994 36.813610542 36.8246327567 36.7943885994 36.813610542 36.8246327567
1792 4194304 407857.44 408062.466 408185.432 36.827344529 36.8384421222 36.8569604517 36.827344529 36.8384421222 36.8569604517
1920 4194304 436568.869 436913.927 436979.445 36.8578603508 36.8633874196 36.8925237315 36.8578603508 36.8633874196 36.8925237315
2112 4194304 493431.919 493590.003 493709.615 35.8849403733 35.8936363952 35.9051358735 35.8849403733 35.8936363952 35.9051358735
2304 4194304 525667.617 525794.026 525944.995 36.747859597 36.7584108535 36.767250268 36.747859597 36.7584108535 36.767250268
2496 4194304 584337.979 584561.219 584603.134 35.815691621 35.8182597262 35.8319437046 35.815691621 35.8182597262 35.8319437046
2688 4194304 613001.351 613286.807 613372.351 36.761647745 36.7667754249 36.7838965888 36.761647745 36.7667754249 36.7838965888
2944 4194304 671180.065 671382.7 671492.934 36.7778433719 36.7838819082 36.7949872766 36.7778433719 36.7838819082 36.7949872766
3200 4194304 729360.103 729606.949 730364.909 36.7536080516 36.7917899313 36.8042418136 36.7536080516 36.7917899313 36.8042418136
3520 4194304 817384.331 817545.285 817683.892 36.11163244 36.1177548226 36.1248668957 36.11163244 36.1177548226 36.1248668957
3840 2097152 437361.76 437431.186 437768.543 36.7914223567 36.8197967486 36.8256414553 36.7914223567 36.8197967486 36.8256414553
4224 2097152 480985.25 481256.916 481639.11 36.784263836 36.8134763512 36.8342690259 36.784263836 36.8134763512 36.8342690259
4608 2097152 524607.097 524654.027 524910.181 36.8203047523 36.8382816816 36.8415771394 36.8203047523 36.8382816816 36.8415771394
5056 2097152 583163.524 583428.094 583482.287 36.3445497772 36.3479257206 36.3644160707 36.3445497772 36.3479257206 36.3644160707
5504 2097152 626367.663 626519.249 626708.706 36.8360116829 36.8471507505 36.8560680566 36.8360116829 36.8471507505 36.8560680566
6016 2097152 684524.37 684762.47 684789.037 36.8477465331 36.8491761296 36.8619934802 36.8477465331 36.8491761296 36.8619934802
6592 2097152 757631.461 757876.607 758756.139 36.4397077623 36.4819968219 36.4938012626 36.4397077623 36.4819968219 36.4938012626
7232 1048576 415130.12 415184.323 420341.761 36.0815999531 36.5298071816 36.534576831 36.0815999531 36.5298071816 36.534576831
7936 1048576 451255.195 451425.932 451746.679 36.8414402267 36.8676167943 36.8815660327 36.8414402267 36.8676167943 36.8815660327
8704 1048576 494868.305 494924.051 508298.673 35.9111915447 36.8816406702 36.8857953188 35.9111915447 36.8816406702 36.8857953188
9536 1048576 545957.903 546017.814 561372.92 35.6241648992 36.62598721 36.6300063835 35.6241648992 36.62598721 36.6300063835
10432 1048576 596865.521 597017.582 598007.865 36.5839497178 36.6446321241 36.6539679279 36.5839497178 36.6446321241 36.6539679279
11456 1048576 654978.835 655021.695 655291.833 36.6630134882 36.6781337098 36.6805338252 36.6630134882 36.6781337098 36.6805338252
12544 1048576 712900.486 713167.621 713394.005 36.8753795289 36.8870850462 36.9009072158 36.8753795289 36.8870850462 36.9009072158
13760 1048576 785796.692 785923.764 786048.064 36.7112557636 36.7170619363 36.7229994906 36.7112557636 36.7170619363 36.7229994906
15104 524288 429126.623 429192.61 429384.617 36.8846280862 36.9011290851 36.9068033889 36.8846280862 36.9011290851 36.9068033889
16576 524288 472837.868 472889.114 473118.809 36.7374863256 36.7553307137 36.7593142434 36.7374863256 36.7553307137 36.7593142434
18176 524288 516345.672 516386.311 516631.833 36.8907143513 36.9082544793 36.9111593444 36.8907143513 36.9082544793 36.9111593444
19968 524288 567239.449 567260.347 567502.597 36.8949246729 36.910680746 36.912040594 36.8949246729 36.910680746 36.912040594
21952 524288 625498.4 625699.325 625704.888 36.7878544558 36.7881815311 36.7999987722 36.7878544558 36.7881815311 36.7999987722
24128 524288 687269.34 687476.998 687539.854 36.7979275395 36.8012919728 36.8124114601 36.7979275395 36.8012919728 36.8124114601
26496 524288 752524.518 752780.937 752819.764 36.9053404607 36.9072439676 36.919819928 36.9053404607 36.9072439676 36.919819928
29120 262144 414483.35 414653.71 414778.525 36.8082377457 36.819317401 36.8344507928 36.8082377457 36.819317401 36.8344507928
32000 262144 454379.614 454449.868 454679.982 36.8989545706 36.917638625 36.9233466535 36.8989545706 36.917638625 36.9233466535
35200 262144 499822.446 499880.023 500406.219 36.8799125576 36.9187339979 36.922986848 36.8799125576 36.9187339979 36.922986848
38720 262144 550746.456 550890.725 551057.307 36.8390566682 36.8501963071 36.8598492806 36.8390566682 36.8501963071 36.8598492806
42560 262144 605239.09 605298.245 605502.809 36.8515173643 36.8639715451 36.8675745646 36.8515173643 36.8639715451 36.8675745646
46784 262144 665202.266 665460.827 665991.188 36.8297512549 36.8591039424 36.8734309032 36.8297512549 36.8591039424 36.8734309032
51456 262144 730560.103 730834.148 731053.332 36.9025926661 36.913660099 36.9275070144 36.9025926661 36.913660099 36.9275070144
56576 262144 803249.068 803601.175 804111.671 36.8880579125 36.9114914348 36.9276717144 36.8880579125 36.9114914348 36.9276717144
62208 131072 441590.999 441841.726 442216.456 36.8766329944 36.9079084034 36.9288640143 36.8766329944 36.9079084034 36.9288640143
68416 131072 486124.15 486392.591 486628.198 36.8553322181 36.873184822 36.8935464408 36.8553322181 36.873184822 36.8935464408
75200 131072 534272.698 534570.259 535035.321 36.8447241262 36.8767780626 36.8973164337 36.8447241262 36.8767780626 36.8973164337
82688 131072 586953.493 587179.684 587309.503 36.9075640038 36.9157238621 36.9299498691 36.9075640038 36.9157238621 36.9299498691
90944 131072 646016.118 646046.92 646296.051 36.8877759645 36.9020007649 36.9037602495 36.8877759645 36.9020007649 36.9037602495
100032 131072 710512.316 710767.562 710815.222 36.8911466671 36.893620376 36.906874121 36.8911466671 36.893620376 36.906874121
110016 131072 781368.723 781598.995 781680.437 36.8949163096 36.8987607309 36.9096349202 36.8949163096 36.8987607309 36.9096349202
120960 65536 429271.451 429311.47 429533.044 36.9109416411 36.929991924 36.9334347371 36.9109416411 36.929991924 36.9334347371
133056 65536 472449.604 472480.481 472712.112 36.8933132646 36.9114000119 36.9138123608 36.8933132646 36.9114000119 36.9138123608
146304 65536 519217.588 519244.962 519718.807 36.8975638936 36.9312353347 36.9331824098 36.8975638936 36.9312353347 36.9331824098
160896 65536 570984.54 571025.116 571240.795 36.9178124122 36.9317564518 36.9343809414 36.9178124122 36.9317564518 36.9343809414
176960 65536 628248.933 628463.902 628508.739 36.904023255 36.906656128 36.919284541 36.904023255 36.906656128 36.919284541
194624 65536 690904.192 691160.606 691732.152 36.8780847532 36.9085805912 36.9222784047 36.8780847532 36.9085805912 36.9222784047
214080 65536 759966.611 760208.272 760226.541 36.9099107262 36.9107977294 36.9225349559 36.9099107262 36.9107977294 36.9225349559
235456 32768 417912.634 417949.855 418499.992 36.8717914241 36.9203248461 36.9236131205 36.8717914241 36.9203248461 36.9236131205
258944 32768 459469.733 459501.0 459737.32 36.9127178625 36.9317019637 36.9342151728 36.9127178625 36.9317019637 36.9342151728
284800 32768 505408.806 505479.001 506457.941 36.8533125636 36.9246848298 36.9298132095 36.8533125636 36.9246848298 36.9298132095
313280 32768 556141.139 556201.665 556559.52 36.8893484744 36.9130827395 36.9171000673 36.8893484744 36.9130827395 36.9171000673
344576 32768 611540.359 611771.293 612452.289 36.8716602772 36.9127041337 36.9266433583 36.8716602772 36.9127041337 36.9266433583
379008 32768 672543.836 672815.106 673502.748 36.879832134 36.9175246907 36.9324153437 36.879832134 36.9175246907 36.9324153437
416896 32768 739792.686 739885.791 740082.142 36.9171132574 36.9269103264 36.9315576824 36.9171132574 36.9269103264 36.9315576824
458560 16384 406913.0 406990.525 407168.355 36.9038848316 36.9200095752 36.9270435695 36.9038848316 36.9200095752 36.9270435695
504384 16384 447586.448 447775.872 447842.571 36.9050554419 36.9105526794 36.9261736718 36.9050554419 36.9105526794 36.9261736718
554816 16384 492363.409 492508.759 494165.821 36.7896967281 36.9134768789 36.9243740613 36.7896967281 36.9134768789 36.9243740613
610240 16384 541492.233 541593.844 542092.325 36.887340768 36.921291742 36.9282200212 36.887340768 36.921291742 36.9282200212
671232 16384 595550.885 595651.554 596915.682 36.8476333245 36.9258336158 36.9320753776 36.8476333245 36.9258336158 36.9320753776
738304 16384 655058.286 655230.987 655339.12 36.9163761687 36.9224684913 36.9322028116 36.9163761687 36.9224684913 36.9322028116
812096 16384 720643.249 720793.949 721110.813 36.9024583299 36.9186808032 36.9264011908 36.9024583299 36.9186808032 36.9264011908
893248 16384 792592.119 792770.956 793137.286 36.9040152073 36.9210681124 36.9293988198 36.9040152073 36.9210681124 36.9293988198
982528 8192 435858.711 436081.507 436440.359 36.8841662327 36.9145182577 36.9333876913 36.8841662327 36.9145182577 36.9333876913
1080768 8192 479465.135 479504.297 480040.059 36.887135938 36.9283508465 36.9313670993 36.887135938 36.9283508465 36.9313670993
1188800 8192 527389.625 527597.645 527961.872 36.891488255 36.9169562916 36.9315175664 36.891488255 36.9169562916 36.9315175664
1307648 8192 580059.118 580271.354 580327.556 36.9179519575 36.9215276341 36.9350367353 36.9179519575 36.9215276341 36.9350367353
1438400 8192 638097.756 638328.401 639153.407 36.8718140933 36.9194689804 36.9328137866 36.8718140933 36.9194689804 36.9328137866
1582208 8192 701872.798 701941.492 703383.923 36.8545470323 36.9302800411 36.9338944975 36.8545470323 36.9302800411 36.9338944975
1740416 8192 771999.181 772278.831 772919.332 36.8925637689 36.9231611685 36.936536263 36.8925637689 36.9231611685 36.936536263
1914432 4096 424568.637 424867.383 425202.443 36.8836708306 36.9127581253 36.9387316379 36.8836708306 36.9127581253 36.9387316379
2105856 4096 467032.408 467178.04 467316.001 36.9154326303 36.9263340203 36.9378485443 36.9154326303 36.9263340203 36.9378485443
2316416 4096 513715.328 513996.42 514475.369 36.8843311369 36.9187004688 36.9389014454 36.8843311369 36.9187004688 36.9389014454
2548032 4096 565080.703 565337.21 565691.627 36.8990403035 36.9221727754 36.9389328519 36.8990403035 36.9221727754 36.9389328519
2802816 4096 621623.212 621836.632 622349.922 36.8935029319 36.9239563744 36.9366333637 36.8935029319 36.9239563744 36.9366333637
3083072 4096 683803.657 683996.394 684336.675 36.906579388 36.9249400224 36.9353476915 36.906579388 36.9249400224 36.9353476915
3391360 4096 752126.562 752373.157 752432.185 36.9229568775 36.9258536958 36.9379603429 36.9229568775 36.9258536958 36.9379603429
3730496 2048 413600.15 413888.556 414869.229 36.831151958 36.9184201749 36.9441636228 36.831151958 36.9184201749 36.9441636228
4103488 2048 454963.955 455218.594 455738.158 36.8805783605 36.9226720295 36.943337298 36.8805783605 36.9226720295 36.943337298
4513792 2048 500453.534 500494.817 500728.674 36.92317415 36.9404265619 36.9434738211 36.92317415 36.9404265619 36.9434738211
4965120 2048 550516.062 550764.985 551200.81 36.8960479575 36.925244113 36.9419403425 36.8960479575 36.925244113 36.9419403425
5461632 2048 605559.766 605883.924 606767.55 36.8688877182 36.9226576013 36.9424224132 36.8688877182 36.9226576013 36.9424224132
6007744 2048 666147.383 666197.042 666453.745 36.9233718148 36.9375993477 36.9403529189 36.9233718148 36.9375993477 36.9403529189
6608512 2048 732765.852 733029.617 734304.407 36.8627300803 36.9268369575 36.9401290714 36.8627300803 36.9268369575 36.9401290714
7269312 2048 806071.6 806378.395 807260.934 36.8841110698 36.9244788013 36.938532448 36.8841110698 36.9244788013 36.938532448
7996224 1024 443234.237 443276.019 443499.913 36.9250732006 36.9437236622 36.947206206 36.9250732006 36.9437236622 36.947206206
8795840 1024 487607.468 487627.524 488734.395 36.8582209566 36.9418858317 36.9434053049 36.8582209566 36.9418858317 36.9434053049
9675392 1024 536370.936 536429.659 537251.642 36.882535607 36.93905153 36.9430956938 36.882535607 36.93905153 36.9430956938
10642880 1024 590014.426 590251.841 590356.273 36.9211258301 36.9276582062 36.9425174699 36.9211258301 36.9276582062 36.9425174699
11707136 1024 649014.169 649151.154 649413.908 36.9197737108 36.9347175619 36.942513235 36.9197737108 36.9347175619 36.942513235
12877824 1024 714199.945 714291.897 714544.277 36.9099360263 36.9229773749 36.927731144 36.9099360263 36.9229773749 36.927731144
14165568 1024 785844.011 786187.454 786389.356 36.8915004287 36.9009745912 36.9171016867 36.8915004287 36.9009745912 36.9171016867
15582080 512 432360.44 432686.229 432974.753 36.8521485593 36.8767223234 36.904509395 36.8521485593 36.8767223234 36.904509395
17140288 512 476533.75 476694.692 477077.281 36.7899617337 36.8194888816 36.8319241019 36.7899617337 36.8194888816 36.8319241019
18854272 512 524941.322 525379.071 525538.217 36.7371466117 36.7482749004 36.778919317 36.7371466117 36.7482749004 36.778919317
20739648 512 578330.928 578873.955 579215.532 36.6657977535 36.6874331943 36.7218810611 36.6657977535 36.6874331943 36.7218810611
22813568 512 637034.5 637076.307 637336.342 36.6542625809 36.6692237261 36.6716302367 36.6542625809 36.6692237261 36.6716302367
25094912 512 701048.9 701133.54 701335.944 36.6403434871 36.6509208617 36.6553458511 36.6403434871 36.6509208617 36.6553458511
27604352 512 771178.783 771336.613 771522.084 36.6377800898 36.6465897918 36.654089909 36.6377800898 36.6465897918 36.654089909
30364736 256 423854.727 423914.431 423982.897 36.668330119 36.6742523847 36.6794183046 36.668330119 36.6742523847 36.6794183046
33401152 256 466216.627 466272.585 466368.697 36.6692488883 36.6768074602 36.6812096215 36.6692488883 36.6768074602 36.6812096215
36741248 256 512739.083 512850.23 512920.532 36.6753089463 36.6803364327 36.6882876685 36.6753089463 36.6803364327 36.6882876685
40415360 256 564033.527 564148.652 564281.598 36.6708118665 36.6794536274 36.6869402783 36.6708118665 36.6794536274 36.6869402783
44456896 256 620489.623 620521.283 620820.582 36.6642656702 36.681950121 36.6838217889 36.6642656702 36.681950121 36.6838217889
48902528 256 682506.337 682631.58 682757.245 36.6720302411 36.6787811604 36.6855118827 36.6720302411 36.6787811604 36.6855118827
53792768 256 750617.631 750980.866 751157.819 36.6659262799 36.6745658417 36.6923132079 36.6659262799 36.6745658417 36.6923132079
59172032 128 412978.161 413043.362 413206.874 36.6597003708 36.6742128929 36.6800030184 36.6597003708 36.6742128929 36.6800030184
65089216 128 454361.808 454523.668 454567.376 36.6564786119 36.6600035798 36.6730631902 36.6564786119 36.6600035798 36.6730631902
71598080 128 499898.075 500039.886 500113.059 36.6499297512 36.655292894 36.6656912612 36.6499297512 36.655292894 36.6656912612
78757888 128 549891.928 550110.914 550275.13 36.6398883555 36.6508258878 36.6654215153 36.6398883555 36.6508258878 36.6654215153
86633664 128 605068.641 605108.859 605236.362 36.6438954704 36.6516167366 36.6540529143 36.6438954704 36.6516167366 36.6540529143
95297024 128 665590.279 665799.492 665988.638 36.6313128363 36.6417193722 36.6532368541 36.6313128363 36.6417193722 36.6532368541
104826688 128 732154.756 732495.525 732651.247 36.6281122674 36.6358990767 36.6529506338 36.6281122674 36.6358990767 36.6529506338
115309312 128 805580.89 805805.358 806104.731 36.6195392941 36.6331441941 36.6433516962 36.6195392941 36.6331441941 36.6433516962
126840192 64 444332.498 444510.104 444662.188 36.5120871847 36.5245793738 36.5391787661 36.5120871847 36.5245793738 36.5391787661
139524160 64 488882.931 489027.005 489169.776 36.5089859517 36.5196447178 36.530407072 36.5089859517 36.5196447178 36.530407072
153476544 64 538064.415 538182.091 538250.401 36.4978783026 36.5025108797 36.5104940679 36.4978783026 36.5025108797 36.5104940679
168824192 64 591906.967 592132.374 592301.884 36.4839234177 36.4943676868 36.5082652862 36.4839234177 36.4943676868 36.5082652862
185706560 64 651277.591 651404.557 651620.495 36.4789626207 36.4910552506 36.4981691501 36.4789626207 36.4910552506 36.4981691501
204277184 64 716429.576 716724.604 716773.156 36.4794347181 36.4819058898 36.4969292558 36.4794347181 36.4819058898 36.4969292558
224704896 64 788282.961 788557.204 788684.808 36.4685948002 36.4744961331 36.4871855806 36.4685948002 36.4744961331 36.4871855806
247175360 32 437066.075 437154.235 437441.749 36.1630390244 36.1868232616 36.1941224562 36.1630390244 36.1868232616 36.1941224562
271892864 32 480975.608 481098.471 481523.763 36.1376626308 36.169608396 36.1788477556 36.1376626308 36.169608396 36.1788477556
299082112 32 529462.221 529530.473 529842.214 36.1263309382 36.1475989466 36.152258667 36.1263309382 36.1475989466 36.152258667
328990272 32 582579.528 582807.511 582908.472 36.1212410171 36.1274983774 36.1416362849 36.1212410171 36.1274983774 36.1416362849
361889280 32 641194.933 641266.458 641644.13 36.0961985579 36.1174573082 36.121486194 36.0961985579 36.1174573082 36.121486194
398078208 32 705457.496 705837.567 705851.714 36.0939908577 36.0947142843 36.1141606071 36.0939908577 36.0947142843 36.1141606071
437886016 32 776166.534 776696.714 776766.951 36.0786526614 36.0819152687 36.106561925 36.0786526614 36.0819152687 36.106561925
481674560 16 434650.008 435246.764 435605.966 35.3842397099 35.4134417413 35.4620628927 35.3842397099 35.4134417413 35.4620628927
529841984 16 478591.861 478955.823 479228.255 35.3796824605 35.3998065663 35.4267275933 35.3796824605 35.3998065663 35.4267275933
582826176 16 526735.026 527183.519 527608.183 35.3490302708 35.3775050999 35.4076275763 35.3490302708 35.3775050999 35.4076275763
641108736 16 579690.789 580435.238 580655.843 35.3315648147 35.3449932204 35.3903838758 35.3315648147 35.3449932204 35.3903838758
705219584 16 638218.146 638420.392 638945.164 35.3191916294 35.3482234759 35.3594250327 35.3191916294 35.3482234759 35.3594250327
775741504 16 702105.445 702667.356 702881.975 35.3170646153 35.3278516727 35.3561253581 35.3170646153 35.3278516727 35.3561253581
853315648 16 772735.33 773221.409 773589.852 35.2979045232 35.3147241116 35.3369383745 35.2979045232 35.3147241116 35.3369383745
938647168 8 441330.785 441891.46 442270.303 33.9574115335 33.9865239487 34.0297010733 33.9574115335 33.9865239487 34.0297010733
1032511872 8 486349.864 486854.165 487288.204 33.9022980987 33.9325225902 33.9677075596 33.9022980987 33.9325225902 33.9677075596
1135763008 8 535099.919 536128.373 536453.052 33.8747408748 33.8952553962 33.9604015675 33.8747408748 33.8952553962 33.9604015675
1249339264 8 589418.215 589894.826 590923.323 33.8274484116 33.8864274494 33.9138284418 33.8274484116 33.8864274494 33.9138284418
1374273152 8 649652.678 650087.376 650455.244 33.8045863029 33.8237154631 33.8463477126 33.8045863029 33.8237154631 33.8463477126
1511700416 8 714122.181 715193.647 716332.096 33.7653537948 33.8191016621 33.869843704 33.7653537948 33.8191016621 33.869843704
1662870400 8 785989.944 787588.909 788504.666 33.7422561302 33.7814894242 33.8502122109 33.7422561302 33.7814894242 33.8502122109
1829157440 8 866037.72 866992.402 867520.532 33.7358229119 33.7563731499 33.7935846951 33.7358229119 33.7563731499 33.7935846951
2012073152 4 515220.589 516346.691 516641.016 31.1562278594 31.1739873549 31.2421233927 31.1562278594 31.1739873549 31.2421233927
2213280448 4 567558.743 568303.433 569384.026 31.0971906051 31.1563199443 31.1971999416 31.0971906051 31.1563199443 31.1971999416
2434608448 4 623520.392 624987.082 626961.252 31.0655044819 31.1636322493 31.2369376109 31.0655044819 31.1636322493 31.2369376109
2678069248 4 686841.107 688449.547 689613.391 31.0674854398 31.1200059283 31.1928825541 31.0674854398 31.1200059283 31.1928825541
2945876160 4 756518.747 758349.401 758714.96 31.0617432402 31.0767164172 31.1519170853 31.0617432402 31.0767164172 31.1519170853
3240463744 4 832470.219 833308.467 834396.227 31.0688245142 31.1093802339 31.1407055296 31.0688245142 31.1093802339 31.1407055296
3564510080 4 916637.579 919417.449 920246.308 30.987443679 31.0153790001 31.109438772 30.987443679 31.0153790001 31.109438772
3920961088 2 583450.846 585773.854 587337.043 26.7033120743 26.7745722089 26.8811750973 26.7033120743 26.7745722089 26.8811750973
4313057152 2 644998.066 646243.211 648006.415 26.6235460154 26.6961854521 26.7477214544 26.6235460154 26.6961854521 26.7477214544
4744362816 2 713655.135 718296.579 721018.599 26.3203352733 26.4200774705 26.591907398 26.3203352733 26.4200774705 26.591907398
5218799040 2 792234.728 795370.152 801432.941 26.0473398235 26.2458882918 26.3497615318 26.0473398235 26.2458882918 26.3497615318
5740678912 2 880698.055 884762.521 890682.38 25.7810372851 25.9535356697 26.0733125475 25.7810372851 25.9535356697 26.0733125475
6314746752 2 969459.599 977592.308 984109.421 25.6668480852 25.8379559672 26.0547082458 25.6668480852 25.8379559672 26.0547082458
6946221376 2 1078479.867 1082190.451 1083673.769 25.6395294403 25.674672585 25.7630080581 25.6395294403 25.674672585 25.7630080581
7640843456 1 594660.4 596188.561 599168.357 25.5048297085 25.6323047969 25.6981748104 25.5048297085 25.6323047969 25.6981748104
8404927744 1 654634.037 665619.046 668436.252 25.1480308522 25.2544688873 25.6782485143 25.1480308522 25.2544688873 25.6782485143
9245420480 1 724275.175 733817.736 744903.889 24.8231231345 25.1981385198 25.5301321904 24.8231231345 25.1981385198 25.5301321904
10169962496 1 806282.63 811835.481 818737.916 24.843023139 25.0542449401 25.226792982 24.843023139 25.0542449401 25.226792982
11186958720 1 883405.423 897817.57 905309.646 24.7141047694 24.9203381484 25.3268961877 24.7141047694 24.9203381484 25.3268961877
12305654592 1 977081.7 989927.257 992472.418 24.7979779968 24.8617350517 25.1885888191 24.7979779968 24.8617350517 25.1885888191
13536220032 1 1071857.723 1092147.218 1098563.084 24.6435006403 24.7882699492 25.2574940527 24.6435006403 24.7882699492 25.2574940527
14889841984 1 1194593.4 1202788.353 1209436.094 24.622784218 24.7588729087 24.9287196531 24.622784218 24.7588729087 24.9287196531

META_DATA
HOSTNAME  ('qiang-gpu6', [], ['127.0.1.1'])
OPENMP_THREADS 8
TIMESTAMP_DATA  1614745222.68
TIMESTAMP_DATA  1614745705.98
MPI_PROCS      1
CONFIG  {'ERT_WORKING_SET_MIN': ['1'], 'ERT_CFLAGS': ['-O3'], 'ERT_CC': ['gcc'], 'ERT_MPI_CFLAGS': [], 'ERT_MPI_LDFLAGS': [], 'ERT_MEMORY_MAX': ['15000000000'], 'ERT_PROCS_THREADS': ['8,10'], 'ERT_LDFLAGS': [], 'ERT_LDLIBS': [], 'ERT_SPEC_GBYTES_DRAM': ['1.0'], 'ERT_RUN': ['export', 'KMP_AFFINITY=scatter;', 'export', 'OMP_NUM_THREADS=ERT_OPENMP_THREADS;', 'ERT_CODE'], 'ERT_FLOPS': ['1,2,4,8,16'], 'ERT_OPENMP_CFLAGS': ['-fopenmp'], 'ERT_SPEC_GFLOPS': ['1.0'], 'ERT_MPI': ['False'], 'ERT_TRIALS_MIN': ['1'], 'ERT_DRIVER': ['driver1'], 'ERT_RESULTS': ['Results.x86'], 'ERT_OPENMP': ['True'], 'ERT_MPI_PROCS': ['1'], 'ERT_KERNEL': ['kernel1'], 'ERT_OPENMP_THREADS': ['8,10'], 'ERT_LD': ['gcc'], 'ERT_NUM_EXPERIMENTS': ['6'], 'ERT_OPENMP_LDFLAGS': ['-fopenmp'], 'ERT_ALIGN': ['32'], 'ERT_GNUPLOT': ['gnuplot']}
UNAME  ('Linux', 'qiang-gpu6', '5.4.0-65-generic', '#73-Ubuntu SMP Mon Jan 18 17:25:17 UTC 2021', 'x86_64', 'x86_64')
FLOPS          16
TIMESTAMP_DATA  1614745464.3
TIMESTAMP_DATA  1614744981.11
TIMESTAMP_DATA  1614745947.47
ERT_VERSION  1.0.0
TIMESTAMP_DATA  1614746189.02
