64 134217728 1930720.919 1931135.861 1931292.717 8.89552838509 8.89625092204 8.89816286494 4.44776419255 4.44812546102 4.44908143247
128 67108864 965233.092 965563.782 965624.107 17.791466741 17.7925782887 17.7986740471 8.8957333705 8.89628914437 8.89933702356
192 67108864 970612.523 970913.162 971358.893 26.5296420939 26.5418214363 26.5500425405 13.2648210469 13.2709107182 13.2750212703
256 33554432 485693.46 486114.742 486379.634 35.3219336976 35.3411812061 35.3718355277 17.6609668488 17.6705906031 17.6859177639
320 33554432 488546.333 488762.272 488826.493 43.9314087668 43.9371811415 43.9566015123 21.9657043834 21.9685905708 21.9783007562
384 33554432 488635.266 488679.558 488773.893 52.7233637988 52.7335415491 52.7383215439 26.3616818994 26.3667707746 26.369160772
448 16777216 246566.977 246587.806 246910.078 60.8820249775 60.9615932752 60.9667430688 30.4410124888 30.4807966376 30.4833715344
512 16777216 246555.786 246571.65 246958.835 69.5657200683 69.6749572954 69.6794403519 34.7828600341 34.8374786477 34.8397201759
576 16777216 250566.389 250595.423 250901.859 77.0315250315 77.1257216138 77.1346584398 38.5157625157 38.5628608069 38.5673292199
640 16777216 250493.234 250534.183 250873.23 85.6003507429 85.7161933867 85.7302057109 42.8001753714 42.8580966933 42.8651028554
704 16777216 263324.678 263342.551 263681.735 89.586486254 89.7018732381 89.7079616974 44.793243127 44.8509366191 44.8539808487
768 16777216 263188.847 263291.685 263497.112 97.7991886909 97.8754941539 97.913737872 48.8995943455 48.937747077 48.956868936
832 16777216 293293.412 293427.886 293599.524 95.0862829873 95.1419028524 95.1855250809 47.5431414936 47.5709514262 47.5927625405
896 8388608 145242.616 145259.509 145332.024 103.434777293 103.486412969 103.498449353 51.7173886466 51.7432064843 51.7492246766
960 8388608 167145.618 167181.761 167255.021 96.296824237 96.339022054 96.3598540765 48.1484121185 48.169511027 48.1799270382
1024 8388608 165535.46 165545.168 165896.629 103.557674966 103.777533295 103.783619437 51.7788374832 51.8887666477 51.8918097186
1088 8388608 187576.605 187590.695 187596.009 97.3027683547 97.3055247117 97.3128339112 48.6513841774 48.6527623558 48.6564169556
1152 8388608 185781.964 185806.26 186137.387 103.833803319 104.018846469 104.032449738 51.9169016593 52.0094232347 52.0162248688
1216 8388608 207902.4 207969.127 208365.616 97.9100825157 98.0967461387 98.1282306313 48.9550412579 49.0483730693 49.0641153156
1280 8388608 206034.095 206046.708 206379.009 104.055332875 104.223147695 104.22952803 52.0276664377 52.1115738476 52.1147640152
1408 8388608 226268.819 226290.853 226629.368 104.233270103 104.389195652 104.399361045 52.1166350515 52.1945978258 52.1996805225
1536 8388608 246495.125 246517.688 246845.779 104.39637202 104.535313409 104.544882078 52.1981860099 52.2676567046 52.2724410391
1664 8388608 266735.506 266759.564 267083.531 104.526427816 104.653370269 104.662809397 52.2632139082 52.3266851343 52.3314046987
1792 4194304 143485.897 143493.474 143572.304 104.702544413 104.760064113 104.765596134 52.3512722064 52.3800320564 52.3827980669
1920 4194304 153607.903 153614.684 153616.535 104.846313322 104.847576681 104.852205163 52.4231566608 52.4237883404 52.4261025815
2112 4194304 175299.75 175315.552 175511.659 100.943380041 101.056294743 101.065404235 50.4716900203 50.5281473717 50.5327021174
2304 4194304 183967.771 184059.936 184157.201 104.950296416 105.00575656 105.058362815 52.4751482078 52.5028782798 52.5291814075
2496 4194304 205954.465 206025.591 206224.689 101.52986856 101.627984496 101.663081536 50.76493428 50.8139922482 50.831540768
2688 4194304 221016.059 221665.381 222299.986 101.433107171 101.723499638 102.022352611 50.7165535854 50.8617498192 51.0111763055
2944 4194304 242193.168 242686.958 242695.705 101.757309434 101.760977003 101.968450043 50.878654717 50.8804885016 50.9842250216
3200 4194304 263060.739 263080.247 263440.437 101.896071483 102.035580041 102.043146773 50.9480357414 51.0177900205 51.0215733865
3520 4194304 293658.586 293821.242 293861.087 100.482511861 100.496138261 100.551802562 50.2412559306 50.2480691304 50.2759012808
3840 2097152 157563.232 157568.029 157929.414 101.983075553 102.216975501 102.220087488 50.9915377765 51.1084877504 51.1100437442
4224 2097152 172303.685 172328.061 172661.461 102.609696416 102.80821355 102.822757946 51.3048482081 51.4041067752 51.4113789731
4608 2097152 188140.62 188148.045 188319.339 102.630738482 102.724175699 102.728229725 51.315369241 51.3620878495 51.3641148626
5056 2097152 208120.298 208186.461 208383.735 101.766104845 101.8625367 101.894919562 50.8830524225 50.9312683499 50.9474597812
5504 2097152 223257.615 223292.461 223616.159 103.236945484 103.386603885 103.402740444 51.6184727419 51.6933019427 51.701370222
6016 2097152 243638.052 243681.167 243997.873 103.414560765 103.548965949 103.567290318 51.7072803827 51.7744829743 51.783645159
6592 2097152 269212.788 269299.759 269555.174 102.572143423 102.669427075 102.702595123 51.2860717116 51.3347135376 51.3512975617
7232 1048576 147037.966 147045.14 147389.374 102.90160581 103.142499398 103.147531733 51.4508029052 51.5712496992 51.5737658667
7936 1048576 160311.573 160319.61 160404.745 103.756271499 103.811369501 103.816573941 51.8781357497 51.9056847506 51.9082869706
8704 1048576 175597.611 175625.25 175953.736 103.740968637 103.935003697 103.951363029 51.8704843187 51.9675018484 51.9756815143
9536 1048576 192901.666 192911.37 193253.908 103.482727356 103.666473739 103.671688725 51.7413636779 51.8332368693 51.8358443623
10432 1048576 211037.905 211057.509 211387.68 103.494629696 103.656533083 103.666162076 51.7473148482 51.8282665413 51.8330810382
11456 1048576 231420.626 231440.345 231774.179 103.656815507 103.80633209 103.815177269 51.8284077537 51.9031660448 51.9075886347
12544 1048576 252027.257 252036.698 252384.565 104.232502047 104.376366207 104.38027617 52.1162510235 52.1881831034 52.1901380849
13760 1048576 277287.214 277307.791 277620.143 103.943507874 104.060587032 104.068309186 51.9717539372 52.030293516 52.0341545932
15104 524288 151489.073 151495.15 151574.275 104.487993784 104.542567231 104.546760967 52.243996892 52.2712836154 52.2733804834
16576 524288 166661.261 166689.974 166947.98 104.111447027 104.27259276 104.290557216 52.0557235134 52.1362963798 52.145278608
18176 524288 182069.561 182093.119 182424.231 104.475799468 104.665774746 104.679317462 52.2378997338 52.3328873729 52.3396587308
19968 524288 199895.972 199913.018 200171.246 104.600265954 104.735378303 104.744309545 52.3001329771 52.3676891517 52.3721547726
21952 524288 220168.106 220212.683 220523.839 104.380281317 104.527768512 104.548932042 52.1901406587 52.2638842559 52.274466021
24128 524288 241675.843 241754.49 242371.519 104.38537429 104.651796655 104.68585281 52.1926871449 52.3258983277 52.3429264049
26496 524288 264733.343 264757.542 265105.623 104.80000153 104.937783778 104.947376032 52.400000765 52.468891889 52.4736880159
29120 262144 145755.33 145809.696 146116.356 104.487047022 104.706799197 104.745854303 52.2435235108 52.3533995983 52.3729271513
32000 262144 159822.787 159831.652 160168.278 104.747433196 104.968044752 104.973867087 52.3737165982 52.4840223762 52.4869335435
35200 262144 175675.959 175681.45 175717.102 105.026416837 105.047730423 105.051013838 52.5132084184 52.5238652117 52.5255069192
38720 262144 193444.598 193460.028 193820.08 104.738535656 104.933466463 104.941836422 52.3692678282 52.4667332313 52.4709182109
42560 262144 212560.215 212630.604 213357.306 104.583703733 104.941136695 104.975887797 52.2918518666 52.4705683477 52.4879438986
46784 262144 233646.41 233686.506 234419.793 104.634039123 104.962371221 104.980383786 52.3170195616 52.4811856103 52.490191893
51456 262144 256640.265 256807.928 257157.076 104.907723123 105.050352371 105.118981731 52.4538615613 52.5251761854 52.5594908656
56576 262144 282122.013 282277.069 282470.573 105.009585859 105.081571072 105.139324552 52.5047929294 52.5407855358 52.5696622759
62208 131072 155068.979 155083.496 155422.196 104.923584737 105.152736252 105.162580273 52.4617923684 52.5763681262 52.5812901367
68416 131072 170609.164 170617.761 170647.299 105.098902878 105.117098002 105.122394856 52.549451439 52.5585490012 52.5611974278
75200 131072 187530.524 187709.315 187931.269 104.895948955 105.01998156 105.120107274 52.4479744773 52.5099907802 52.5600536369
82688 131072 206028.775 206063.958 206199.143 105.122469263 105.191433196 105.209396464 52.5612346313 52.5957165979 52.6046982321
90944 131072 226660.992 226745.215 227055.221 104.998351639 105.141905358 105.180974131 52.4991758194 52.5709526792 52.5904870654
100032 131072 249314.42 249357.043 249653.799 105.036609549 105.16161201 105.179590527 52.5183047745 52.5808060051 52.5897952633
110016 131072 274161.171 274438.011 274717.289 104.980776452 105.087608669 105.193723089 52.490388226 52.5438043347 52.5968615446
120960 65536 150602.021 150614.295 161381.597 98.2421131946 105.26536754 105.273946623 49.1210565973 52.6326837702 52.6369733113
133056 65536 165736.195 165801.365 166086.094 105.005275348 105.185599841 105.226960423 52.5026376742 52.5927999206 52.6134802117
146304 65536 182135.079 182190.26 182482.783 105.085847403 105.25457227 105.286460979 52.5429237015 52.6272861348 52.6432304894
160896 65536 200285.959 200309.678 203530.107 103.615926031 105.281785296 105.294253363 51.8079630155 52.6408926482 52.6471266815
176960 65536 220340.445 220370.579 220737.646 105.077233269 105.252258379 105.266652793 52.5386166345 52.6261291894 52.6333263963
194624 65536 242310.31 242332.397 242661.851 105.12471088 105.267629272 105.277224597 52.56235544 52.633814636 52.6386122984
214080 65536 266514.468 266526.248 266933.029 105.119601966 105.28003891 105.284692312 52.5598009829 52.640019455 52.6423461559
235456 32768 146566.49 146585.066 146649.427 105.222671044 105.268871087 105.282212981 52.611335522 52.6344355434 52.6411064903
258944 32768 161131.502 161137.986 161300.394 105.208385195 105.314422783 105.31866068 52.6041925973 52.6572113915 52.65933034
284800 32768 177361.878 177403.408 177734.622 105.01416432 105.210226852 105.234862252 52.5070821598 52.605113426 52.6174311258
313280 32768 195139.386 195186.953 195243.318 105.156572273 105.186938801 105.212579074 52.5782861363 52.5934694006 52.6062895371
344576 32768 214655.025 214677.097 214978.997 105.043437039 105.191159428 105.201975756 52.5217185193 52.5955797138 52.6009878781
379008 32768 236046.998 236108.509 236405.586 105.068026134 105.200225071 105.227638981 52.5340130668 52.6001125355 52.6138194903
416896 32768 259636.261 259648.402 259902.523 105.122858911 105.225743912 105.230664433 52.5614294556 52.612871956 52.6153322166
458560 16384 142746.867 142774.372 142799.475 105.225135316 105.243636302 105.263915039 52.6125676582 52.6218181509 52.6319575196
504384 16384 157018.751 157032.694 157072.538 105.223071598 105.249769911 105.259115913 52.6115357988 52.6248849555 52.6295579564
554816 16384 172713.631 172729.329 173045.829 105.060091844 105.252598347 105.262164791 52.5300459221 52.6262991735 52.6310823956
610240 16384 189974.89 189995.778 190229.097 105.117169956 105.246256156 105.257828127 52.5585849782 52.6231280781 52.6289140633
671232 16384 208972.359 209040.69 209313.192 105.081433071 105.218415496 105.252820427 52.5407165354 52.609207748 52.6264102134
738304 16384 229855.927 229871.759 230227.299 105.082001905 105.244531026 105.251780051 52.5410009523 52.6222655128 52.6258900255
812096 16384 252757.07 252837.134 253073.729 105.150233622 105.248629056 105.281967891 52.5751168111 52.6243145281 52.6409839456
893248 16384 278021.224 278048.514 278338.822 105.159424954 105.269220982 105.279553995 52.5797124772 52.634610491 52.6397769977
982528 8192 152923.169 152939.253 153014.905 105.203730003 105.255769439 105.266839925 52.6018650013 52.6278847197 52.6334199627
1080768 8192 168183.788 168191.575 168526.007 105.071633911 105.280558268 105.285432815 52.5358169555 52.6402791341 52.6427164074
1188800 8192 184982.784 184991.95 185064.5 105.246004501 105.287279798 105.292496841 52.6230022506 52.6436398989 52.6462484206
1307648 8192 203512.007 203536.477 203847.485 105.100658132 105.261254139 105.273910605 52.5503290659 52.6306270694 52.6369553026
1438400 8192 223816.688 223821.485 224163.606 105.131899065 105.292597804 105.294854511 52.5659495324 52.646298902 52.6474272553
1582208 8192 246222.292 246242.097 246397.673 105.207551502 105.274021736 105.282489499 52.6037757508 52.6370108682 52.6412447497
1740416 8192 270852.373 270873.9 271190.182 105.147522428 105.270296415 105.278663163 52.5737612138 52.6351482073 52.6393315816
1914432 4096 148929.221 148938.837 149298.362 105.044869441 105.298438338 105.305237204 52.5224347203 52.6492191691 52.652618602
2105856 4096 163854.307 163870.938 164199.107 105.062522368 105.272921255 105.28360632 52.531261184 52.6364606273 52.6418031599
2316416 4096 180235.433 180245.382 180589.301 105.078649549 105.279145915 105.284957326 52.5393247743 52.6395729573 52.6424786629
2548032 4096 198213.003 198216.425 198304.066 105.259960449 105.306500932 105.30831897 52.6299802244 52.653250466 52.6541594852
2802816 4096 218073.784 218086.283 218426.131 105.118689632 105.282498084 105.288532399 52.5593448158 52.6412490418 52.6442661994
3083072 4096 239825.071 239835.993 240237.282 105.131583299 105.307487455 105.312283318 52.5657916493 52.6537437273 52.6561416592
3391360 4096 263862.852 263882.168 264241.85 105.138611162 105.281919315 105.289626446 52.5693055812 52.6409596574 52.6448132229
3730496 2048 145076.468 145080.601 145085.303 105.318121822 105.321535138 105.324535582 52.6590609112 52.6607675688 52.6622677911
4103488 2048 159581.696 159590.108 159599.063 105.313192522 105.319101908 105.324653574 52.6565962608 52.6595509541 52.6623267872
4513792 2048 175580.282 175649.205 175934.235 105.087517685 105.258045614 105.299364037 52.5437588426 52.6290228071 52.6496820184
4965120 2048 193129.564 193149.108 193626.137 105.032986946 105.292391617 105.303046819 52.5164934732 52.6461958085 52.6515234094
5461632 2048 212440.31 212484.738 212985.66 105.034511112 105.282124648 105.304142477 52.5172555561 52.6410623242 52.6520712383
6007744 2048 233656.388 233848.394 233993.148 105.164273545 105.22937106 105.315842784 52.5821367727 52.61468553 52.6579213918
6608512 2048 257118.774 257169.603 257508.077 105.116955815 105.255305589 105.276113179 52.5584779075 52.6276527946 52.6380565894
7269312 2048 282827.527 282961.06 283132.123 105.163277259 105.226853306 105.276534671 52.5816386295 52.6134266531 52.6382673353
7996224 1024 155512.215 155539.951 155561.865 105.271730652 105.28656237 105.305340497 52.635865326 52.643281185 52.6526702484
8795840 1024 171096.289 171126.666 171442.175 105.072630582 105.26635469 105.285044026 52.5363152911 52.6331773448 52.6425220129
9675392 1024 188298.128 188317.112 188728.09 104.99339455 105.222529199 105.233137612 52.4966972749 52.6112645993 52.6165688062
10642880 1024 207061.635 207143.174 207687.462 104.949128995 105.224892615 105.266329226 52.4745644973 52.6124463073 52.633164613
11707136 1024 227821.504 227869.172 228207.197 105.063358401 105.219211171 105.241226605 52.5316792003 52.6096055854 52.6206133026
12877824 1024 250698.128 250759.608 251065.225 105.047537157 105.175565404 105.201358153 52.5237685785 52.5877827022 52.6006790765
14165568 1024 275886.367 276014.138 276352.895 104.978394614 105.107236442 105.15591466 52.4891973069 52.5536182208 52.5779573298
15582080 512 151907.45 152011.391 152110.195 104.897965058 104.966146386 105.037968316 52.4489825288 52.4830731929 52.5189841578
17140288 512 167596.837 167717.992 167979.598 104.486825311 104.649803534 104.725454407 52.2434126554 52.3249017672 52.3627272035
18854272 512 185153.326 185240.073 185531.747 104.061837611 104.225690561 104.274521798 52.0309188055 52.1128452805 52.1372608991
20739648 512 204969.889 205147.236 205256.017 103.467853768 103.522718444 103.612289862 51.7339268841 51.761359222 51.8061449309
22813568 512 228225.796 228562.783 229269.462 101.89361212 102.208650618 102.359566891 50.94680606 51.1043253092 51.1797834457
25094912 512 258777.126 259194.518 259443.917 99.0471859396 99.1424899195 99.3024008158 49.5235929698 49.5712449597 49.6512004079
27604352 512 297658.549 298214.65 298340.654 94.7469145388 94.7869477506 94.9640335981 47.3734572694 47.3934738753 47.4820167991
30364736 256 173554.116 174424.878 174501.759 89.0921955234 89.1314645609 89.5786581748 44.5460977617 44.5657322805 44.7893290874
33401152 256 201949.518 203239.22 203747.382 83.9342800684 84.1441421789 84.6815084946 41.9671400342 42.0720710894 42.3407542473
36741248 256 232979.792 233536.316 235070.284 80.0250829492 80.5507224667 80.7431357652 40.0125414746 40.2753612333 40.3715678826
40415360 256 266945.83 267801.285 269059.354 76.9074332944 77.2687267725 77.5163422482 38.4537166472 38.6343633863 38.7581711241
44456896 256 302697.028 305078.298 305617.861 74.4784047553 74.6101276335 75.1970737949 37.2392023776 37.3050638168 37.5985368974
48902528 256 342713.726 344475.974 345960.518 72.3726929326 72.684588261 73.0583353875 36.1863464663 36.3422941305 36.5291676937
53792768 256 389565.97 390510.343 391047.372 70.4311016723 70.5279583747 70.6989299296 35.2155508361 35.2639791874 35.3494649648
59172032 128 220348.417 221109.611 221641.035 68.3449262543 68.5091892817 68.7458543984 34.1724631271 34.2545946408 34.3729271992
65089216 128 247925.698 248251.925 249821.081 66.6990921235 67.1206851508 67.2090042719 33.3495460617 33.5603425754 33.604502136
71598080 128 277075.542 279187.007 279508.917 65.576113552 65.6517245446 66.1520260781 32.788056776 32.8258622723 33.0760130391
78757888 128 311295.328 312143.415 312687.804 64.479711297 64.5921661618 64.7681398161 32.2398556485 32.2960830809 32.384069908
86633664 128 347075.832 349334.272 349920.854 63.3806694585 63.4870946301 63.9002083671 31.6903347292 31.743547315 31.9501041836
95297024 128 388495.215 389217.045 389984.751 62.5563899138 62.6797784357 62.7962384144 31.2781949569 31.3398892179 31.3981192072
104826688 128 432442.067 432761.164 434154.071 61.8113105935 62.0102596082 62.0560166918 30.9056552967 31.0051298041 31.0280083459
115309312 128 481430.561 482613.442 483014.364 61.1145052241 61.1652749448 61.3155588018 30.5572526121 30.5826374724 30.6577794009
126840192 64 270883.956 272120.835 272543.14 59.570549367 59.6629970506 59.9354233294 29.7852746835 29.8314985253 29.9677116647
139524160 64 301009.112 301722.144 302450.183 59.048046534 59.1905262346 59.3307370708 29.524023267 29.5952631173 29.6653685354
153476544 64 333870.219 334803.5 335699.299 58.5196266138 58.6762015092 58.8402214814 29.2598133069 29.3381007546 29.4201107407
168824192 64 370807.169 371179.532 372045.914 58.0828756958 58.218448791 58.2769115125 29.0414378479 29.1092243955 29.1384557562
185706560 64 410196.994 410673.65 412643.139 57.60531906 57.8815798871 57.9488392838 28.80265953 28.9407899435 28.9744196419
204277184 64 454151.06 455428.848 456926.267 57.2247240757 57.4128750667 57.574410488 28.6123620378 28.7064375334 28.787205244
224704896 64 503216.87 503518.882 505571.87 56.8904806511 57.1224391303 57.1567218881 28.4452403256 28.5612195651 28.5783609441
247175360 32 286917.691 287974.935 289826.569 54.5816868846 54.932638634 55.1350562765 27.2908434423 27.466319317 27.5675281382
271892864 32 317851.974 319029.329 320235.855 54.3385227616 54.544023744 54.7460601771 27.1692613808 27.272011872 27.3730300885
299082112 32 351956.991 352819.689 354687.977 53.9664618178 54.2522307138 54.3852108566 26.9832309089 27.1261153569 27.1926054283
328990272 32 389266.404 390557.705 392787.405 53.6050218005 53.911053702 54.0898911173 26.8025109003 26.955526851 27.0449455587
361889280 32 430428.471 431686.366 433900.243 53.3784303965 53.6521783966 53.8089728735 26.6892151983 26.8260891983 26.9044864367
398078208 32 474743.531 476167.81 478361.292 53.2589190181 53.5042579044 53.6647761336 26.629459509 26.7521289522 26.8323880668
437886016 32 525499.217 526953.358 527901.487 53.0869976958 53.1825152996 53.329679888 26.5434988479 26.5912576498 26.664839944
481674560 16 306461.596 308299.964 308947.548 49.8906238932 49.9954191367 50.2953261393 24.9453119466 24.9977095683 25.1476630697
529841984 16 338382.682 339708.284 340955.856 49.7276793744 49.9103033001 50.1058251202 24.8638396872 24.9551516501 25.0529125601
582826176 16 373415.141 374488.827 376566.371 49.5276239949 49.8023873807 49.9455849114 24.7638119974 24.9011936904 24.9727924557
641108736 16 411865.581 413310.721 414174.613 49.5334067035 49.6369402235 49.811104638 24.7667033518 24.8184701117 24.905552319
705219584 16 455112.243 455631.795 456628.344 49.4209940853 49.5290867223 49.5856286775 24.7104970426 24.7645433612 24.7928143388
775741504 16 500924.727 502496.012 502741.71 49.3767030549 49.4008460469 49.5558050741 24.6883515275 24.7004230235 24.777902537
853315648 16 551151.964 552907.924 553935.669 49.2947146467 49.3863436401 49.5436876208 24.6473573234 24.6931718201 24.7718438104
938647168 8 339106.759 340328.096 343682.984 43.698278318 44.1290474237 44.2879839148 21.849139159 22.0645237118 22.1439919574
1032511872 8 373800.73 375567.359 377918.151 43.7136716199 43.9872889806 44.1951784096 21.8568358099 21.9936444903 22.0975892048
1135763008 8 412906.969 413922.339 415801.374 43.7040598331 43.9024580599 44.0104175815 21.8520299166 21.9512290299 22.0052087907
1249339264 8 456473.826 457429.627 458773.516 43.5714519842 43.699461172 43.79096256 21.7857259921 21.849730586 21.89548128
1374273152 8 503785.734 504076.756 505594.397 43.4901386615 43.6210758982 43.6462744934 21.7450693307 21.8105379491 21.8231372467
1511700416 8 553788.826 556530.94 556566.069 43.4579253088 43.4606684329 43.6758661794 21.7289626544 21.7303342165 21.8379330897
1662870400 8 611756.121 613390.764 615484.091 43.2276427434 43.3751663075 43.4910669247 21.6138213717 21.6875831538 21.7455334623
1829157440 8 674574.524 676679.554 676984.74 43.2306923787 43.2501896459 43.3851531577 21.6153461893 21.6250948229 21.6925765788
2012073152 4 447109.028 448468.32 449431.295 35.8154525399 35.8923573821 36.0014766152 17.9077262699 17.9461786911 18.0007383076
2213280448 4 492680.254 495193.949 495473.493 35.7360057282 35.7561792097 35.938610164 17.8680028641 17.8780896048 17.969305082
2434608448 4 542747.314 543858.488 544678.971 35.7584350067 35.8123813708 35.885700549 17.8792175033 17.9061906854 17.9428502745
2678069248 4 598254.784 599605.98 600167.341 35.6976338438 35.7310545569 35.8117553875 17.8488169219 17.8655272784 17.9058776937
2945876160 4 658432.694 659526.605 661300.75 35.637354532 35.7332200116 35.7925866907 17.818677266 17.8666100058 17.8962933454
3240463744 4 726030.892 727803.728 728538.723 35.5831600073 35.6190947568 35.7060701379 17.7915800036 17.8095473784 17.8530350689
3564510080 4 801532.027 803459.268 804205.253 35.4587097431 35.4916319666 35.5769697023 17.7293548715 17.7458159833 17.7884848511
3920961088 2 591470.446 594336.214 594746.81 26.3706237483 26.3888418416 26.5166999604 13.1853118741 13.1944209208 13.2583499802
4313057152 2 655090.728 656229.741 657794.628 26.2273783847 26.2899218522 26.3356324103 13.1136891924 13.1449609261 13.1678162051
4744362816 2 728174.937 729531.111 732224.678 25.9175248174 26.0132172266 26.0616649925 12.9587624087 13.0066086133 13.0308324962
5218799040 2 806902.992 811811.027 814070.25 25.6429910809 25.7143540377 25.8707631115 12.8214955405 12.8571770189 12.9353815558
5740678912 2 891411.954 895699.671 913746.221 25.1302988951 25.6366239616 25.7599368563 12.5651494476 12.8183119808 12.8799684282
6314746752 2 985882.413 994239.362 997624.836 25.31912408 25.4053379633 25.6206893185 12.65956204 12.7026689816 12.8103446592
6946221376 2 1096311.663 1102993.025 1107304.037 25.0923726236 25.1904453376 25.3439659923 12.5461863118 12.5952226688 12.6719829961
7640843456 1 606347.316 613997.217 618950.779 24.6896642358 24.8888537096 25.2028606522 12.3448321179 12.4444268548 12.6014303261
8404927744 1 670924.696 673590.268 677894.149 24.7971685739 24.9556091983 25.0547573941 12.3985842869 12.4778045992 12.5273786971
9245420480 1 734635.004 747696.398 758837.419 24.3673288863 24.7304133194 25.1701060517 12.1836644431 12.3652066597 12.5850530259
10169962496 1 820000.932 829493.798 837686.373 24.2810742153 24.5208885721 24.8047583829 12.1405371077 12.260444286 12.4023791914
11186958720 1 899362.295 913763.428 917053.425 24.3976161367 24.4854595341 24.8775355209 12.1988080684 12.242729767 12.4387677604
12305654592 1 1003911.275 1015733.509 1025538.059 23.9984357168 24.2300849248 24.5154226244 11.9992178584 12.1150424624 12.2577113122
13536220032 1 1102734.713 1116084.596 1123700.445 24.0922215386 24.2566201174 24.5502746443 12.0461107693 12.1283100587 12.2751373222
14889841984 1 1217169.052 1234655.797 1246670.171 23.8873798866 24.1198267893 24.4663499446 11.9436899433 12.0599133946 12.2331749723

META_DATA
HOSTNAME  ('qiang-gpu6', [], ['127.0.1.1'])
OPENMP_THREADS 8
FLOPS          8
TIMESTAMP_DATA  1614743690.04
TIMESTAMP_DATA  1614744184.83
TIMESTAMP_DATA  1614743566.3
TIMESTAMP_DATA  1614743813.9
MPI_PROCS      1
CONFIG  {'ERT_WORKING_SET_MIN': ['1'], 'ERT_CFLAGS': ['-O3'], 'ERT_CC': ['gcc'], 'ERT_MPI_CFLAGS': [], 'ERT_MPI_LDFLAGS': [], 'ERT_MEMORY_MAX': ['15000000000'], 'ERT_PROCS_THREADS': ['8,10'], 'ERT_LDFLAGS': [], 'ERT_LDLIBS': [], 'ERT_SPEC_GBYTES_DRAM': ['1.0'], 'ERT_RUN': ['export', 'KMP_AFFINITY=scatter;', 'export', 'OMP_NUM_THREADS=ERT_OPENMP_THREADS;', 'ERT_CODE'], 'ERT_FLOPS': ['1,2,4,8,16'], 'ERT_OPENMP_CFLAGS': ['-fopenmp'], 'ERT_SPEC_GFLOPS': ['1.0'], 'ERT_MPI': ['False'], 'ERT_TRIALS_MIN': ['1'], 'ERT_DRIVER': ['driver1'], 'ERT_RESULTS': ['Results.x86'], 'ERT_OPENMP': ['True'], 'ERT_MPI_PROCS': ['1'], 'ERT_KERNEL': ['kernel1'], 'ERT_OPENMP_THREADS': ['8,10'], 'ERT_LD': ['gcc'], 'ERT_NUM_EXPERIMENTS': ['6'], 'ERT_OPENMP_LDFLAGS': ['-fopenmp'], 'ERT_ALIGN': ['32'], 'ERT_GNUPLOT': ['gnuplot']}
UNAME  ('Linux', 'qiang-gpu6', '5.4.0-65-generic', '#73-Ubuntu SMP Mon Jan 18 17:25:17 UTC 2021', 'x86_64', 'x86_64')
TIMESTAMP_DATA  1614743937.55
TIMESTAMP_DATA  1614744061.34
ERT_VERSION  1.0.0
