8 1073741824 15441950.478 15442521.469 15443234.016 1.11245281696 1.11250414762 1.11254528426 0.556226408478 0.556252073811 0.556272642128
16 536870912 7720970.917 7721175.083 7728727.312 2.22285875675 2.22503297741 2.22509181406 1.11142937837 1.1125164887 1.11254590703
24 536870912 7741690.762 7743922.921 7745353.976 3.3271305425 3.32774538679 3.32870487446 1.66356527125 1.66387269339 1.66435243723
32 268435456 3873150.234 3874694.322 3875071.215 4.43343315021 4.43386439195 4.43563201685 2.2167165751 2.21693219597 2.21781600842
40 268435456 3881830.159 3883022.94 3884506.308 5.52833095824 5.53044285646 5.53214221138 2.76416547912 2.76522142823 2.76607110569
48 268435456 3893807.415 3894906.744 3896641.723 6.61333671605 6.61628261465 6.61815057333 3.30666835802 3.30814130732 3.30907528666
56 134217728 1972317.635 1972402.763 1972890.185 7.61947403373 7.62135696522 7.62168591369 3.80973701686 3.81067848261 3.81084295684
64 134217728 1972303.976 1972379.375 1972918.476 8.70784545484 8.71022552849 8.71055851078 4.35392272742 4.35511276425 4.35527925539
72 134217728 2004147.669 2004247.191 2004790.911 9.64058282884 9.64319816377 9.64367702588 4.82029141442 4.82159908189 4.82183851294
80 134217728 2003821.412 2004005.42 2005434.89 10.7083189722 10.7159572852 10.7169413159 5.35415948608 5.35797864259 5.35847065796
88 134217728 2106437.426 2106567.321 2107120.978 11.2107090075 11.2136554538 11.2143469521 5.60535450376 5.60682772692 5.60717347604
96 134217728 2105391.682 2105478.353 2106029.739 12.2362012743 12.23940571 12.23990956 6.11810063713 6.119702855 6.11995477999
104 134217728 2343939.54 2345255.761 2345941.489 11.9002488148 11.9037283218 11.9104127677 5.95012440739 5.95186416088 5.95520638386
112 67108864 1161889.986 1161919.317 1162346.997 12.932786487 12.9375467953 12.9378733935 6.4663932435 6.46877339763 6.46893669673
120 67108864 1335557.106 1335959.872 1336133.341 12.0542814596 12.0558466594 12.0594823596 6.02714072981 6.02792332972 6.02974117978
128 67108864 1324189.466 1324212.491 1324778.387 12.9681079889 12.9736498491 12.9738754348 6.48405399446 6.48682492454 6.48693771742
136 67108864 1498988.711 1499528.743 1500168.032 12.1677109621 12.172898381 12.1772838408 6.08385548106 6.08644919052 6.0886419204
144 67108864 1486140.509 1486206.764 1486757.006 12.9996716034 13.0044845039 13.0050642688 6.49983580168 6.50224225194 6.5025321344
152 67108864 1661223.658 1662888.328 1663848.158 12.2613920975 12.2684694531 12.2807633745 6.13069604877 6.13423472655 6.14038168724
160 67108864 1648108.688 1648129.214 1648467.462 13.0271521732 13.0298257549 13.029988032 6.51357608659 6.51491287746 6.51499401598
176 67108864 1810029.123 1810062.408 1810641.29 13.0463832116 13.0505556182 13.0507956076 6.52319160578 6.5252778091 6.52539780378
192 67108864 1971818.432 1971845.357 1972462.945 13.0647847359 13.0688766665 13.0690551208 6.53239236796 6.53443833324 6.5345275604
208 67108864 2133707.487 2133745.601 2134344.29 13.0800300377 13.0837000488 13.0839337604 6.54001501885 6.54185002442 6.54196688021
224 33554432 1147810.45 1147845.933 1148127.3 13.092960629 13.0961700554 13.0965749057 6.54648031451 6.54808502771 6.54828745286
240 33554432 1228782.829 1228805.119 1229118.402 13.1038045918 13.1071453976 13.1073831599 6.5519022959 6.55357269878 6.55369157995
264 33554432 1401296.867 1401654.771 1401814.559 12.6384335091 12.6398742847 12.6431026239 6.31921675455 6.31993714235 6.32155131194
288 33554432 1471630.306 1471675.554 1472217.899 13.1280517953 13.1328897728 13.1332935678 6.56402589764 6.5664448864 6.56664678391
312 33554432 1645853.498 1646817.065 1647272.68 12.7106858641 12.7142024533 12.7216459991 6.35534293205 6.35710122666 6.36082299957
336 33554432 1760286.74 1762101.951 1764251.121 12.780821299 12.7964095898 12.8096052715 6.39041064948 6.39820479491 6.40480263573
368 33554432 1924964.365 1929389.582 1932588.762 12.7787465381 12.7999353694 12.8293605851 6.38937326906 6.3999676847 6.41468029254
400 33554432 2094449.257 2096624.882 2099487.216 12.785762826 12.8032180818 12.8165175214 6.392881413 6.40160904091 6.40825876069
440 33554432 2344249.488 2345479.237 2345651.666 12.5883568255 12.5892822645 12.5958863641 6.29417841276 6.29464113223 6.29794318206
480 16777216 1256645.105 1258008.347 1258787.166 12.7949567608 12.8028779765 12.8167668787 6.39747838039 6.40143898823 6.40838343933
528 16777216 1378064.942 1378212.387 1378942.745 12.8480607047 12.8548692953 12.8562446921 6.42403035233 6.42743464763 6.42812234607
576 16777216 1504869.616 1505041.085 1505460.677 12.8381651725 12.8417443382 12.843207562 6.41908258624 6.42087216908 6.42160378099
632 16777216 1663049.432 1663868.612 1664952.419 12.7369411774 12.7452377376 12.7515157493 6.36847058871 6.37261886878 6.37575787465
688 16777216 1785888.277 1785958.98 1786253.941 12.9239458546 12.9260803157 12.9265920569 6.46197292729 6.46304015784 6.46329602846
752 16777216 1948789.997 1948953.89 1949588.461 12.9426970711 12.9469111576 12.9479999912 6.47134853554 6.47345557878 6.4739999956
824 16777216 2152700.258 2152960.631 2153992.016 12.8360977026 12.8422468901 12.8438001832 6.4180488513 6.42112344506 6.42190009158
904 8388608 1176267.179 1176289.251 1176523.804 12.8910296693 12.8936001507 12.893842092 6.44551483465 6.44680007537 6.44692104599
992 8388608 1282147.978 1282304.546 1282988.378 12.9720569238 12.9789747092 12.9805596215 6.4860284619 6.48948735459 6.49027981074
1088 8388608 1404323.29 1404667.371 1404942.649 12.9924242965 12.9949704712 12.9981544406 6.49621214823 6.4974852356 6.49907722032
1192 8388608 1543147.886 1543174.322 1543437.462 12.9570792237 12.9592886474 12.9595106557 6.47853961186 6.47964432368 6.47975532787
1304 8388608 1688010.828 1688126.719 1688722.406 12.9550538243 12.9596252567 12.9605150045 6.47752691214 6.47981262833 6.48025750223
1432 8388608 1851054.241 1851115.565 1851692.33 12.9746032442 12.9786458319 12.9790758044 6.48730162208 6.48932291594 6.4895379022
1568 8388608 2016013.967 2016229.665 2016663.104 13.0446551215 13.0474593964 13.0488553743 6.52232756077 6.52372969822 6.52442768716
1720 8388608 2217907.872 2218083.444 2218474.778 13.007500381 13.0097952798 13.0108251494 6.50375019048 6.50489763991 6.50541257468
1888 4194304 1211822.832 1211877.958 1212132.507 13.0659740685 13.068718512 13.0693130099 6.53298703423 6.534359256 6.53465650497
2072 4194304 1333119.908 1333148.887 1333472.073 13.0345405261 13.037700399 13.037983809 6.51727026307 6.51885019951 6.51899190452
2272 4194304 1456397.223 1456403.27 1456716.892 13.0834738587 13.086291255 13.0863455897 6.54173692935 6.54314562752 6.54317279483
2496 4194304 1599040.062 1599070.008 1599376.498 13.091330024 13.0938392086 13.0940844233 6.54566501202 6.54691960429 6.54704221163
2744 4194304 1761128.294 1761188.175 1761773.049 13.0654401627 13.0697790723 13.0702234644 6.53272008136 6.53488953615 6.53511173218
3016 4194304 1933238.26 1933282.275 1933853.524 13.0827083923 13.0865740897 13.0868720382 6.54135419617 6.54328704483 6.54343601911
3312 4194304 2117642.663 2117717.147 2118263.12 13.115967244 13.1193486984 13.1198101462 6.55798362198 6.55967434918 6.55990507309
3640 2097152 1165878.094 1165931.966 1166756.259 13.0852236208 13.0944746394 13.0950796988 6.54261181041 6.54723731968 6.54753984939
4000 2097152 1278449.199 1278485.162 1279037.262 13.1170658576 13.1227303207 13.1230994654 6.55853292881 6.56136516037 6.56154973272
4400 2097152 1405277.142 1405307.319 1406096.625 13.124942676 13.1323144415 13.1325964455 6.56247133799 6.56615722073 6.56629822276
4840 2097152 1547442.514 1547465.325 1548056.222 13.1134974761 13.1185048427 13.1186982239 6.55674873803 6.55925242137 6.55934911195
5320 2097152 1700330.078 1700353.326 1700966.652 13.1182450013 13.1229768183 13.123156244 6.55912250066 6.56148840914 6.56157812201
5848 2097152 1869007.869 1869103.371 1869633.058 13.1193068538 13.1230247468 13.1236953032 6.55965342692 6.56151237341 6.56184765159
6432 2097152 2052896.999 2052920.73 2053546.02 13.1371603389 13.1411617281 13.1413136368 6.56858016944 6.57058086407 6.57065681842
7072 2097152 2256701.082 2256736.665 2257358.683 13.1401881816 13.1438099748 13.1440172226 6.5700940908 6.57190498742 6.57200861128
7776 1048576 1240440.292 1240453.904 1240752.595 13.1431955232 13.1463602955 13.1465045574 6.5715977616 6.57318014777 6.57325227872
8552 1048576 1364765.46 1364973.769 1365375.524 13.1354660961 13.1393322797 13.1413377827 6.56773304807 6.56966613986 6.57066889134
9400 1048576 1500064.309 1500103.515 1500686.38 13.1361416101 13.141245656 13.1415891184 6.56807080504 6.57062282799 6.57079455918
10336 1048576 1648038.251 1648244.41 1648662.919 13.1477228136 13.1510611779 13.1527062912 6.57386140678 6.57553058894 6.57635314558
11368 1048576 1813132.814 1813152.182 1813753.914 13.1442439638 13.1486061527 13.1487466069 6.57212198192 6.57430307634 6.57437330347
12504 1048576 1994274.854 1994484.768 1994942.735 13.1446322483 13.1476504753 13.1490343748 6.57231612415 6.57382523766 6.57451718739
13752 1048576 2192999.695 2193074.783 2193619.503 13.1472364576 13.1505019927 13.150952264 6.57361822881 6.57525099635 6.57547613202
15120 524288 1204743.862 1204767.964 1205052.259 13.1566651999 13.1597698426 13.1600331158 6.57833259993 6.57988492131 6.58001655791
16632 524288 1325769.956 1325811.324 1326092.14 13.151360683 13.154146232 13.1545566809 6.57568034149 6.57707311602 6.57727834044
18288 524288 1456949.083 1456958.023 1457564.438 13.1564391858 13.1619151583 13.1619959213 6.57821959292 6.58095757917 6.58099796065
20112 524288 1602157.132 1602181.157 1602486.197 13.1601511149 13.162656682 13.1628540614 6.58007555743 6.58132834101 6.58142703072
22120 524288 1762541.024 1762581.806 1763401.047 13.1532762553 13.1593898456 13.15969433 6.57663812763 6.57969492282 6.57984716502
24328 524288 1938313.54 1938540.844 1939169.165 13.1549930704 13.1592568745 13.1608000468 6.57749653522 6.57962843727 6.58040002341
26760 524288 2131946.78 2132048.763 2132610.895 13.1575309053 13.1609999954 13.16162956 6.57876545266 6.58049999769 6.58081478
29432 262144 1172404.866 1172438.441 1172775.636 13.1575417687 13.1613258969 13.1617028072 6.57877088436 6.58066294843 6.5808514036
32368 262144 1288954.236 1288969.062 1289603.797 13.1591997662 13.1656798323 13.1658312685 6.57959988311 6.58283991614 6.58291563425
35600 262144 1418832.921 1418997.931 1419248.602 13.1510806308 13.1534038156 13.154933554 6.57554031538 6.57670190782 6.57746677701
39160 262144 1561029.7 1561355.088 1561640.45 13.1471479751 13.1495508215 13.1522917725 6.57357398753 6.57477541073 6.57614588627
43072 262144 1717043.59 1717331.507 1717451.963 13.1486255351 13.1495477978 13.151752738 6.57431276755 6.57477389891 6.57587636899
47376 262144 1887848.819 1888379.816 1888470.566 13.1527960961 13.1534281809 13.1571278579 6.57639804803 6.57671409045 6.57856392896
52112 262144 2076509.562 2077116.24 2077558.252 13.1508689249 13.1536674404 13.1575104473 6.57543446247 6.5768337202 6.57875522367
57320 131072 1141876.382 1141962.249 1142243.736 13.1548929589 13.1581355629 13.1591250304 6.57744647943 6.57906778143 6.5795625152
63048 131072 1255996.907 1256083.826 1256315.423 13.1556570981 13.1580827409 13.1589933223 6.57782854903 6.57904137044 6.57949666113
69352 131072 1381483.389 1381712.869 1382136.027 13.1537058096 13.1577342123 13.1599198606 6.5768529048 6.57886710614 6.5799599303
76280 131072 1519559.645 1519713.925 1520083.699 13.1547653153 13.1579661087 13.1593020292 6.57738265766 6.57898305433 6.57965101462
83904 131072 1671600.563 1671898.376 1672105.88 13.1540295618 13.1556621453 13.1580059632 6.57701478091 6.57783107267 6.57900298159
92288 131072 1838544.405 1838842.358 1839013.218 13.1552863434 13.1565086951 13.1586408282 6.57764317168 6.57825434756 6.57932041408
101512 131072 2021988.667 2022092.396 2022432.163 13.1578018857 13.1600127574 13.1606878724 6.57890094284 6.5800063787 6.58034393622
111656 131072 2223845.646 2224153.535 2224439.112 13.1583509326 13.1600404394 13.1618624326 6.57917546632 6.58002021969 6.5809312163
122816 65536 1223257.981 1223492.568 1223741.112 13.1545296584 13.1572019095 13.1597250965 6.5772648292 6.57860095477 6.57986254823
135096 65536 1345320.508 1345452.901 1345862.464 13.1568443178 13.160849331 13.1621444903 6.57842215889 6.58042466549 6.58107224513
148600 65536 1479815.868 1479929.241 1480020.155 13.1601580791 13.1609665249 13.1619748248 6.58007903953 6.58048326244 6.58098741242
163456 65536 1628022.277 1628122.918 1628471.024 13.1562088095 13.1590217146 13.1598351783 6.57810440476 6.5795108573 6.57991758917
179800 65536 1790430.052 1790572.777 1791006.246 13.1583826983 13.1615681321 13.1626173129 6.57919134917 6.58078406606 6.58130865645
197776 65536 1969638.456 1969892.249 1970177.871 13.1576423904 13.1595501658 13.1612458078 6.57882119518 6.57977508292 6.58062290392
217552 65536 2166537.575 2166870.677 2167134.464 13.1579171564 13.1595189536 13.1615422105 6.57895857818 6.5797594768 6.58077110525
239304 32768 1191386.952 1191463.305 1191784.533 13.1592804821 13.162828329 13.1636719016 6.57964024106 6.58141416449 6.58183595081
263232 32768 1310743.09 1310921.451 1311094.72 13.1578383231 13.1595774399 13.1613681458 6.57891916154 6.57978871993 6.58068407288
289552 32768 1441823.699 1442084.769 1442149.549 13.1581914547 13.1587825348 13.1611651863 6.57909572733 6.57939126739 6.58058259313
318504 32768 1585719.513 1585959.657 1586124.451 13.1600506699 13.1614181054 13.1634112924 6.58002533497 6.58070905268 6.5817056462
350352 32768 1744516.205 1744671.744 1745141.162 13.1569119862 13.1604519595 13.1616253298 6.57845599312 6.58022597975 6.58081266491
385384 32768 1918680.618 1918732.437 1919258.848 13.1595203275 13.1631306882 13.1634861931 6.57976016375 6.58156534412 6.58174309655
423920 32768 2110801.13 2111028.103 2111507.068 13.1574369516 13.160422204 13.1618373352 6.57871847578 6.580211102 6.5809186676
466312 16384 1160758.688 1160796.584 1161067.066 13.1604039624 13.1634705224 13.1639002783 6.5802019812 6.58173526121 6.58195013915
512936 16384 1276786.322 1276848.426 1277110.012 13.1608762676 13.1635725163 13.164212804 6.58043813378 6.58178625816 6.58210640198
564224 16384 1404668.005 1404790.613 1405297.059 13.1562874295 13.1610304489 13.162179224 6.57814371474 6.58051522444 6.58108961199
620640 16384 1545139.007 1545258.756 1545751.886 13.1567890709 13.1609877252 13.162007708 6.57839453543 6.58049386261 6.58100385398
682704 16384 1699668.14 1699989.602 1700397.748 13.156242237 13.1594008844 13.161889751 6.57812111852 6.57970044219 6.58094487551
750968 16384 1869286.165 1869546.72 1870140.495 13.1582196577 13.1623987573 13.1642334303 6.57910982886 6.58119937864 6.58211671513
826064 16384 2056725.204 2057473.32 2057887.833 13.1535182423 13.1561682423 13.1609536847 6.57675912116 6.57808412116 6.58047684235
908664 16384 2262293.136 2262764.108 2263242.959 13.155945911 13.1587300005 13.1614694304 6.57797295549 6.57936500025 6.58073471519
999528 8192 1244436.358 1244515.504 1244732.586 13.1564537927 13.1587486852 13.15958558 6.57822689636 6.57937434261 6.57979279001
1099480 8192 1368998.747 1369227.458 1369765.247 13.1510712215 13.156236544 13.1584344832 6.57553561074 6.578118272 6.57921724161
1209424 8192 1506547.036 1506797.682 1507665.16 13.1429732156 13.1505397524 13.1527276232 6.57148660781 6.57526987621 6.57636381158
1330360 8192 1656458.149 1656764.34 1657559.316 13.1498269954 13.1561367623 13.1585686322 6.5749134977 6.57806838117 6.5792843161
1463392 8192 1822468.297 1822822.493 1823418.817 13.1490441496 13.1533457701 13.1559021177 6.57452207482 6.57667288507 6.57795105887
1609728 8192 2004687.964 2004863.94 2005549.504 13.1504026699 13.1548994552 13.1560542217 6.57520133495 6.57744972759 6.57802711086
1770696 8192 2204567.673 2204660.785 2205291.336 13.1552157261 13.1589782253 13.1595340072 6.57760786305 6.57948911265 6.5797670036
1947760 4096 1212620.117 1212771.149 1213215.616 13.1518665846 13.1566865959 13.158325263 6.57593329231 6.57834329797 6.57916263152
2142536 4096 1333499.861 1333653.782 1334070.905 13.1564633081 13.1605782167 13.162097294 6.57823165404 6.58028910835 6.58104864699
2356784 4096 1467122.206 1467209.497 1467506.992 13.1561720886 13.1588396664 13.1596225925 6.57808604431 6.57941983319 6.57981129624
2592456 4096 1613519.193 1614033.05 1614098.357 13.157438306 13.1579706822 13.1621610974 6.57871915299 6.5789853411 6.5810805487
2851696 4096 1775188.01 1775301.507 1775958.524 13.154076132 13.1589442919 13.1597856117 6.57703806601 6.57947214597 6.57989280583
3136864 4096 1952730.655 1952887.005 1953473.544 13.1546137223 13.158564639 13.1596182106 6.57730686114 6.57928231951 6.57980910532
3450544 4096 2147976.4 2148147.901 2148872.593 13.1542728685 13.1587105501 13.1597611817 6.57713643426 6.57935527504 6.57988059087
3795592 2048 1181050.838 1181258.995 1181458.335 13.1589446462 13.1611652464 13.163484866 6.57947232308 6.5805826232 6.581742433
4175144 2048 1299279.081 1299428.746 1299592.852 13.159036538 13.1606984043 13.1622143957 6.579518269 6.58034920216 6.58110719786
4592656 2048 1429302.726 1429960.383 1429976.453 13.1551249928 13.1552728311 13.1613258926 6.57756249641 6.57763641554 6.58066294628
5051920 2048 1572220.859 1572451.083 1573146.368 13.1536802556 13.1594963708 13.1614233468 6.57684012782 6.5797481854 6.58071167341
5557112 2048 1729324.337 1729506.542 1730264.031 13.1551776747 13.1609393774 13.1623260397 6.57758883737 6.58046968868 6.58116301986
6112816 2048 1902858.765 1903186.395 1903641.2 13.152738203 13.1558813166 13.1581464671 6.57636910149 6.5779406583 6.57907323353
6724096 2048 2093613.037 2093910.76 2095071.006 13.146044758 13.1533290445 13.1551995184 6.57302237898 6.57666452223 6.57759975919
7396504 1024 1151195.905 1151474.154 1151778.702 13.1518669044 13.15534538 13.1585250835 6.57593345219 6.57767268999 6.57926254177
8136152 1024 1266610.824 1267015.587 1267401.436 13.1472466597 13.15125044 13.1554531039 6.57362332987 6.57562521999 6.57772655194
8949760 1024 1394254.463 1394431.282 1394617.868 13.1427460529 13.1445046569 13.1461716397 6.57137302646 6.57225232846 6.57308581984
9844736 1024 1534666.696 1535136.349 1535562.729 13.1300525516 13.1336993884 13.1377186855 6.56502627578 6.56684969421 6.56885934273
10829208 1024 1689218.289 1689842.985 1690910.828 13.1161369463 13.1244252755 13.1292788673 6.55806847314 6.56221263776 6.56463943364
11912128 1024 1860153.041 1861419.618 1861693.076 13.1042213448 13.1061464637 13.1150704304 6.5521106724 6.55307323187 6.55753521519
13103336 1024 2048879.766 2050044.914 2050197.46 13.0892914715 13.0902654594 13.0977095744 6.54464573573 6.54513272971 6.54885478722
14413664 1024 2256976.477 2257526.38 2259092.974 13.0668300118 13.0758976433 13.0790835318 6.53341500588 6.53794882167 6.5395417659
15855024 512 1242443.832 1242873.994 1243334.047 13.0580712522 13.0629047308 13.0674274022 6.5290356261 6.5314523654 6.53371370111
17440520 512 1368849.307 1369409.772 1369995.612 13.0358756799 13.0414524894 13.0467922135 6.51793783994 6.52072624468 6.52339610674
19184568 512 1507392.192 1508346.577 1508472.77 13.0231039119 13.0241934656 13.0324395577 6.51155195596 6.51209673279 6.51621977885
21103024 512 1659810.566 1661550.081 1663563.663 12.9898825375 13.005624581 13.0192547383 6.49494126874 6.5028122905 6.50962736913
23213320 512 1826754.882 1828572.606 1830305.534 12.987142987 12.9994508296 13.0123860153 6.49357149351 6.49972541479 6.50619300767
25534648 512 2009781.36 2012956.796 2016629.24 12.9659329704 12.9895880547 13.010111484 6.4829664852 6.49479402736 6.50505574198
28088112 512 2211477.909 2215783.119 2218816.254 12.9628700151 12.9806145924 13.0058846941 6.48143500755 6.49030729618 6.50294234705
30896920 256 1215803.862 1219523.32 1222758.522 12.9373238913 12.9716445603 13.011328171 6.46866194567 6.48582228013 6.50566408548
33986608 256 1337745.46 1342222.429 1347196.421 12.9165599201 12.9644259551 13.0078133818 6.45827996005 6.48221297753 6.50390669089
37385264 256 1471612.644 1477486.725 1484558.318 12.8935690406 12.9552806425 13.0069928701 6.44678452032 6.47764032127 6.50349643503
41123784 256 1618888.751 1625976.748 1634763.45 12.8797701025 12.9493717754 13.0060681409 6.43988505126 6.4746858877 6.50303407044
45236160 256 1785267.458 1791002.195 1800120.347 12.8663141654 12.931817719 12.9733580345 6.43315708269 6.46590885948 6.48667901726
49759776 256 1964166.826 1968628.493 1977921.338 12.880696933 12.9414998323 12.970896858 6.44034846648 6.47074991614 6.48544842901
54735752 256 2160894.587 2162757.75 2176928.382 12.8735080381 12.9578567105 12.9690292125 6.43675401904 6.47892835524 6.48451460626
60209320 128 1187561.943 1188346.031 1196377.006 12.8835524611 12.9706209453 12.9791848003 6.44177623053 6.48531047267 6.48959240015
66230248 128 1304336.564 1307055.615 1315711.952 12.8865162791 12.9718607942 12.9989022435 6.44325813953 6.48593039708 6.49945112173
72853272 128 1434235.095 1442291.277 1449755.32 12.8645416055 12.9311172642 13.0037521024 6.43227080277 6.46555863209 6.50187605122
80138592 128 1577102.523 1585521.564 1590648.259 12.8975588638 12.9392623966 13.0083360167 6.44877943188 6.46963119828 6.50416800836
88152448 128 1737682.548 1760945.585 1761092.794 12.8142178339 12.8152890585 12.9868523534 6.40710891694 6.40764452923 6.49342617671
96967688 128 1911665.065 1935007.825 1938301.323 12.8069499997 12.8287481876 12.9853961253 6.40347499985 6.41437409381 6.49269806267
106664456 128 2100354.123 2128673.33 2131673.528 12.8097010998 12.8277553682 13.0007128022 6.40485054989 6.41387768409 6.50035640109
117330896 64 1152845.187 1161769.719 1167869.561 12.8596165099 12.9271355953 13.0272085596 6.42980825493 6.46356779764 6.51360427981
129063984 64 1267462.273 1278364.907 1285178.916 12.8543891798 12.9229063326 13.0340683931 6.42719458992 6.46145316628 6.51703419657
141970376 64 1395834.037 1410356.476 1419165.965 12.8048505786 12.8848333292 13.0188888122 6.40242528928 6.44241666459 6.5094444061
156167408 64 1534663.021 1548129.575 1561923.703 12.7979543339 12.9119865332 13.0252882558 6.39897716694 6.45599326658 6.51264412789
171784144 64 1687859.078 1708283.413 1719405.328 12.7883577385 12.8716173585 13.027373386 6.39417886927 6.43580867925 6.51368669298
188962552 64 1868640.524 1885992.357 1892684.436 12.7793129145 12.824657834 12.943745116 6.38965645724 6.41232891698 6.47187255798
207858800 64 2055002.731 2073023.36 2082420.031 12.7764456757 12.8343591845 12.9469056165 6.38822283784 6.41717959223 6.47345280827
228644680 64 2252960.268 2276648.564 2291187.009 12.7735182353 12.855088617 12.9902508516 6.38675911766 6.4275443085 6.4951254258
251509144 32 1232847.063 1242958.838 1255485.586 12.8210035985 12.9502158269 13.0564331125 6.41050179926 6.47510791343 6.52821655625
276660056 32 1356422.2 1364253.698 1382007.785 12.8119709427 12.9787030154 13.0536374176 6.40598547135 6.4893515077 6.52681870881
304326056 32 1492197.639 1504313.434 1521813.683 12.7984573943 12.9473467057 13.0524717872 6.39922869717 6.47367335284 6.52623589361
334758656 32 1647121.616 1660988.076 1673573.655 12.8016797588 12.8986801853 13.0072690297 6.40083987938 6.44934009267 6.50363451487
368234520 32 1808115.329 1821325.491 1841494.461 12.797762784 12.9394824794 13.0340188494 6.39888139202 6.46974123968 6.51700942468
405057968 32 1986134.488 1999342.207 2026088.425 12.7949548658 12.9661194873 13.05234369 6.3974774329 6.48305974366 6.52617184502
445563760 32 2185694.789 2221804.593 2232413.777 12.7736537616 12.8346483439 13.0466892192 6.38682688079 6.41732417195 6.52334460958
490120136 16 1195919.242 1216606.13 1216986.039 12.8874480474 12.8914724045 13.1144677677 6.44372402369 6.44573620223 6.55723388386
539132144 16 1315302.292 1337767.036 1339281.074 12.8817086592 12.896287727 13.1165502508 6.44085432958 6.44814386352 6.5582751254
593045352 16 1446484.265 1472063.722 1473742.417 12.8770476069 12.8917321855 13.1197080557 6.43852380344 6.44586609275 6.55985402786
652349880 16 1591213.135 1619327.728 1620366.996 12.8830050301 12.8912732111 13.1190446464 6.44150251503 6.44563660556 6.5595223232
717584864 16 1749743.074 1770843.912 1782329.288 12.8835427901 12.9671031379 13.1234785205 6.44177139505 6.48355156894 6.56173926024
789343344 16 1924558.983 1948484.993 1961617.96 12.8766087603 12.9633982806 13.1245585254 6.43830438013 6.48169914029 6.56227926271
868277672 16 2111281.189 2151930.098 2162766.733 12.8469173675 12.9116115481 13.1602013265 6.42345868374 6.45580577404 6.58010066323
955105432 8 1141396.7 1164015.567 1169785.329 13.06366778 13.1284214277 13.3885851536 6.53183389001 6.56421071386 6.69429257681
1050615968 8 1253875.99 1280214.382 1286132.193 13.0700837593 13.1305004258 13.4063141986 6.53504187963 6.56525021291 6.70315709929
1155677560 8 1393984.135 1408204.313 1414662.976 13.0708453347 13.1307941534 13.2647427584 6.53542266734 6.56539707672 6.63237137918
1271245312 8 1533287.44 1548596.636 1553466.802 13.0932472878 13.1344241096 13.2655655172 6.54662364391 6.56721205482 6.63278275859
1398369840 8 1681454.644 1702597.166 1708220.633 13.0977913554 13.1410517337 13.306286625 6.54889567769 6.57052586683 6.6531433125
1538206824 8 1844254.231 1868342.006 1872539.842 13.1432766513 13.1728072831 13.3448571083 6.57163832565 6.58640364156 6.67242855413
1692027504 8 2026139.611 2048557.337 2058977.296 13.1484888719 13.2153684815 13.3615866928 6.57424443596 6.60768424077 6.68079334638
1861230248 8 2236351.17 2247837.457 2273976.679 13.0958616432 13.2481482926 13.3161930771 6.54793082159 6.6240741463 6.65809653857
2047353272 4 1184051.799 1190743.928 1203535.04 13.608931715 13.7551204678 13.832862878 6.80446585751 6.87756023392 6.91643143899
2252088592 4 1302068.783 1308140.672 1321702.149 13.6314439298 13.7727609283 13.8369869328 6.8157219649 6.88638046413 6.91849346641
2477297448 4 1431923.663 1438185.678 1448787.635 13.6792854282 13.7801258121 13.8403883504 6.8396427141 6.89006290605 6.92019417518
2725027192 4 1574856.689 1581745.301 1583553.72 13.7666422431 13.7823817287 13.8426675191 6.88332112156 6.89119086436 6.92133375953
2997529904 4 1731911.696 1739206.347 1739976.442 13.7819332798 13.7880357172 13.8461096414 6.89096663988 6.8940178586 6.92305482069
3297282888 4 1904841.072 1911640.908 1914149.288 13.7806717947 13.7987542501 13.8480125674 6.89033589735 6.89937712507 6.92400628371
3627011176 4 2094466.766 2097553.202 2104504.943 13.7876081045 13.8333031936 13.8536881458 6.89380405223 6.91665159681 6.92684407292
3989712288 2 1061302.58 1069294.033 1072892.807 14.8745979541 14.9246593168 15.0370398157 7.43729897706 7.46232965839 7.51851990787
4388683512 2 1167095.303 1175641.215 1179332.272 14.8853164327 14.9320505474 15.0413886534 7.44265821634 7.46602527371 7.52069432671
4827551856 2 1283407.607 1292542.469 1296519.145 14.8938852916 14.9397082782 15.0460440773 7.4469426458 7.46985413908 7.52302203863
5310307040 2 1411793.443 1421096.872 1423533.938 14.9214764699 14.9470655931 15.0455636873 7.46073823496 7.47353279657 7.52278184366
5841337744 2 1550090.76 1562407.075 1562782.25 14.9511238536 14.9547140114 15.073537356 7.47556192681 7.4773570057 7.53676867798
6425471512 2 1704802.997 1717650.471 1718731.797 14.9539829849 14.9633970834 15.0761619338 7.47699149247 7.48169854168 7.5380809669
7068018656 2 1875142.106 1888825.878 1892872.625 14.9360682016 14.968068234 15.0772970931 7.46803410082 7.48403411699 7.53864854657
7774820520 1 1031045.529 1037952.493 1041002.12 14.9371847965 14.9810720094 15.0814300655 7.46859239826 7.49053600471 7.54071503277
8552302568 1 1134339.501 1141690.967 1144558.754 14.9442788116 14.9818169981 15.078911667 7.47213940579 7.49090849906 7.53945583351
9407532824 1 1247507.288 1255325.296 1258337.863 14.952316227 14.9881992404 15.0821288412 7.47615811351 7.49409962022 7.54106442062
10348286104 1 1372017.591 1380084.731 1383846.735 14.9558268879 14.9965953127 15.0847717579 7.47791344393 7.49829765633 7.54238587893
11383114712 1 1509432.498 1516987.861 1521052.805 14.9674155619 15.0075224788 15.0826416247 7.48370778094 7.50376123939 7.54132081235
12521426176 1 1659841.483 1669521.014 1671354.898 14.9835635639 15.0000222471 15.0874963715 7.49178178194 7.50001112355 7.54374818574
13773568792 1 1825911.866 1836473.014 1838033.665 14.9872867448 15.0000230736 15.086783813 7.49364337241 7.50001153679 7.54339190652

META_DATA
HOSTNAME  ('qiang-gpu6', [], ['127.0.1.1'])
TIMESTAMP_DATA  1618312477.12
FLOPS          8
CONFIG  {'ERT_WORKING_SET_MIN': ['1'], 'ERT_CFLAGS': ['-O3'], 'ERT_CC': ['gcc'], 'ERT_MPI_CFLAGS': [], 'ERT_MPI_LDFLAGS': [], 'ERT_MEMORY_MAX': ['15000000000'], 'ERT_PROCS_THREADS': ['1'], 'ERT_LDFLAGS': [], 'ERT_LDLIBS': [], 'ERT_SPEC_GBYTES_DRAM': ['1.0'], 'ERT_RUN': ['export', 'KMP_AFFINITY=scatter;', 'export', 'OMP_NUM_THREADS=ERT_OPENMP_THREADS;', 'ERT_CODE'], 'ERT_FLOPS': ['1,2,4,8,16'], 'ERT_OPENMP_CFLAGS': ['-fopenmp'], 'ERT_SPEC_GFLOPS': ['1.0'], 'ERT_MPI': ['False'], 'ERT_TRIALS_MIN': ['1'], 'ERT_DRIVER': ['driver1'], 'ERT_RESULTS': ['Results.x86'], 'ERT_OPENMP': ['True'], 'ERT_MPI_PROCS': ['1'], 'ERT_KERNEL': ['kernel1'], 'ERT_OPENMP_THREADS': ['1'], 'ERT_LD': ['gcc'], 'ERT_NUM_EXPERIMENTS': ['6'], 'ERT_OPENMP_LDFLAGS': ['-fopenmp'], 'ERT_ALIGN': ['32'], 'ERT_GNUPLOT': ['gnuplot']}
MPI_PROCS      1
OPENMP_THREADS 1
TIMESTAMP_DATA  1618313979.69
UNAME  ('Linux', 'qiang-gpu6', '5.4.0-66-generic', '#74-Ubuntu SMP Wed Jan 27 22:54:38 UTC 2021', 'x86_64', 'x86_64')
TIMESTAMP_DATA  1618314731.01
TIMESTAMP_DATA  1618316234.71
TIMESTAMP_DATA  1618315482.71
ERT_VERSION  1.0.0
TIMESTAMP_DATA  1618313227.88
