8 1073741824 13457220.524 13493901.382 13949638.602 1.23156374686 1.27315805101 1.27662834635 0.153945468357 0.159144756376 0.159578543294
16 536870912 6987119.681 7327618.469 7335397.746 2.34205012174 2.34453653075 2.45879131435 0.292756265217 0.293067066344 0.307348914294
24 536870912 8490385.379 8494367.41 8494901.908 3.03356107641 3.03375195964 3.03517480369 0.379195134551 0.379218994955 0.379396850462
32 268435456 4263458.731 4266565.606 4269372.911 4.0239795263 4.02662721507 4.0295615058 0.502997440787 0.503328401884 0.503695188225
40 268435456 4209739.855 4249146.61 4253765.204 5.04843014368 5.05391751592 5.10122649372 0.63105376796 0.63173968949 0.637653311715
48 268435456 4417534.31 4424130.762 4425750.671 5.82269668846 5.82482868665 5.83352657107 0.727837086058 0.728103585832 0.729190821384
56 134217728 2377122.885 2378658.944 2378769.374 6.31939594494 6.31968932491 6.32377300764 0.789924493117 0.789961165614 0.790471625955
64 134217728 2577963.119 2578964.147 2579008.985 6.66142277283 6.66153858866 6.66412527681 0.832677846603 0.832692323582 0.833015659601
72 134217728 2866693.324 2868043.0 2868483.256 6.73783010292 6.73886438662 6.74203713044 0.842228762865 0.842358048328 0.842754641305
80 134217728 3037169.438 3037641.437 3039596.427 7.06502886016 7.06957582894 7.07067449426 0.88312860752 0.883696978617 0.883834311782
88 134217728 3434087.002 3434356.019 3434423.841 6.87810276821 6.87823859766 6.8787774201 0.859762846027 0.859779824708 0.859847177512
96 134217728 3763524.912 3763844.275 3765753.927 6.8431990713 6.84667108763 6.84725207845 0.855399883913 0.855833885954 0.855906509807
104 134217728 4063977.156 4069415.836 4071799.672 6.85625268256 6.86026902855 6.8694498892 0.85703158532 0.857533628569 0.85868123615
112 67108864 2079120.739 2079341.207 2079357.839 7.22934035405 7.22939817929 7.23016477784 0.903667544257 0.903674772411 0.90377059723
120 67108864 2300021.723 2300282.993 2300554.459 7.00097635028 7.00180256473 7.00259793155 0.875122043786 0.875225320592 0.875324741444
128 67108864 2389443.576 2390270.557 2390896.488 7.18553449312 7.18741614153 7.18990368995 0.89819181164 0.898427017691 0.898737961243
136 67108864 2511109.053 2511213.143 2511336.953 7.26848342123 7.26884177828 7.26914308488 0.908560427654 0.908605222285 0.90864288561
144 67108864 2635248.531 2635732.232 2636641.567 7.33029209351 7.33282106481 7.33416700726 0.916286511689 0.916602633101 0.916770875908
152 67108864 2763156.978 2763722.178 2764062.942 7.38083577838 7.38174582756 7.38325575363 0.922604472297 0.922718228446 0.922906969204
160 67108864 2884199.889 2895202.931 2897219.327 7.4122232583 7.41738558291 7.44568244452 0.926527907288 0.927173197864 0.930710305564
176 67108864 3096917.228 3098540.206 3101391.599 7.61668411548 7.6236932741 7.6276885654 0.952085514436 0.952961659262 0.953461070675
192 67108864 3419537.675 3419784.803 3419908.516 7.53523190911 7.53550450116 7.53604908769 0.941903988639 0.941938062645 0.942006135961
208 67108864 3662091.671 3663730.594 3664069.929 7.61920158866 7.61990727968 7.6233174732 0.952400198583 0.95248840996 0.95291468415
224 33554432 1956663.169 1957707.939 1961612.77 7.66327879075 7.67856391474 7.68266392201 0.957909848843 0.959820489342 0.960332990251
240 33554432 2111137.512 2111516.643 2111660.113 7.62723473387 7.62775297718 7.62912281576 0.953404341734 0.953469122147 0.95364035197
264 33554432 2287625.764 2287721.112 2287779.252 7.7440776161 7.7442744236 7.74459720414 0.968009702013 0.96803430295 0.968074650518
288 33554432 2510759.795 2518082.922 2521713.419 7.66437323384 7.67542349902 7.69781038811 0.95804665423 0.959427937378 0.962226298514
312 33554432 2704610.823 2705749.316 2706504.93 7.73616383843 7.73832425797 7.74158166859 0.967020479804 0.967290532247 0.967697708573
336 33554432 2879193.461 2887021.786 2891284.007 7.79881127188 7.8103249561 7.83156068164 0.974851408985 0.976290619512 0.978945085205
368 33554432 3130758.108 3131319.331 3131467.493 7.88641811138 7.88679126639 7.88820506091 0.985802263923 0.985848908298 0.986025632613
400 33554432 3398549.482 3398952.767 3401623.863 7.89139148863 7.89759300589 7.89853016476 0.986423936079 0.987199125736 0.987316270595
440 33554432 3736652.684 3736806.048 3737304.833 7.90085408588 7.9019086837 7.90223300293 0.987606760735 0.987738585463 0.987779125367
480 16777216 2034101.613 2034448.86 2034824.837 7.91524020502 7.91670298363 7.91805446545 0.989405025628 0.989587872953 0.989756808182
528 16777216 2219926.617 2223586.346 2455262.428 7.21582340607 7.96764206071 7.98077736459 0.901977925758 0.995955257588 0.997597170573
576 16777216 2690311.351 2690416.859 2690490.924 7.18357852821 7.18377628632 7.18405801797 0.897947316027 0.89797203579 0.898007252247
632 16777216 2898236.618 2900445.304 2903188.194 7.30452165238 7.31142938457 7.31700127322 0.913065206547 0.913928673071 0.914625159153
688 16777216 3153770.377 3153965.22 3154178.009 7.31900645751 7.31950024991 7.31995245575 0.914875807188 0.914937531239 0.914994056969
752 16777216 3406136.402 3406315.324 3406394.765 7.40751868317 7.40769143896 7.40808055989 0.925939835397 0.92596142987 0.926010069987
824 16777216 3687386.289 3688746.158 3691162.969 7.49055303172 7.4954607294 7.49822497591 0.936319128964 0.936932591175 0.937278121988
904 8388608 1995551.253 1998204.088 1999398.275 7.58558384972 7.5901172233 7.60020733178 0.948197981215 0.948764652913 0.950025916473
992 8388608 2181111.824 2185930.462 2188371.027 7.60519951446 7.613690628 7.63051123233 0.950649939308 0.951711328501 0.953813904041
1088 8388608 2396050.568 2396282.632 2398001.187 7.61201083092 7.61746997797 7.61820775061 0.951501353865 0.952183747247 0.952275968827
1192 8388608 2610643.728 2610767.65 2610920.362 7.65953713605 7.65998516643 7.6603487705 0.957442142006 0.957498145804 0.957543596313
1304 8388608 2812169.0 2812344.81 2812369.573 7.77902373644 7.77909223158 7.7795785616 0.972377967055 0.972386528948 0.9724473202
1432 8388608 3077171.128 3080030.397 3081067.434 7.7976135955 7.80023902862 7.80748691335 0.974701699437 0.975029878577 0.975935864169
1568 8388608 3392053.78 3392577.519 3393017.382 7.75318005371 7.75418528852 7.75538254821 0.969147506713 0.969273161065 0.969422818526
1720 8388608 3670224.944 3671562.05 3672549.803 7.8574323203 7.85954618961 7.86240951448 0.982179040037 0.982443273701 0.98280118931
1888 4194304 2000192.906 2001743.575 2002359.485 7.90951476128 7.91194841427 7.91808222921 0.98868934516 0.988993551784 0.989760278652
2072 4194304 2191203.483 2191676.155 2192989.79 7.92579876808 7.93054929048 7.9322600164 0.99072484601 0.99131866131 0.99153250205
2272 4194304 2381196.642 2381392.723 2382877.426 7.99827853839 8.00326514477 8.00392417822 0.999784817299 1.0004081431 1.00049052228
2496 4194304 2625720.019 2625859.65 2625924.249 7.97356038582 7.97375654407 7.9741805739 0.996695048228 0.996719568009 0.996772571737
2744 4194304 2875648.372 2880039.689 2884554.113 7.97986082087 7.99236914683 8.00457405576 0.997482602608 0.999046143353 1.00057175697
3016 4194304 3162601.706 3162883.796 3164994.976 7.99370675778 7.99904244348 7.99975592247 0.999213344723 0.999880305435 0.999969490309
3312 4194304 3459794.225 3460359.828 3460378.508 8.02891060379 8.02895394612 8.03026650985 1.00361382547 1.00361924326 1.00378331373
3640 2097152 1892404.236 1892498.884 1892632.518 8.06668300095 8.06725260928 8.06765609037 1.00833537512 1.00840657616 1.0084570113
4000 2097152 2076845.924 2077017.186 2077405.668 8.0760422764 8.07755280654 8.0782189021 1.00950528455 1.00969410082 1.00977736276
4400 2097152 2291115.397 2291364.328 2291524.545 8.05356313563 8.05412625766 8.05500134309 1.00669539195 1.00676578221 1.00687516789
4840 2097152 2506082.264 2506309.355 2506602.767 8.09878279369 8.09973091291 8.10046487764 1.01234784921 1.01246636411 1.0125581097
5320 2097152 2752529.571 2752822.55 2753035.358 8.10512557173 8.10575214156 8.10661491709 1.01314069647 1.0132190177 1.01332686464
5848 2097152 3017768.828 3018937.25 3019599.791 8.12302672199 8.12480941497 8.12795518478 1.01537834025 1.01560117687 1.0159943981
6432 2097152 3314413.074 3315013.844 3316667.612 8.13399667497 8.13805449918 8.13952960167 1.01674958437 1.0172568124 1.01744120021
7072 2097152 3645913.855 3646237.403 3646549.653 8.13429699596 8.13499358643 8.13571550719 1.01678712449 1.0168741983 1.0169644384
7776 1048576 1998243.271 1998485.927 1998598.865 8.15944321674 8.15990432141 8.16089521665 1.01993040209 1.01998804018 1.02011190208
8552 1048576 2199039.698 2199329.912 2200728.81 8.14950202974 8.15468557316 8.15576177197 1.01868775372 1.01933569664 1.0194702215
9400 1048576 2417820.347 2418394.464 2418916.132 8.14961235704 8.15137029688 8.1533058585 1.01870154463 1.01892128711 1.01916323231
10336 1048576 2650292.852 2650392.497 2650792.062 8.17724007203 8.17847284753 8.17878033955 1.022155009 1.02230910594 1.02234754244
11368 1048576 2919153.944 2919763.895 2920293.297 8.16370874819 8.16518896505 8.16689506389 1.02046359352 1.02064862063 1.02086188299
12504 1048576 3213415.722 3213821.361 3297584.286 7.95212080532 8.15937964886 8.16040963156 0.994015100665 1.01992245611 1.02005120394
13752 1048576 3531270.258 3531590.325 3679391.208 7.8382625477 8.16630233123 8.16704250791 0.979782818462 1.0207877914 1.02088031349
15120 524288 1936232.145 1936470.641 2010214.004 7.88695586065 8.18730157035 8.18831004378 0.985869482581 1.02341269629 1.02353875547
16632 524288 2132765.461 2133413.674 2202569.351 7.91798724707 8.17465278513 8.17713731346 0.989748405883 1.02183159814 1.02214216418
18288 524288 2337611.918 2338025.353 2455002.002 7.81113737275 8.20194608386 8.20339669743 0.976392171594 1.02524326048 1.02542458718
20112 524288 2569730.051 2570142.353 2681704.803 7.86401265658 8.2053667134 8.20668322877 0.983001582072 1.02567083917 1.0258354036
22120 524288 2830431.551 2900508.978 2989129.257 7.7596179776 7.99670033636 8.19468717122 0.969952247201 0.999587542046 1.0243358964
24328 524288 3111854.598 3183484.626 3270543.731 7.79985195923 8.01315537058 8.19760568003 0.974981494904 1.00164442132 1.02470071
26760 524288 3420524.203 3539048.279 3587859.068 7.82079040124 7.92865526207 8.20338991766 0.977598800154 0.991081907758 1.02542373971
29432 262144 1917283.585 1964404.072 1987672.107 7.76327461741 7.85522929623 8.04828484254 0.970409327176 0.981903662028 1.00603560532
32368 262144 2103476.709 2147751.132 2152255.726 7.88482231874 7.9013595808 8.06766906968 0.985602789842 0.9876699476 1.00845863371
35600 262144 2310483.741 2358102.742 2385148.376 7.82536339785 7.91511432796 8.07824459822 0.978170424732 0.989389290995 1.00978057478
39160 262144 2565539.415 2597976.476 2618296.129 7.84140413019 7.9027344049 8.00265159052 0.980175516274 0.987841800612 1.00033144882
43072 262144 2814872.878 2856164.092 2860397.558 7.89475318661 7.90645495448 8.02243430334 0.986844148327 0.98830686931 1.00280428792
47376 262144 3113053.299 3132572.301 3135391.77 7.92203019912 7.92916041557 7.97887665334 0.99025377489 0.991145051946 0.997359581668
52112 262144 3408863.303 3437197.029 3441612.013 7.93863345223 7.94883040614 8.01489934547 0.992329181529 0.993603800767 1.00186241818
57320 131072 1871229.031 1880287.629 1889106.088 7.95407636207 7.99138059957 8.03006678021 0.994259545259 0.998922574946 1.00375834753
63048 131072 2057871.814 2067887.9 2075783.479 7.96212855493 7.99252943644 8.03143072351 0.995266069366 0.999066179555 1.00392884044
69352 131072 2261274.402 2270800.923 2280109.351 7.97339420586 8.00607860595 8.03980740768 0.996674275733 1.00075982574 1.00497592596
76280 131072 2485914.6 2494759.147 2503660.415 7.98684366306 8.01534061677 8.04385811162 0.998355457883 1.0019175771 1.00548226395
83904 131072 2734099.119 2740559.431 2752038.294 7.99223260227 8.0257081555 8.04467183474 0.999029075284 1.00321351944 1.00558397934
92288 131072 3004855.175 3004939.126 3023306.281 8.00208223164 8.0509935335 8.0512184658 1.00026027896 1.00637419169 1.00640230822
101512 131072 3303137.858 3303204.772 3303290.211 8.05583525159 8.05604361969 8.05620681666 1.00697940645 1.00700545246 1.00702585208
111656 131072 3633803.84 3634011.822 3634153.794 8.05413092652 8.05444558182 8.05490658076 1.00676636582 1.00680569773 1.00686332259
122816 65536 1996502.546 1996646.122 1998205.129 8.05609920542 8.0623895114 8.06296930813 1.00701240068 1.00779868893 1.00787116352
135096 65536 2200394.125 2200485.988 2200581.947 8.04664554126 8.04699644013 8.0473323896 1.00583069266 1.00587455502 1.0059165487
148600 65536 2420710.897 2420835.659 2420916.961 8.04542225684 8.04569245648 8.04610712669 1.00567778211 1.00571155706 1.00576339084
163456 65536 2661123.613 2661269.045 2661415.749 8.05004059965 8.05048436281 8.0509243266 1.00625507496 1.00631054535 1.00636554083
179800 65536 2926554.39 2926661.025 2926779.093 8.05210945246 8.05243429242 8.05272769935 1.00651368156 1.00655428655 1.00659096242
197776 65536 3219152.869 3219296.721 3219348.695 8.05221749115 8.05234749034 8.05270731988 1.00652718639 1.00654343629 1.00658841498
217552 65536 3540385.031 3540778.349 3541376.213 8.05194761272 8.0533071922 8.05420187192 1.00649345159 1.00666339903 1.00677523399
239304 32768 1946689.457 1946839.83 1947144.043 8.05437430291 8.05563287864 8.05625514003 1.00679678786 1.00695410983 1.0070318925
263232 32768 2141221.132 2141304.679 2142213.326 8.05296659423 8.05638381179 8.05669815891 1.00662082428 1.00704797647 1.00708726986
289552 32768 2353975.872 2355157.544 2356963.387 8.0510711268 8.05724437431 8.06128902922 1.00638389085 1.00715554679 1.00766112865
318504 32768 2589107.158 2589858.093 2589929.877 8.05947617708 8.0596995644 8.06203716965 1.00743452214 1.00746244555 1.00775464621
350352 32768 2847214.558 2848904.313 2849078.173 8.05898163469 8.05947344992 8.06425655822 1.00737270434 1.00743418124 1.00803206978
385384 32768 3131899.145 3133371.456 3133499.255 8.06016653226 8.06049527758 8.06428452983 1.00752081653 1.0075619097 1.00803556623
423920 32768 3443742.401 3446238.422 3446403.903 8.06116227289 8.06154935266 8.06739235546 1.00764528411 1.00769366908 1.00842404443
466312 16384 1893872.471 1895096.224 1895953.074 8.05933006758 8.06297401815 8.06818402505 1.00741625845 1.00787175227 1.00852300313
512936 16384 2083048.864 2084510.127 2084759.281 8.06226742875 8.06323108259 8.06888745554 1.00778342859 1.00790388532 1.00861093194
564224 16384 2291075.904 2294472.809 2297091.61 8.04865245753 8.05783880266 8.06978590265 1.00608155719 1.00722985033 1.00872323783
620640 16384 2520139.89 2528686.744 2571193.665 7.90960704238 8.04256658847 8.0698423134 0.988700880297 1.00532082356 1.00873028917
682704 16384 2771478.171 2815417.667 2846727.62 7.85844227415 7.94583515413 8.07180980391 0.982305284269 0.993229394266 1.00897622549
750968 16384 3059135.891 3142006.088 3345372.626 7.35574842478 7.83184969564 8.04400991025 0.919468553097 0.978981211955 1.00550123878
826064 16384 3397656.938 3741853.992 3897159.15 6.94569149222 7.23397150447 7.96680349015 0.868211436528 0.904246438058 0.995850436269
908664 16384 3850701.914 4552306.975 4591657.612 6.48460849393 6.54066215559 7.73238298289 0.810576061741 0.817582769448 0.966547872861
999528 8192 2314366.747 2737293.438 2953010.124 5.54561822152 5.98264932968 7.07591688881 0.693202277691 0.747831166211 0.884489611101
1099480 8192 3139022.749 3258675.473 3329495.987 5.41039256102 5.52797615757 5.73869059271 0.676299070127 0.690997019696 0.717336324089
1209424 8192 3756974.125 3884446.1 4132184.863 4.79533309205 5.10116559887 5.27424521882 0.599416636506 0.637645699859 0.659280652352
1330360 8192 4342040.55 4517154.38 4546496.081 4.79415749 4.82529849688 5.01990204582 0.599269686251 0.60316231211 0.627487755728
1463392 8192 4878399.233 4970827.738 5002144.902 4.79318672244 4.82338471412 4.91477088751 0.599148340305 0.602923089265 0.614346360939
1609728 8192 5447704.686 5501594.952 5506655.096 4.78943806943 4.7938432004 4.84126528 0.598679758679 0.59923040005 0.605158159999
1770696 8192 6011491.859 6054615.5 6059843.905 4.78743078515 4.79156492497 4.82593737868 0.598428848144 0.598945615622 0.603242172335
1947760 4096 3308967.233 3330578.308 3333545.318 4.78651057595 4.79077458761 4.82206344048 0.598313821993 0.598846823451 0.60275793006
2142536 4096 3637639.886 3663259.632 3665744.333 4.78801938095 4.79126697946 4.82501167297 0.598502422618 0.598908372433 0.603126459121
2356784 4096 4003429.593 4028962.193 4032124.408 4.78823879781 4.79199694689 4.82255877854 0.598529849727 0.598999618362 0.602819847318
2592456 4096 4401441.926 4431622.741 4434559.64 4.78906617028 4.79223995209 4.82510048049 0.598633271285 0.599029994011 0.603137560061
2851696 4096 4841480.344 4874469.836 4878282.217 4.78879502924 4.79254040295 4.82519642178 0.598599378655 0.599067550369 0.603149552723
3136864 4096 5327827.98 5361662.993 5364635.96 4.79010879389 4.79276484209 4.82320187222 0.598763599236 0.599095605262 0.602900234027
3450544 4096 5857778.166 5897409.796 5900507.168 4.79058081673 4.79309687232 4.82552524984 0.598822602091 0.59913710904 0.60319065623
3795592 2048 3223120.919 3245065.967 3246822.927 4.78829464419 4.79088714686 4.82350654 0.598536830524 0.598860893357 0.6029383175
4175144 2048 3545321.04 3569718.646 3572074.339 4.78752349504 4.79068282963 4.82365056114 0.59844043688 0.598835353704 0.602956320142
4592656 2048 3899478.427 3926209.687 3928936.934 4.78794118918 4.79126701722 4.8241115647 0.598492648648 0.598908377152 0.603013945588
5051920 2048 4289480.531 4318737.184 4320787.951 4.7890950805 4.79136919854 4.82404901257 0.598636885062 0.598921149817 0.603006126571
5557112 2048 4719212.396 4751290.389 4754208.898 4.78774307994 4.79068398023 4.8232477884 0.598467884993 0.598835497529 0.60290597355
6112816 2048 5193589.374 5226083.789 5230483.168 4.78695629673 4.79098601303 4.82096148405 0.598369537091 0.598873251628 0.602620185506
6724096 2048 5715007.55 5751033.404 5752881.226 4.78749623606 4.78903447106 4.8192232425 0.598437029508 0.598629308883 0.602402905312
7396504 1024 3147295.908 3167422.625 3168330.785 4.78107912965 4.78244995551 4.81303335778 0.597634891207 0.597806244438 0.601629169722
8136152 1024 3462668.822 3484969.746 3484998.038 4.78130521576 4.78134403179 4.81213773322 0.59766315197 0.597668003974 0.601517216653
8949760 1024 3809118.323 3832811.618 3834098.422 4.78055241744 4.78215740996 4.81190315599 0.59756905218 0.597769676245 0.601487894499
9844736 1024 4190125.736 4216838.41 4217536.631 4.78052026384 4.78131181887 4.81179339197 0.597565032981 0.597663977359 0.601474173996
10829208 1024 4608306.913 4637955.272 4640649.508 4.77911937667 4.78189561635 4.81266078903 0.597389922083 0.597736952044 0.601582598628
11912128 1024 5071389.013 5101949.279 5103538.336 4.7802204153 4.78170926638 4.8105239179 0.597527551912 0.597713658298 0.601315489737
13103336 1024 5580728.679 5611654.484 5613232.262 4.78078064036 4.78212480909 4.80862512255 0.597597580045 0.597765601137 0.601078140319
14413664 1024 6136606.834 6172459.56 6174371.446 4.7809212857 4.78240215024 4.81034302352 0.597615160713 0.59780026878 0.60129287794
15855024 512 3381350.36 3401716.242 3402103.366 4.77220790475 4.7727509942 4.80149728584 0.596525988094 0.596593874275 0.600187160729
17440520 512 3719211.269 3741249.768 3742171.456 4.77238755359 4.77356327096 4.80184942137 0.596548444198 0.59669540887 0.600231177671
19184568 512 4090943.042 4116058.143 4116283.335 4.77250860381 4.77276971061 4.80207067914 0.596563575476 0.596596213826 0.600258834892
21103024 512 4499725.731 4528074.609 4529058.369 4.7713000839 4.77233668656 4.80240305028 0.596412510488 0.59654208582 0.600300381286
23213320 512 4950063.26 4980039.189 4980971.578 4.7722496119 4.77314309745 4.80204765706 0.596531201488 0.596642887181 0.600255957133
25534648 512 5446048.255 5478191.146 5479015.301 4.7722954063 4.77301336429 4.80118396454 0.596536925787 0.596626670536 0.600147995567
28088112 512 5992227.01 6025028.794 6026394.525 4.77270888401 4.77379074381 4.79992273991 0.596588610501 0.596723842977 0.599990342489
30896920 256 3306595.082 3326304.657 3327378.219 4.75426056156 4.75579499512 4.78414279575 0.594282570196 0.59447437439 0.598017849468
33986608 256 3639588.298 3659491.417 3659894.998 4.75454714015 4.75507148757 4.78107463571 0.594318392519 0.594383935947 0.597634329464
37385264 256 4000333.883 4024840.847 4026345.589 4.754002046 4.75577939492 4.78491439161 0.59425025575 0.594472424365 0.598114298951
41123784 256 4402188.784 4427866.632 4428332.998 4.75469604872 4.7551968381 4.78293377252 0.59433700609 0.594399604762 0.597866721565
45236160 256 4840488.191 4870565.052 4871095.61 4.7547647951 4.7552827388 4.78483016714 0.594345599388 0.594410342351 0.598103770893
49759776 256 5324973.461 5357232.432 5358328.279 4.75465555402 4.75562814109 4.78443798802 0.594331944252 0.594453517637 0.598054748502
54735752 256 5857713.527 5892686.703 5894069.701 4.75472915077 4.75584507314 4.78423960046 0.594341143846 0.594480634142 0.598029950057
60209320 128 3245337.764 3265237.388 3266795.494 4.71825859571 4.72051005438 4.74945507706 0.589782324464 0.590063756798 0.593681884632
66230248 128 3570516.034 3592274.204 3592939.072 4.71896214999 4.7198355485 4.74859749306 0.589870268749 0.589979443563 0.593574686633
72853272 128 3928228.804 3951019.271 3952012.321 4.71922557855 4.72041170968 4.74779819674 0.589903197318 0.59005146371 0.593474774592
80138592 128 4320908.254 4345999.031 4346269.158 4.72025058877 4.7205439775 4.74795537096 0.590031323596 0.590067997187 0.59349442137
88152448 128 4754921.344 4781198.06 4781704.19 4.71945268701 4.71995228075 4.7460357502 0.589931585877 0.589994035093 0.593254468775
96967688 128 5228421.732 5258764.456 5259361.789 4.71991262893 4.72044875478 4.74784349856 0.589989078616 0.590056094347 0.59348043732
106664456 128 5750951.768 5785229.789 5785790.834 4.71951052491 4.71996821767 4.7481011557 0.589938815614 0.589996027209 0.593512644462
117330896 64 3212212.98 3229133.501 3229540.535 4.6503069168 4.65089309047 4.67539194366 0.5812883646 0.581361636309 0.584423992957
129063984 64 3530245.506 3551482.139 3552314.306 4.65054286556 4.65163255943 4.67961503638 0.581317858195 0.581454069929 0.584951879548
141970376 64 3886171.333 3906930.245 3907364.665 4.65075816721 4.65127529504 4.67612119252 0.581344770901 0.58140941188 0.584515149065
156167408 64 4272618.129 4297859.951 4299178.591 4.64959242816 4.65101898431 4.67849632719 0.581199053519 0.581377373039 0.584812040898
171784144 64 4699410.474 4727330.79 4727745.13 4.6509212801 4.65132892298 4.67896357504 0.581365160012 0.581416115372 0.58487044688
188962552 64 5172150.795 5200142.95 5200944.491 4.65054120417 4.65125803051 4.67643106604 0.581317650521 0.581407253814 0.584553883255
207858800 64 5686861.712 5720181.018 5721082.01 4.65050603251 4.65123853883 4.67849013171 0.581313254064 0.581404817354 0.584811266464
228644680 64 6254380.63 6292567.372 6294113.977 4.64982349334 4.6509663401 4.67936327694 0.581227936667 0.581370792513 0.584920409617
251509144 32 3541219.251 3562492.775 3563076.265 4.51760894767 4.51834887328 4.54549240673 0.564701118459 0.56479360916 0.568186550842
276660056 32 3894633.147 3918395.945 3919205.759 4.51781423911 4.51874793475 4.54631872007 0.564726779888 0.564843491844 0.568289840008
304326056 32 4283985.894 4310462.599 4311102.355 4.51783928568 4.51850982039 4.5464359748 0.56472991071 0.564813727549 0.568304496849
334758656 32 4715470.843 4741344.858 4742073.141 4.51797206559 4.51866603794 4.54346017552 0.564746508198 0.564833254742 0.56793252194
368234520 32 5184806.192 5215413.17 5216251.854 4.51799681833 4.51872335169 4.5453983056 0.564749602292 0.564840418961 0.5681747882
405057968 32 5701015.226 5737466.842 5738019.501 4.51788460243 4.5183197857 4.54720938716 0.564735575304 0.564789973212 0.568401173395
445563760 32 6270452.647 6310745.128 6311528.474 4.51809427106 4.51865509724 4.54769093163 0.564761783882 0.564831887155 0.568461366454
490120136 16 3647211.218 3668510.974 3669563.106 4.27403587265 4.2752616697 4.30022924765 0.534254484081 0.534407708712 0.537528655956
539132144 16 4010096.417 4035577.273 4036333.664 4.27423251994 4.27503364226 4.30219795586 0.534279064993 0.534379205282 0.537774744482
593045352 16 4412423.627 4438814.182 4439826.744 4.27436752789 4.27534257707 4.30091325499 0.534295940986 0.534417822134 0.537614156874
652349880 16 4856057.45 4882945.961 4883394.75 4.27473043419 4.27512332242 4.29879513884 0.534341304274 0.534390415303 0.537349392355
717584864 16 5339281.836 5371797.195 5373040.974 4.27369077569 4.27468030055 4.30071240914 0.534211346962 0.534335037568 0.537589051143
789343344 16 5871743.611 5908842.306 5910077.393 4.27388430445 4.27477764677 4.30178643371 0.534235538056 0.534347205847 0.537723304213
868277672 16 6460084.079 6499049.477 6500567.035 4.2742249029 4.27522295412 4.30100988845 0.534278112863 0.534402869264 0.537626236056
955105432 8 3935754.466 3960139.335 3960487.27 3.85853706127 3.85887606957 3.88278462084 0.482317132659 0.482359508696 0.485348077605
1050615968 8 4329420.32 4355847.021 4356697.719 3.85839380471 3.85914734998 3.88270351353 0.482299225589 0.482393418747 0.485337939191
1155677560 8 4762245.268 4791739.294 4792103.222 3.85860656655 3.85889962402 3.88279895709 0.482325820819 0.482362453002 0.485349869636
1271245312 8 5238593.08 5270300.643 5271572.482 3.858417021 3.85934814156 3.88270756697 0.482302127625 0.482418517694 0.485338445871
1398369840 8 5764077.984 5797585.077 5798434.69 3.85861333897 3.85917880339 3.88161254968 0.482326667372 0.482397350424 0.485201568709
1538206824 8 6341626.832 6377588.009 6378681.199 3.85836953066 3.8590308984 3.88091413071 0.482296191332 0.4823788623 0.485114266339
1692027504 8 6974468.979 7015155.8 7015449.405 3.85897445782 3.8591359673 3.88164893206 0.482371807227 0.482391995913 0.485206116507
1861230248 8 7672441.19 7716614.935 7717274.072 3.85883456907 3.85916418259 3.88138315179 0.482354321133 0.482395522824 0.485172893974
2047353272 4 5040362.071 5069750.625 5070068.632 3.23049397648 3.2306966136 3.24953365359 0.40381174706 0.4038370767 0.406191706699
2252088592 4 5541785.459 5576491.64 5577071.49 3.23049628614 3.23083219685 3.25106572048 0.403812035768 0.403854024607 0.40638321506
2477297448 4 6096500.752 6134122.538 6134951.327 3.23040534923 3.23084181335 3.25077948649 0.403800668654 0.403855226669 0.406347435812
2725027192 4 6708529.696 6747394.966 6748357.344 3.23044800753 3.23090876492 3.24962674742 0.403806000941 0.403863595615 0.406203343428
2997529904 4 7378973.112 7422264.605 7422371.373 3.23080563164 3.23085210622 3.24980710297 0.403850703955 0.403856513278 0.406225887871
3297282888 4 8116056.776 8164074.636 8165697.22 3.23037487104 3.23101689782 3.25013289483 0.40379685888 0.403877112228 0.406266611854
3627011176 4 8921885.551 8981353.676 8999279.278 3.22426813433 3.23070334993 3.2522373485 0.403033516791 0.403837918742 0.406529668562
3989712288 2 6506992.529 6547757.249 6549196.628 2.43676439394 2.43730006247 2.45256915247 0.304595549242 0.304662507808 0.306571144059
4388683512 2 7156324.282 7202519.492 7205023.199 2.4364576717 2.43730462201 2.45303781051 0.304557208963 0.304663077752 0.306629726313
4827551856 2 7871132.326 7924522.733 7925582.579 2.43644012683 2.43676598259 2.45329472612 0.304555015854 0.304595747823 0.306661840766
5310307040 2 8660112.891 8715223.733 8715860.056 2.43707769784 2.43725563574 2.45276573497 0.30463471223 0.304656954468 0.306595716871
5841337744 2 9527011.748 9585763.614 9591103.486 2.43614835458 2.43750544212 2.45253722721 0.304518544322 0.304688180265 0.306567153401
6425471512 2 10481044.713 10544962.551 10547520.198 2.43677049823 2.43736152914 2.45222558932 0.304596312279 0.304670191142 0.306528198665
7068018656 2 11526168.092 11598681.592 11601064.298 2.43702421586 2.4375248514 2.45285982283 0.304628026983 0.304690606425 0.306607477853
7774820520 1 6341198.451 6379002.08 6380612.26 2.43701394261 2.43762909072 2.45216123737 0.304626742826 0.304703636341 0.306520154671
8552302568 1 6972950.873 7017312.508 7020878.591 2.43624852849 2.43748658999 2.45299378234 0.304531066061 0.304685823748 0.306624222792
9407532824 1 7673138.874 7720237.258 7722986.012 2.43624235739 2.43710976998 2.4520689586 0.304530294674 0.304638721247 0.306508619826
10348286104 1 8437714.44 8492148.327 8492914.233 2.43692231432 2.4371421001 2.45286473667 0.30461528929 0.304642762512 0.306608092084
11383114712 1 9283393.229 9341691.495 9341922.016 2.43699630387 2.4370564406 2.45236077611 0.304624537983 0.304632055075 0.306545097014
12521426176 1 10212716.045 10275621.055 10278584.908 2.43641051528 2.43711326235 2.4521246103 0.304551314409 0.304639157793 0.306515576288
13773568792 1 11231021.085 11304521.537 11328544.033 2.43165736954 2.43682472485 2.45277231478 0.303957171192 0.304603090607 0.306596539348

META_DATA
TIMESTAMP_DATA  1618342296.01
TIMESTAMP_DATA  1618344012.18
UNAME  ('Linux', 'linux', '5.4.44-mlnx.14.gd7fb187', '#1 SMP PREEMPT Tue Sep 15 16:18:01 UTC 2020', 'aarch64', 'aarch64')
MPI_PROCS      1
OPENMP_THREADS 1
TIMESTAMP_DATA  1618338874.7
HOSTNAME  linux
TIMESTAMP_DATA  1618345726.93
FLOPS          2
TIMESTAMP_DATA  1618340581.31
CONFIG  {'ERT_WORKING_SET_MIN': ['1'], 'ERT_CFLAGS': ['-O3'], 'ERT_CC': ['gcc'], 'ERT_MPI_CFLAGS': [], 'ERT_MPI_LDFLAGS': [], 'ERT_MEMORY_MAX': ['15000000000'], 'ERT_PROCS_THREADS': ['1'], 'ERT_LDFLAGS': [], 'ERT_LDLIBS': [], 'ERT_SPEC_GBYTES_DRAM': ['0'], 'ERT_RUN': ['export', 'KMP_AFFINITY=scatter;', 'export', 'OMP_NUM_THREADS=ERT_OPENMP_THREADS;', 'ERT_CODE'], 'ERT_FLOPS': ['1,2,4,8,16'], 'ERT_OPENMP_CFLAGS': ['-fopenmp'], 'ERT_SPEC_GFLOPS': ['0'], 'ERT_MPI': ['False'], 'ERT_TRIALS_MIN': ['1'], 'ERT_DRIVER': ['driver1'], 'ERT_RESULTS': ['Results.arm'], 'ERT_OPENMP': ['True'], 'ERT_MPI_PROCS': ['1'], 'ERT_KERNEL': ['kernel1'], 'ERT_OPENMP_THREADS': ['1'], 'ERT_LD': ['gcc'], 'ERT_NUM_EXPERIMENTS': ['6'], 'ERT_OPENMP_LDFLAGS': ['-fopenmp'], 'ERT_ALIGN': ['32'], 'ERT_GNUPLOT': ['gnuplot']}
ERT_VERSION  1.0.0
TIMESTAMP_DATA  1618347441.01
