8 1073741824 8280490.661 8280779.823 8281722.266 2.07443193966 2.07466803263 2.07474048186 0.518607984915 0.518667008157 0.518685120464
16 536870912 4140231.444 4140380.842 4140787.392 4.14893776415 4.14934515437 4.14949488123 1.03723444104 1.03733628859 1.03737372031
24 536870912 4143729.428 4145594.908 4153232.183 6.2047587615 6.21618955732 6.21898804537 1.55118969037 1.55404738933 1.55474701134
32 268435456 2071405.918 2072577.452 2073536.851 8.28529725706 8.28913253274 8.29382065326 2.07132431426 2.07228313319 2.07345516332
40 268435456 2072243.681 2074624.625 2076938.021 10.339661686 10.3511913535 10.3630845527 2.58491542151 2.58779783837 2.59077113817
48 268435456 2079892.147 2082854.549 2083784.453 12.3668279312 12.3723491822 12.3899711883 3.0917069828 3.09308729555 3.09749279706
56 134217728 1035797.242 1035881.847 1035957.381 14.510621587 14.5116796665 14.5128649956 3.62765539676 3.62791991662 3.62821624891
64 134217728 1035345.132 1035416.053 1035562.579 16.5898899134 16.5922376172 16.5933741832 4.14747247834 4.14805940429 4.14834354579
72 134217728 1065513.892 1065557.151 1065628.087 18.1370527558 18.1382601711 18.1389965697 4.53426318895 4.53456504277 4.53474914244
80 134217728 1066034.249 1066132.141 1066354.1 20.1385604275 20.1427530924 20.144602765 5.03464010688 5.03568827309 5.03615069125
88 134217728 1085135.97 1085228.18 1085250.43 21.7666996253 21.7671458992 21.7689955739 5.44167490632 5.4417864748 5.44224889347
96 134217728 1086172.104 1086624.031 1086733.46 23.7130857975 23.7154738353 23.7253412061 5.92827144938 5.92886845883 5.93133530154
104 134217728 1129917.165 1129975.929 1130031.208 24.7048818 24.7060903755 24.7073752738 6.17622045001 6.17652259387 6.17684381846
112 67108864 566343.964 566666.425 566928.103 26.5155060341 26.5277504945 26.5428546812 6.62887650853 6.63193762362 6.63571367029
120 67108864 601738.953 601746.061 601845.348 26.7612392677 26.7656548233 26.7659709907 6.69030981693 6.69141370582 6.69149274769
128 67108864 601672.513 601978.864 602437.432 28.5172671409 28.5389906713 28.5535217461 7.12931678522 7.13474766782 7.13838043653
136 67108864 632565.425 632567.369 632668.899 28.8517596437 28.8563904851 28.8564791666 7.21293991093 7.21409762128 7.21411979164
144 67108864 631564.104 632637.077 633740.723 30.4972556293 30.5504586036 30.6023612007 7.62431390731 7.6376146509 7.65059030017
152 67108864 684904.537 684922.515 685014.403 29.7819937313 29.7859892312 29.7867710811 7.44549843283 7.4464973078 7.44669277027
160 67108864 684689.592 687235.03 688217.8 31.2035470167 31.2481691744 31.3643390098 7.80088675416 7.81204229359 7.84108475246
176 67108864 750014.921 752269.724 753091.012 31.367151847 31.401396832 31.4958002389 7.84178796175 7.85034920799 7.87395005972
192 67108864 816596.958 818071.692 818710.815 31.476075928 31.5006667851 31.5575554422 7.869018982 7.87516669627 7.88938886054
208 67108864 882170.121 885171.852 886363.551 31.4964298707 31.5388332344 31.6461493758 7.87410746767 7.8847083086 7.91153734394
224 33554432 474037.714 476077.517 476908.794 31.5204620362 31.5754997857 31.711370408 7.88011550905 7.89387494642 7.92784260199
240 33554432 507289.086 508786.725 509698.55 31.5993195586 31.6559504574 31.7494064124 7.89982988965 7.91398761436 7.93735160311
264 33554432 571879.293 571890.732 572056.977 30.9702368965 30.9792397475 30.9798594089 7.74255922413 7.74480993687 7.74496485222
288 33554432 606751.036 608732.934 609390.561 31.715871674 31.7501349976 31.8538439743 7.92896791849 7.93753374941 7.96346099358
312 33554432 670029.646 670042.309 670125.202 31.2448561933 31.2487215908 31.2493121655 7.81121404833 7.8121803977 7.81232804138
336 33554432 695344.829 696472.034 787057.671 28.6492072117 32.3754252909 32.4279082314 7.16230180291 8.09385632274 8.10697705785
368 33554432 834999.354 842336.722 847182.096 29.1508308174 29.3185151579 29.5761449799 7.28770770434 7.32962878947 7.39403624497
400 33554432 902384.966 913062.879 914442.842 29.3550830813 29.3994490603 29.7473324705 7.33877077032 7.34986226507 7.43683311763
440 33554432 997078.34 1000337.519 1001508.044 29.4834378385 29.5179372953 29.6144234364 7.37085945962 7.37948432383 7.40360585909
480 16777216 539789.804 540445.266 540480.105 29.7996673902 29.8015883814 29.8377761874 7.44991684754 7.45039709535 7.45944404685
528 16777216 593105.504 593113.742 593292.579 29.8617254338 29.8707294089 29.8711443015 7.46543135845 7.46768235223 7.46778607538
576 16777216 640398.083 640499.517 640654.823 30.1681219561 30.1754370129 30.1802165638 7.54203048901 7.54385925321 7.54505414096
632 16777216 703310.079 703481.161 703521.59 30.1432128387 30.1449451665 30.1522780025 7.53580320968 7.53623629162 7.53806950064
688 16777216 759773.296 759811.566 759887.601 30.3800840883 30.3831242495 30.3846546562 7.59502102206 7.59578106238 7.59616366406
752 16777216 826579.858 826621.2 826716.394 30.5218730959 30.525388006 30.5269147558 7.63046827398 7.6313470015 7.63172868894
824 16777216 903619.244 903645.874 903746.442 30.5935942683 30.5969990718 30.5979007769 7.64839856708 7.64924976795 7.64947519422
904 8388608 494655.938 494668.467 494779.265 30.6532717453 30.6601375988 30.6609141807 7.66331793633 7.6650343997 7.66522854518
992 8388608 537358.951 537370.44 537476.085 30.9650954461 30.9711830669 30.9718452461 7.74127386152 7.74279576673 7.74296131153
1088 8388608 587387.834 587467.261 587566.426 31.0664636376 31.0717076845 31.0759092229 7.7666159094 7.76792692112 7.76897730572
1192 8388608 645024.895 645067.123 645172.614 30.9970402308 31.0021093293 31.0041389519 7.74926005771 7.75052733233 7.75103473797
1304 8388608 702258.308 702272.985 702367.613 31.1482039591 31.1524010339 31.1530521103 7.78705098978 7.78810025848 7.78826302757
1432 8388608 768987.026 769068.046 769108.408 31.2374342318 31.2390736255 31.2423649551 7.80935855794 7.80976840637 7.81059123877
1568 8388608 837783.978 837818.325 837912.588 31.3954881031 31.3990204117 31.4003076913 7.84887202578 7.84975510293 7.85007692281
1720 8388608 919166.869 919215.366 919311.657 31.3895851317 31.3928732997 31.3945296477 7.84739628293 7.84821832493 7.84863241192
1888 4194304 502389.967 502399.878 502485.793 31.5186859502 31.5240759354 31.524697833 7.87967148755 7.88101898385 7.88117445825
2072 4194304 551401.671 551479.94 551584.753 31.5113782269 31.5173672065 31.5218409558 7.87784455674 7.87934180163 7.88046023894
2272 4194304 602671.961 602684.623 602770.872 31.6188426836 31.6233675934 31.6240319931 7.90471067089 7.90584189834 7.90600799827
2496 4194304 661047.635 661058.316 661393.917 31.6573301172 31.673401667 31.6739134359 7.91433252931 7.91835041676 7.91847835898
2744 4194304 726628.19 726741.91 726843.685 31.6689005174 31.6733355202 31.6782925144 7.91722512936 7.91833388004 7.91957312859
3016 4194304 798406.062 798428.189 798520.332 31.6836537708 31.6873102385 31.6881884196 7.92091344269 7.92182755962 7.9220471049
3312 4194304 874572.779 874644.106 874691.903 31.7632638426 31.7649996215 31.7675902602 7.94081596066 7.94124990536 7.94189756505
3640 2097152 480237.964 480295.891 480340.857 31.7842347523 31.7872104386 31.791044658 7.94605868807 7.94680260964 7.9477611645
4000 2097152 526695.566 526735.059 526799.384 31.8474480221 31.8513372394 31.8537255353 7.96186200552 7.96283430984 7.96343138381
4400 2097152 579151.087 579189.73 579276.974 31.8585727179 31.8633716105 31.8654976469 7.96464317948 7.96584290264 7.96637441173
4840 2097152 637059.885 637136.678 637215.294 31.8580416245 31.8619725735 31.8658133058 7.96451040612 7.96549314337 7.96645332644
5320 2097152 699732.213 699775.225 699871.473 31.8825643576 31.8869495273 31.8889095935 7.97064108941 7.97173738181 7.97222739837
5848 2097152 768245.86 768309.213 768375.981 31.9222495217 31.9250236454 31.9276563261 7.98056238044 7.98125591135 7.98191408152
6432 2097152 843920.092 843938.135 844209.151 31.9562555038 31.9665176974 31.9672011411 7.98906387595 7.99162942435 7.99180028528
7072 2097152 927432.183 927439.192 927527.982 31.9797552889 31.9828169263 31.9830586341 7.99493882223 7.99570423157 7.99576465851
7776 1048576 509613.77 509659.336 509724.595 31.9926762647 31.9967727463 31.9996336677 7.99816906618 7.99919318656 7.99990841692
8552 1048576 560645.952 560726.06 561022.806 31.9681191427 31.9850372283 31.9896074163 7.99202978568 7.99625930708 7.99740185407
9400 1048576 615801.997 615818.763 615929.792 32.0056426171 32.0114130722 32.012284624 8.00141065428 8.00285326805 8.003071156
10336 1048576 676593.903 676612.093 676698.91 32.0322121872 32.0363222831 32.0371835689 8.00805304681 8.00908057078 8.00929589222
11368 1048576 744301.124 744415.833 744519.231 32.0212332245 32.0256809154 32.0306165976 8.00530830613 8.00642022884 8.0076541494
12504 1048576 818262.907 818276.003 818379.921 32.042316698 32.0463859527 32.0468988435 8.01057917451 8.01159648818 8.01172471087
13752 1048576 899642.979 899693.774 899775.338 32.0524836434 32.0553894419 32.0571993304 8.01312091086 8.01384736047 8.0142998326
15120 524288 494391.001 494396.779 494491.513 32.0621662924 32.0683098949 32.0686846806 8.01554157311 8.01707747372 8.01717117015
16632 524288 543749.949 543765.818 544043.965 32.0560784678 32.0724757877 32.0734118027 8.01401961696 8.01811894693 8.01835295069
18288 524288 597696.813 597715.544 597808.685 32.0777505733 32.0827491948 32.0837546243 8.01943764333 8.02068729871 8.02093865607
20112 524288 657184.159 657203.056 657308.765 32.0837962841 32.0889568596 32.0898795614 8.02094907102 8.02223921491 8.02246989036
22120 524288 722790.233 722849.013 722916.513 32.0846193204 32.087615398 32.0902248827 8.02115483009 8.02190384951 8.02255622068
24328 524288 794807.231 794851.578 794934.424 32.0903915566 32.0937362824 32.0955269819 8.02259788916 8.02343407061 8.02388174548
26760 524288 874120.956 874138.102 874233.576 32.0965638135 32.1000694236 32.1006990708 8.02414095338 8.0250173559 8.02517476769
29432 262144 480594.482 480615.961 480699.247 32.1008291823 32.106391939 32.107826856 8.02520729557 8.02659798475 8.026956714
32368 262144 528439.336 528457.706 528567.792 32.1059176152 32.1126057797 32.1137221019 8.0264794038 8.02815144491 8.02843052547
35600 262144 581878.319 581897.569 581992.115 32.0702846636 32.0754954039 32.0765565421 8.01757116589 8.01887385097 8.01913913551
39160 262144 639957.857 640040.898 640075.963 32.0760648217 32.0778221269 32.0819845486 8.01901620542 8.01945553173 8.02049613714
43072 262144 703966.365 704006.603 704114.009 32.0716992523 32.0765922362 32.0784257015 8.01792481308 8.01914805904 8.01960642537
47376 262144 774221.859 774251.031 774323.029 32.0779149757 32.0808979175 32.0821066975 8.01947874393 8.02022447937 8.02052667438
52112 262144 851530.831 851587.317 851844.568 32.0735698534 32.0832587693 32.0853870011 8.01839246335 8.02081469234 8.02134675027
57320 131072 468151.209 468175.877 468278.907 32.0879156746 32.0949771618 32.0966683224 8.02197891864 8.02374429044 8.0241670806
63048 131072 514881.462 514898.614 514994.186 32.0928961167 32.0988529831 32.0999222769 8.02322402917 8.02471324578 8.02498056922
69352 131072 566308.107 566318.184 566417.271 32.0968508886 32.1024667786 32.1030380164 8.02421272214 8.02561669466 8.02575950409
76280 131072 622815.609 622846.347 622997.814 32.0969734895 32.1047789978 32.1063634743 8.02424337239 8.02619474944 8.02659086857
83904 131072 685144.18 685159.674 685267.103 32.0968715406 32.101904141 32.1026301004 8.02421788515 8.02547603524 8.02565752511
92288 131072 753550.85 753565.011 753668.572 32.0999791829 32.1043906217 32.104993939 8.02499479572 8.02609765543 8.02624848476
101512 131072 828671.408 828714.669 828793.971 32.1078128692 32.1108853547 32.1125617116 8.0269532173 8.02772133867 8.02814042789
111656 131072 911453.455 911467.596 911574.407 32.1092279898 32.1129907332 32.1134889592 8.02730699744 8.02824768331 8.02837223981
122816 65536 501306.414 501316.021 501408.714 32.1050239107 32.1109601083 32.1115754805 8.02625597767 8.02774002708 8.02789387012
135096 65536 551311.751 551321.352 551441.351 32.110945035 32.1179342098 32.1184935382 8.02773625876 8.02948355245 8.02962338454
148600 65536 606418.567 606432.116 606532.955 32.1125159638 32.1178557107 32.1185733088 8.02812899095 8.02946392767 8.0296433272
163456 65536 667087.175 667105.67 667191.167 32.1114935144 32.1156089589 32.1164993646 8.02787337861 8.02890223973 8.02912484114
179800 65536 733677.87 733683.962 733787.971 32.1165602754 32.1211132049 32.1213799184 8.02914006886 8.03027830122 8.0303449796
197776 65536 807109.444 807126.934 807222.237 32.1137038647 32.1174957494 32.1181917331 8.02842596617 8.02937393736 8.02954793328
217552 65536 887804.094 887846.431 887917.994 32.1144249094 32.1170134253 32.1185449996 8.02860622734 8.02925335632 8.02963624991
239304 32768 488216.108 488218.976 488317.649 32.116445056 32.1229360491 32.1231247536 8.02911126401 8.03073401227 8.0307811884
263232 32768 537116.106 537124.556 537230.762 32.1112891745 32.1176385613 32.1181438413 8.02782229362 8.02940964032 8.02953596033
289552 32768 590805.152 590833.843 590910.809 32.1132725667 32.1174558581 32.1190155634 8.02831814166 8.02936396451 8.02975389084
318504 32768 649786.967 649797.231 649904.144 32.1177797321 32.1230641625 32.1235715767 8.02944493304 8.03076604061 8.03089289416
350352 32768 714822.837 714841.975 714953.352 32.1149185577 32.1199222695 32.1207822184 8.02872963941 8.02998056738 8.03019555459
385384 32768 786195.398 786211.74 786316.663 32.1200440134 32.1243305576 32.1249982997 8.03001100334 8.03108263939 8.03124957493
423920 32768 864890.371 864913.553 865184.858 32.1110810749 32.1211536386 32.1220145946 8.02777026872 8.03028840964 8.03050364865
466312 16384 475626.152 475633.288 475674.808 32.1230205153 32.1258246668 32.1263066628 8.03075512883 8.03145616671 8.0315766657
512936 16384 523166.97 523188.307 523274.22 32.120609435 32.1258839755 32.1271942072 8.03015235874 8.03147099387 8.03179855181
564224 16384 575541.625 575557.519 575833.628 32.1073503404 32.1227530206 32.1236401138 8.02683758511 8.03068825516 8.03091002844
620640 16384 633080.407 633152.552 633595.727 32.0979619233 32.1204288852 32.1240892865 8.02449048082 8.0301072213 8.03102232162
682704 16384 696409.925 696747.906 697698.812 32.0637562903 32.1075161897 32.1230985788 8.01593907258 8.02687904741 8.03077464469
750968 16384 766112.997 766300.45 767290.648 32.0709231738 32.1123645745 32.1202218476 8.01773079346 8.02809114362 8.03005546191
826064 16384 842878.159 844373.668 845050.735 32.0317633379 32.0574482339 32.1143273947 8.00794083446 8.01436205848 8.02858184868
908664 16384 929126.201 929904.571 930460.142 32.0004056144 32.01952424 32.0463484077 8.00010140359 8.00488105999 8.01158710193
999528 8192 511353.743 511648.149 512268.083 31.9681574852 32.0068914233 32.0253190207 7.99203937131 8.00172285584 8.00632975517
1099480 8192 562522.913 563440.714 564278.923 31.9237164206 31.9712081012 32.0233716773 7.98092910516 7.99280202531 8.00584291933
1209424 8192 619222.61 620318.672 621379.598 31.8890463732 31.9435859509 32.0001280573 7.97226159331 7.98589648773 8.00003201433
1330360 8192 680963.414 682248.699 683560.867 31.8868725409 31.9482005198 32.0085011792 7.97171813523 7.98705012994 8.0021252948
1463392 8192 749211.64 749832.98 750153.813 31.9617311977 31.9754067472 32.0019247539 7.99043279941 7.99385168681 8.00048118847
1609728 8192 823013.925 823498.877 824378.216 31.9923343923 32.026496075 32.0453673393 7.99808359808 8.00662401875 8.01134183483
1770696 8192 904306.667 904878.085 905065.315 32.0541322081 32.060764588 32.0810233106 8.01353305203 8.01519114699 8.02025582766
1947760 4096 497118.925 497315.201 497361.786 32.0813749048 32.084380063 32.0970478442 8.02034372621 8.02109501575 8.02426196106
2142536 4096 546642.439 546765.444 546830.128 32.0970883155 32.1008854978 32.1081088108 8.02427207888 8.02522137445 8.02702720269
2356784 4096 601351.672 601433.576 601486.087 32.0984557171 32.1012582244 32.1056304106 8.02461392927 8.0253145561 8.02640760264
2592456 4096 661398.745 661447.437 662942.954 32.0350332164 32.1074636683 32.1098274113 8.00875830411 8.02686591709 8.02745685282
2851696 4096 727621.337 727698.653 728730.655 32.0572401774 32.1027028643 32.1061140515 8.01431004436 8.02567571607 8.02652851287
3136864 4096 800348.825 801546.091 802381.979 32.0261303974 32.0595286741 32.1074874921 8.00653259936 8.01488216852 8.02687187302
3450544 4096 880395.896 880595.014 882778.661 32.0203213974 32.0997234808 32.1069834337 8.00508034935 8.02493087021 8.02674585843
3795592 2048 484171.386 484199.567 486066.441 31.9848142571 32.1081345205 32.1100033615 7.99620356428 8.02703363012 8.02750084037
4175144 2048 532578.389 532689.263 533732.881 32.0411022682 32.1038755835 32.1105590787 8.01027556704 8.02596889587 8.02763976966
4592656 2048 585920.434 587084.561 587652.908 32.0112752271 32.0422648212 32.1059275021 8.00281880678 8.0105662053 8.02648187552
5051920 2048 644558.372 645540.037 646408.294 32.0117555917 32.0548116832 32.1036312907 8.00293889793 8.0137029208 8.02590782267
5557112 2048 708941.735 709430.687 710144.814 32.0525198569 32.0847845591 32.1069132035 8.01312996422 8.02119613977 8.02672830088
6112816 2048 780159.16 780968.912 781686.808 32.0308518447 32.0602958085 32.093572209 8.00771296117 8.01507395214 8.02339305226
6724096 2048 858957.97 859775.903 860666.33 32.0006676873 32.033809182 32.0643130141 8.00016692183 8.0084522955 8.01607825351
7396504 1024 472722.804 473833.174 474233.548 31.9421522494 31.9691423547 32.044234092 7.98553806236 7.99228558868 8.011058523
8136152 1024 520789.712 521322.676 522597.594 31.8846460208 31.9626213535 31.995331152 7.97116150519 7.99065533838 7.998832788
8949760 1024 574750.126 575234.204 576168.445 31.8120657927 31.8637319418 31.8905688765 7.95301644817 7.96593298545 7.97264221913
9844736 1024 634369.597 634829.605 636216.363 31.6905073502 31.7597339021 31.7827642172 7.92262683756 7.93993347553 7.9456910543
10829208 1024 700892.801 702120.556 702240.714 31.582073699 31.5874785241 31.642810359 7.89551842475 7.89686963103 7.91070258974
11912128 1024 776432.341 777291.285 778476.345 31.3381881167 31.3859663871 31.420687748 7.83454702917 7.84649159678 7.855171937
13103336 1024 860842.863 861840.328 862625.129 31.1092631386 31.1375915656 31.1736709235 7.77731578464 7.78439789139 7.79341773087
14413664 1024 956147.312 958233.625 958667.388 30.7918932484 30.8058317949 30.8730501059 7.6979733121 7.70145794873 7.71826252648
15855024 512 531812.649 532480.327 534842.812 30.3557310891 30.4904120448 30.5286920244 7.58893277227 7.62260301121 7.6321730061
17440520 512 590902.167 591489.179 592627.395 30.1354487333 30.1934390587 30.2234337211 7.53386218334 7.54835976467 7.55585843028
19184568 512 655731.014 656596.568 657949.847 29.8578952812 29.9194339255 29.9589270792 7.4644738203 7.47985848138 7.4897317698
21103024 512 726955.091 728380.738 732128.483 29.5159894442 29.6678583722 29.7260406365 7.37899736104 7.41696459304 7.43151015913
23213320 512 806194.185 809270.831 812043.487 29.2723727984 29.3726633525 29.4847570502 7.31809319961 7.34316583814 7.37118926255
25534648 512 892150.202 894962.837 901256.687 29.0122447125 29.2162740965 29.3083827066 7.25306117812 7.30406852413 7.32709567665
28088112 512 986538.258 989957.914 996928.997 28.8508276663 29.0539893477 29.1546997339 7.21270691658 7.26349733692 7.28867493348
30896920 256 545933.416 547375.54 551662.164 28.6755628215 28.9001277624 28.976469614 7.16889070536 7.22503194059 7.2441174035
33986608 256 602788.044 603051.246 609166.244 28.5655081308 28.8551651479 28.8677644973 7.1413770327 7.21379128698 7.21694112433
37385264 256 664580.186 669143.931 675144.707 28.3513370831 28.6055873501 28.8020250547 7.08783427076 7.15139683752 7.20050626366
41123784 256 733632.856 737558.151 743065.348 28.335835421 28.5474133524 28.7001559919 7.08395885526 7.13685333809 7.17503899798
45236160 256 808404.576 813645.39 819637.81 28.2574981747 28.4656119295 28.6501519259 7.06437454368 7.11640298239 7.16253798148
49759776 256 891856.228 897962.092 903683.584 28.1923958375 28.3720276602 28.5662694414 7.04809895938 7.09300691504 7.14156736034
54735752 256 984986.384 988626.696 993428.215 28.2100957078 28.3471052698 28.4518704819 7.05252392696 7.08677631744 7.11296762047
60209320 128 546052.002 547623.165 548612.998 28.0955536529 28.146336578 28.2273224227 7.02388841323 7.0365841445 7.05683060567
66230248 128 599899.284 603037.757 603247.649 28.1061078582 28.1158904085 28.2629833711 7.02652696455 7.02897260213 7.06574584276
72853272 128 662256.296 664585.129 666630.932 27.9771560795 28.0632786052 28.1619634946 6.99428901988 7.0158196513 7.04049087364
80138592 128 725163.231 731941.062 733617.512 27.9648171103 28.0288681932 28.290843599 6.99120427758 7.0072170483 7.07271089976
88152448 128 803956.333 806149.68 807834.143 27.9352226983 27.9935938051 28.0699656955 6.98380567458 6.99839845127 7.01749142388
96967688 128 878970.886 888021.365 889276.555 27.9145199414 27.9539762289 28.2418092833 6.97862998536 6.98849405723 7.06045232083
106664456 128 975051.118 976459.399 977171.034 27.9440341413 27.964399507 28.0047889099 6.98600853533 6.99109987675 7.00119722749
117330896 64 541204.939 542196.761 543402.047 27.6376483506 27.699085956 27.749847804 6.90941208766 6.924771489 6.93746195099
129063984 64 595943.608 597341.335 598389.033 27.6077752782 27.6561975273 27.721062413 6.90194381955 6.91404938183 6.93026560325
141970376 64 656456.076 658979.026 659718.83 27.5453834295 27.5763073042 27.6822910053 6.88634585737 6.89407682605 6.92057275131
156167408 64 724033.928 725459.588 726061.293 27.5313233424 27.5541581566 27.6084137096 6.88283083561 6.88853953916 6.9021034274
171784144 64 797119.863 799232.988 800517.537 27.4676936053 27.5118404297 27.5847729465 6.86692340133 6.87796010742 6.89619323662
188962552 64 872267.149 879820.645 882381.831 27.4112700491 27.4910651318 27.7291271186 6.85281751229 6.87276628295 6.93228177965
207858800 64 965842.052 969176.105 970337.162 27.4192594512 27.4521072721 27.5468709867 6.8548148628 6.86302681802 6.88671774668
228644680 64 1064430.588 1067952.496 1069763.432 27.3579355627 27.4043266434 27.4950000216 6.83948389068 6.85108166085 6.87375000539
251509144 32 596609.258 598917.1 599538.928 26.8482736721 26.8761489962 26.9801130307 6.71206841802 6.71903724906 6.74502825767
276660056 32 657374.323 661048.529 662200.153 26.738507238 26.7850888509 26.9347964539 6.6846268095 6.69627221272 6.73369911347
304326056 32 724443.005 728168.677 731047.622 26.6424060456 26.7477415593 26.8853000851 6.6606015114 6.68693538983 6.72132502128
334758656 32 797776.647 799725.35 800297.747 26.7707288497 26.789889784 26.8553285742 6.69268221244 6.69747244601 6.71383214355
368234520 32 876143.564 879848.233 884549.281 26.6429579292 26.7853118255 26.8985703352 6.6607394823 6.69632795637 6.7246425838
405057968 32 961285.122 965922.867 974577.217 26.5999548315 26.8382816451 26.9677636309 6.64998870787 6.70957041128 6.74194090773
445563760 32 1054533.158 1059924.325 1069253.243 26.6691551573 26.9038835768 27.0414262687 6.66728878932 6.7259708942 6.76035656719
490120136 16 599394.362 602254.56 606171.946 25.8735899203 26.0418855973 26.1661526139 6.46839748008 6.51047139934 6.54153815347
539132144 16 657153.756 661206.929 665612.989 25.9193088072 26.0920263405 26.252955949 6.47982720181 6.52300658513 6.56323898725
593045352 16 722705.317 727249.542 730304.813 25.9856582158 26.0948273846 26.2589063863 6.49641455396 6.52370684614 6.56472659658
652349880 16 793156.059 796247.626 801679.289 26.0393357374 26.2169650224 26.3191536182 6.50983393435 6.5542412556 6.57978840454
717584864 16 871309.179 874189.84 880229.538 26.0871905073 26.267424531 26.3542680388 6.52179762684 6.56685613276 6.58856700969
789343344 16 958905.791 960482.994 967969.611 26.094814053 26.2982136756 26.3414688336 6.52370351325 6.5745534189 6.5853672084
868277672 16 1051548.003 1057970.102 1062787.028 26.1434179868 26.2624486755 26.4228408258 6.53585449671 6.56561216888 6.60571020646
955105432 8 616092.452 619338.183 622000.468 24.5686099902 24.6742205332 24.8042105733 6.14215249754 6.16855513331 6.20105264331
1050615968 8 677073.017 680215.18 683562.248 24.5915504216 24.7125556475 24.8272417685 6.1478876054 6.17813891187 6.20681044213
1155677560 8 743885.725 747230.306 752037.258 24.5876660542 24.7458391496 24.857098797 6.14691651354 6.18645978741 6.21427469925
1271245312 8 817702.475 821089.382 826092.949 24.6218358559 24.7718767748 24.874481384 6.15545896398 6.1929691937 6.21862034599
1398369840 8 898202.58 904544.488 906637.801 24.6779004971 24.7350105349 24.9096561713 6.16947512428 6.18375263373 6.22741404283
1538206824 8 989260.757 993620.73 996141.489 24.7066400263 24.7693193599 24.8784852829 6.17666000658 6.19232983998 6.21962132073
1692027504 8 1085697.603 1091411.045 1094266.555 24.7402608992 24.8049900063 24.935525315 6.18506522481 6.20124750158 6.23388132874
1861230248 8 1193275.632 1200029.001 1205072.239 24.7119492129 24.8158035707 24.9562491426 6.17798730322 6.20395089268 6.23906228565
2047353272 4 736936.39 741563.402 744144.997 22.0102617662 22.0868858035 22.2255630177 5.50256544156 5.52172145087 5.55639075443
2252088592 4 809806.258 815324.484 817571.876 22.0368499271 22.0975931541 22.2481717794 5.50921248177 5.52439828852 5.56204294484
2477297448 4 891545.086 897187.418 898741.816 22.0512490141 22.0894533142 22.2292511004 5.51281225352 5.52236332855 5.55731277509
2725027192 4 980974.71 985096.471 989301.526 22.035968775 22.1300331265 22.2230168768 5.50899219375 5.53250828162 5.55575421919
2997529904 4 1078219.051 1085679.133 1088753.397 22.0254093333 22.0877775975 22.2406005623 5.50635233334 5.52194439939 5.56015014059
3297282888 4 1184329.569 1191011.585 1196706.489 22.0423832798 22.147780455 22.2727387667 5.51059581996 5.53694511376 5.56818469167
3627011176 4 1302974.836 1310137.036 1314027.352 22.0818001725 22.147369787 22.2691095839 5.52045004311 5.53684244676 5.56727739598
3989712288 2 874258.685 880077.379 882845.168 18.0766115401 18.1334613669 18.2541499739 4.51915288503 4.53336534173 4.56353749348
4388683512 2 961578.404 967931.381 970405.005 18.0901107863 18.1363414727 18.2561650459 4.52252769657 4.53408536819 4.56404126148
4827551856 2 1056806.622 1064045.051 1066743.794 18.1020105602 18.1479227838 18.2722240966 4.52550264005 4.53698069594 4.56805602416
5310307040 2 1162610.008 1170384.467 1172793.071 18.1116589834 18.1489320466 18.2702952958 4.52791474584 4.53723301165 4.56757382395
5841337744 2 1277428.898 1287304.667 1288956.461 18.1273391949 18.1505991355 18.290920937 4.53183479872 4.53764978388 4.57273023426
6425471512 2 1406807.597 1415802.204 1417886.752 18.1268962502 18.1535852786 18.2696525828 4.53172406254 4.53839631966 4.56741314569
7068018656 2 1544888.79 1556268.62 1559369.344 18.1304542973 18.1665775822 18.3003946996 4.53261357432 4.54164439555 4.5750986749
7774820520 1 850088.827 856238.658 857690.06 18.1296738358 18.1604052734 18.2917838067 4.53241845895 4.54010131834 4.57294595168
8552302568 1 934898.557 941709.157 942780.367 18.1427252144 18.1633628694 18.2956803259 4.5356813036 4.54084071734 4.57392008147
9407532824 1 1028225.376 1035812.114 1036901.537 18.1454699184 18.1645545497 18.2985813103 4.53636747961 4.54113863743 4.57464532756
10348286104 1 1129904.8 1138845.531 1139990.25 18.1550431751 18.1732918509 18.3170938012 4.53876079379 4.54332296273 4.57927345029
11383114712 1 1243792.881 1252228.401 1254230.379 18.1515531797 18.1805726542 18.3038750034 4.53788829492 4.54514316354 4.57596875086
12521426176 1 1367873.101 1377728.019 1378626.535 18.1650735106 18.1769202677 18.307876903 4.54126837766 4.54423006694 4.57696922574
13773568792 1 1504382.07 1515289.905 1516610.31 18.1636227859 18.1794503435 18.3112642282 4.54090569647 4.54486258588 4.57781605706

META_DATA
HOSTNAME  ('qiang-gpu6', [], ['127.0.1.1'])
TIMESTAMP_DATA  1618310322.29
CONFIG  {'ERT_WORKING_SET_MIN': ['1'], 'ERT_CFLAGS': ['-O3'], 'ERT_CC': ['gcc'], 'ERT_MPI_CFLAGS': [], 'ERT_MPI_LDFLAGS': [], 'ERT_MEMORY_MAX': ['15000000000'], 'ERT_PROCS_THREADS': ['1'], 'ERT_LDFLAGS': [], 'ERT_LDLIBS': [], 'ERT_SPEC_GBYTES_DRAM': ['1.0'], 'ERT_RUN': ['export', 'KMP_AFFINITY=scatter;', 'export', 'OMP_NUM_THREADS=ERT_OPENMP_THREADS;', 'ERT_CODE'], 'ERT_FLOPS': ['1,2,4,8,16'], 'ERT_OPENMP_CFLAGS': ['-fopenmp'], 'ERT_SPEC_GFLOPS': ['1.0'], 'ERT_MPI': ['False'], 'ERT_TRIALS_MIN': ['1'], 'ERT_DRIVER': ['driver1'], 'ERT_RESULTS': ['Results.x86'], 'ERT_OPENMP': ['True'], 'ERT_MPI_PROCS': ['1'], 'ERT_KERNEL': ['kernel1'], 'ERT_OPENMP_THREADS': ['1'], 'ERT_LD': ['gcc'], 'ERT_NUM_EXPERIMENTS': ['6'], 'ERT_OPENMP_LDFLAGS': ['-fopenmp'], 'ERT_ALIGN': ['32'], 'ERT_GNUPLOT': ['gnuplot']}
MPI_PROCS      1
OPENMP_THREADS 1
TIMESTAMP_DATA  1618311040.13
TIMESTAMP_DATA  1618311398.82
TIMESTAMP_DATA  1618311757.63
FLOPS          4
TIMESTAMP_DATA  1618310681.02
UNAME  ('Linux', 'qiang-gpu6', '5.4.0-66-generic', '#74-Ubuntu SMP Wed Jan 27 22:54:38 UTC 2021', 'x86_64', 'x86_64')
ERT_VERSION  1.0.0
TIMESTAMP_DATA  1618312116.93
