64 134217728 1035163.136 1035499.117 1035534.005 16.5903476864 16.5909066478 16.5962915279 4.14758692159 4.14772666194 4.14907288198
128 67108864 517582.161 517594.214 517618.859 33.1901917507 33.1917720858 33.1925450267 8.29754793768 8.29794302144 8.29813625667
192 67108864 521840.594 522024.582 522173.657 49.3510222711 49.3651154842 49.3825203947 12.3377555678 12.341278871 12.3456300987
256 33554432 260118.102 260281.582 260611.101 65.9214788552 66.004936085 66.0464191147 16.4803697138 16.5012340212 16.5116047787
320 33554432 260232.64 260406.121 260567.625 82.4155974097 82.4667116024 82.5216870566 20.6038993524 20.6166779006 20.6304217642
384 33554432 260615.975 260972.649 261267.781 98.6336840975 98.7452281867 98.8803690027 24.6584210244 24.6863070467 24.7200922507
448 16777216 129528.919 129571.264 130053.993 115.585728583 116.016353256 116.05428079 28.8964321457 29.0040883139 29.0135701974
512 16777216 129464.224 129539.473 129764.194 132.392986497 132.622657682 132.699742471 33.0982466242 33.1556644205 33.1749356177
576 16777216 133198.254 133479.342 135520.029 142.616209387 144.796584568 145.102148501 35.6540523468 36.199146142 36.2755371253
640 16777216 133304.899 133336.312 176404.75 121.736157785 161.057675572 161.095628451 30.4340394462 40.2644188929 40.2739071127
704 16777216 135650.256 135657.265 208683.985 113.196612227 174.132363114 174.14136047 28.2991530567 43.5330907784 43.5353401176
768 16777216 135855.666 135889.773 212500.408 121.269431991 189.637551135 189.685160249 30.3173579977 47.4093877837 47.4212900624
832 16777216 141254.219 141301.532 141600.218 197.155681102 197.572432718 197.638609463 49.2889202755 49.3931081795 49.4096523659
896 8388608 70888.733 70920.612 70933.137 211.923314995 211.960741907 212.056061659 52.9808287486 52.9901854767 53.0140154148
960 8388608 75223.168 75226.402 75552.051 213.179220773 214.10205635 214.111261041 53.2948051933 53.5255140875 53.5278152603
1024 8388608 75311.497 75348.807 75572.364 227.330048641 228.004528114 228.117483629 56.8325121601 57.0011320285 57.0293709073
1088 8388608 79078.074 79102.949 79621.447 229.254951973 230.757654914 230.830242628 57.3137379932 57.6894137284 57.7075606571
1152 8388608 79226.662 79311.49 80908.6 238.87884393 243.689190961 243.950109018 59.7197109825 60.9222977402 60.9875272544
1216 8388608 85624.807 85689.783 85908.574 237.474488355 238.080829963 238.261496531 59.3686220889 59.5202074908 59.5653741328
1280 8388608 85930.613 86276.753 94716.292 226.728010847 248.906405646 249.909033932 56.6820027118 62.2266014114 62.477258483
1408 8388608 94243.52 94343.047 108143.933 218.434076445 250.387504741 250.65192947 54.6085191113 62.5968761853 62.6629823674
1536 8388608 102524.718 102654.86 102780.536 250.726497243 251.033451081 251.352105899 62.6816243107 62.7583627702 62.8380264747
1664 8388608 110888.089 111008.529 111125.169 251.223801729 251.487770133 251.760921085 62.8059504323 62.8719425334 62.9402302713
1792 4194304 59522.369 59688.11 59818.352 251.300563011 251.84891155 252.550188921 62.8251407528 62.9622278876 63.1375472304
1920 4194304 63657.546 63844.707 67486.067 238.658556884 252.270362209 253.012068043 59.664639221 63.0675905522 63.2530170107
2112 4194304 71494.252 71498.2 71580.733 247.507106361 247.79281291 247.806496332 61.8767765901 61.9482032275 61.951624083
2304 4194304 76070.09 76469.633 77106.62 250.657502974 252.745463444 254.072958662 62.6643757436 63.1863658611 63.5182396656
2496 4194304 83765.809 88541.619 92631.327 226.035470354 236.475973723 249.958375833 56.5088675886 59.1189934306 62.4895939583
2688 4194304 86958.263 98400.237 98440.496 229.057950947 229.151666616 259.303458074 57.2644877368 57.2879166541 64.8258645185
2944 4194304 106288.782 106690.237 106778.177 231.283794553 231.474431461 232.348715333 57.8209486382 57.8686078652 58.0871788332
3200 4194304 114591.559 114937.29 115002.806 233.416440291 233.549491205 234.254126868 58.3541100728 58.3873728013 58.563531717
3520 4194304 125719.154 125729.726 141025.029 209.380564354 234.852179349 234.871928585 52.3451410884 58.7130448371 58.7179821461
3840 2097152 67557.298 67566.422 69150.714 232.913392044 238.374726428 238.4069203 58.228348011 59.5936816071 59.6017300751
4224 2097152 74130.413 74159.466 74224.537 238.691150017 238.900588847 238.994218149 59.6727875042 59.7251472118 59.7485545373
4608 2097152 80070.744 80109.556 86950.025 222.28116475 241.261514819 241.378459428 55.5702911874 60.3153787046 60.3446148571
5056 2097152 87937.395 87973.009 88228.602 240.357441275 241.055765456 241.153391273 60.0893603188 60.2639413641 60.2883478184
5504 2097152 94987.807 94999.002 103120.439 223.868802731 243.007281445 243.03592161 55.9672006827 60.7518203612 60.7589804026
6016 2097152 103354.171 103362.349 105985.908 238.078187376 244.121124453 244.140440776 59.5195468439 61.0302811133 61.0351101941
6592 2097152 112962.383 112966.591 127624.179 216.642741091 244.75246817 244.761585527 54.1606852727 61.1881170425 61.1903963818
7232 1048576 61842.718 61868.284 63714.035 238.041795093 245.143428643 245.24477181 59.5104487732 61.2858571607 61.3111929524
7936 1048576 67172.299 67177.962 76037.115 218.879928203 247.744911821 247.765798101 54.7199820509 61.9362279552 61.9414495252
8704 1048576 73425.661 73437.142 75334.746 242.300027241 248.561021179 248.599886734 60.5750068103 62.1402552948 62.1499716836
9536 1048576 80632.969 80696.612 85445.046 234.050333029 247.822566231 248.018170731 58.5125832573 61.9556415578 62.0045426828
10432 1048576 87785.069 87788.837 88104.447 248.313114819 249.205826294 249.21652296 62.0782787048 62.3014565736 62.30413074
11456 1048576 96135.842 96138.54 98117.086 244.860240876 249.899502447 249.906515741 61.215060219 62.4748756118 62.4766289351
12544 1048576 104746.976 104767.941 105339.811 249.731553895 251.094699742 251.144956089 62.4328884737 62.7736749355 62.7862390223
13760 1048576 114904.995 115192.985 119093.989 242.302837971 250.508410039 251.13626714 60.5757094928 62.6271025098 62.7840667849
15104 524288 62801.703 62809.258 62820.875 252.108744171 252.155373401 252.185707512 63.0271860429 63.0388433501 63.0464268779
16576 524288 68939.719 68943.667 68977.649 251.983012294 252.107213502 252.121651033 62.9957530736 63.0268033756 63.0304127581
18176 524288 75334.157 75365.571 75393.649 252.792080351 252.886259908 252.991712325 63.1980200879 63.2215649769 63.2479280813
19968 524288 82635.329 82644.868 82998.34 252.269690791 253.348647952 253.377893225 63.0674226979 63.3371619881 63.3444733063
21952 524288 90843.802 90861.212 91119.315 252.617574572 253.335167398 253.383718484 63.1543936431 63.3337918495 63.345929621
24128 524288 99806.869 99838.481 100096.07 252.75759306 253.409722129 253.489985023 63.1893982651 63.3524305323 63.3724962557
26496 524288 109334.259 109343.028 109472.033 253.791483858 254.090911914 254.111290918 63.4478709644 63.5227279786 63.5278227294
29120 262144 60037.356 60040.416 60055.884 254.217664334 254.283157532 254.296117904 63.5544160835 63.5707893829 63.5740294759
32000 262144 65842.824 65873.689 65921.692 254.502205435 254.687664448 254.807053841 63.6255513587 63.6719161121 63.7017634602
35200 262144 72406.508 72421.824 72696.286 253.86355501 254.825639299 254.879542043 63.4658887526 63.7064098248 63.7198855108
38720 262144 79641.094 79652.724 79930.751 253.975236139 254.861734044 254.898951539 63.4938090348 63.7154335111 63.7247378847
42560 262144 87473.096 87484.093 87617.461 254.671808853 255.06005166 255.092117467 63.6679522133 63.765012915 63.7730293667
46784 262144 96044.564 96053.028 96071.083 255.313971968 255.361963102 255.384467069 63.828492992 63.8404907756 63.8461167672
51456 262144 105499.534 105508.232 105510.657 255.687568394 255.693445114 255.714525981 63.9218920985 63.9233612786 63.9286314952
56576 262144 115935.703 115939.782 115952.015 255.813733707 255.840725041 255.849726361 63.9534334267 63.9601812603 63.9624315902
62208 131072 63707.867 63710.856 63788.681 255.648082016 255.960364934 255.972373899 63.9120205041 63.9900912334 63.9930934746
68416 131072 70084.276 70086.306 70172.104 255.583670457 255.896549948 255.903962024 63.8959176142 63.974137487 63.9759905061
75200 131072 76981.458 76990.909 77270.85 255.118570586 256.046188518 256.077623264 63.7796426466 64.0115471295 64.0194058159
82688 131072 84585.937 84592.086 84651.455 256.063679851 256.243392225 256.262019915 64.0159199626 64.0608480562 64.0655049787
90944 131072 93044.629 93048.886 93197.621 255.805069702 256.213964088 256.22568645 63.9512674256 64.0534910219 64.0564216125
100032 131072 102290.415 102297.083 103124.168 254.283638031 256.339553768 256.356263761 63.5709095078 64.084888442 64.0890659403
110016 131072 112467.866 112470.239 112829.411 255.60741697 256.423695374 256.42910575 63.9018542426 64.1059238436 64.1072764375
120960 65536 61803.537 61807.87 61880.42 256.21140128 256.5121419 256.530125776 64.05285032 64.1280354751 64.132531444
133056 65536 67973.41 67984.812 68254.883 255.51162445 256.526649393 256.569679703 63.8779061126 64.1316623483 64.1424199257
146304 65536 74719.04 74729.101 74897.926 256.033229652 256.611649697 256.646202735 64.0083074129 64.1529124243 64.1615506837
160896 65536 82156.392 82157.351 82163.177 256.671678019 256.689879302 256.692875607 64.1679195049 64.1724698256 64.1732189018
176960 65536 90356.975 90360.224 90434.866 256.477420114 256.689283108 256.698512981 64.1193550284 64.1723207769 64.1746282454
194624 65536 99358.823 99364.221 99437.244 256.541270673 256.729803457 256.743751161 64.1353176683 64.1824508643 64.1859377903
214080 65536 109275.456 109285.745 109561.882 256.110001469 256.757125643 256.781301009 64.0275003673 64.1892814109 64.1953252522
235456 32768 60081.739 60085.661 60087.515 256.806167071 256.814091069 256.830855312 64.2015417679 64.2035227673 64.207713828
258944 32768 66063.207 66071.754 66130.429 256.616420619 256.84430875 256.877538264 64.1541051548 64.2110771874 64.2193845661
284800 32768 72748.113 72759.08 72785.156 256.434880761 256.526784011 256.565456206 64.1087201901 64.1316960028 64.1413640516
313280 32768 80009.692 80030.072 80405.881 255.343487624 256.542541659 256.607887954 63.8358719059 64.1356354146 64.1519719886
344576 32768 88008.42 88020.54 88190.188 256.061737118 256.555262397 256.590593673 64.0154342794 64.1388155992 64.1476484182
379008 32768 96789.175 96825.805 96873.268 256.403740689 256.529427129 256.626511054 64.1009351723 64.1323567824 64.1566277634
416896 32768 106451.332 106455.458 106473.354 256.605950969 256.649088448 256.659036037 64.1514877422 64.162272112 64.1647590093
458560 16384 58526.491 58533.777 58843.967 255.354879116 256.708089758 256.740047511 63.838719779 64.1770224395 64.1850118778
504384 16384 64367.698 64374.669 65148.307 253.692776882 256.741590578 256.769395606 63.4231942205 64.1853976445 64.1923489015
554816 16384 70797.097 70861.323 71066.297 255.820430436 256.560418552 256.793166081 63.9551076089 64.1401046379 64.1982915203
610240 16384 77861.905 77868.303 78148.655 255.875732218 256.796970649 256.818071944 63.9689330546 64.1992426623 64.204517986
671232 16384 85653.526 85659.297 85932.048 255.957243984 256.772247104 256.789547415 63.9893109961 64.1930617759 64.1973868536
738304 16384 94203.911 94223.242 94485.593 256.046924233 256.759849889 256.812537985 64.0117310583 64.1899624723 64.2031344962
812096 16384 103598.939 103604.045 103664.11 256.701781629 256.850605862 256.863265057 64.1754454073 64.2126514655 64.2158162643
893248 16384 113942.3 113946.038 114186.357 256.33491805 256.875543703 256.883970782 64.0837295124 64.2188859256 64.2209926954
982528 8192 62670.149 62681.329 62689.078 256.786975747 256.818721122 256.864536129 64.1967439368 64.2046802805 64.2161340322
1080768 8192 68923.371 69004.485 69118.566 256.187359443 256.610898726 256.912896962 64.0468398607 64.1527246816 64.2282242405
1188800 8192 75810.105 75814.805 75942.94 256.472809717 256.90627576 256.922203181 64.1182024294 64.2265689399 64.2305507953
1307648 8192 83394.248 83420.77 83675.618 256.042385394 256.824587354 256.90626567 64.0105963484 64.2061468385 64.2265664174
1438400 8192 91723.135 91730.324 91787.855 256.752329597 256.913358335 256.933494478 64.1880823994 64.2283395838 64.2333736194
1582208 8192 100903.252 100910.545 100919.067 256.868168153 256.889860936 256.908428204 64.2170420383 64.2224652339 64.227107051
1740416 8192 110986.027 110998.539 111276.07 256.254338817 256.895054664 256.924015705 64.0635847042 64.2237636659 64.2310039263
1914432 4096 61034.164 61036.034 61316.143 255.773213654 256.947018281 256.954890772 63.9433034136 64.2367545703 64.2387226931
2105856 4096 67147.911 67166.804 67233.494 256.585986027 256.840750559 256.913016281 64.1464965066 64.2101876397 64.2282540703
2316416 4096 73858.434 73864.713 74140.915 255.946124647 256.903182877 256.925023241 63.9865311616 64.2257957193 64.2312558103
2548032 4096 81236.287 81244.145 81300.527 256.744684373 256.922860644 256.947712837 64.1861710933 64.2307151611 64.2369282092
2802816 4096 89364.958 89368.383 89690.327 255.999386333 256.921608081 256.931454855 63.9998465832 64.2304020204 64.2328637138
3083072 4096 98286.093 98287.936 98300.829 256.930954509 256.964657636 256.969476078 64.2327386273 64.241164409 64.2423690196
3391360 4096 108124.434 108127.572 108404.39 256.281328828 256.937436087 256.944892955 64.070332207 64.2343590218 64.2362232389
3730496 2048 59462.358 59471.042 59610.652 256.331898802 256.933645387 256.971168483 64.0829747006 64.2334113467 64.2427921207
4103488 2048 65406.298 65414.744 66573.884 252.469674865 256.943401751 256.976581185 63.1174187163 64.2358504376 64.2441452962
4513792 2048 71958.858 71973.953 73222.038 252.499009001 256.877540574 256.931426455 63.1247522501 64.2193851434 64.2328566137
4965120 2048 79145.097 79197.459 79941.681 254.399598127 256.790202322 256.960093434 63.5998995318 64.1975505805 64.2400233586
5461632 2048 87153.79 87217.679 88503.367 252.768289279 256.49438197 256.682407868 63.1920723197 64.1235954926 64.1706019669
6007744 2048 95916.861 96046.465 96571.435 254.813645712 256.206404098 256.55259323 63.703411428 64.0516010246 64.1381483074
6608512 2048 105688.008 105896.697 107298.161 252.27333721 255.611987143 256.116712428 63.0683343026 63.9029967856 64.0291781069
7269312 2048 116240.796 116415.526 116504.174 255.571117581 255.765729667 256.150189749 63.8927793952 63.9414324168 64.0375474373
7996224 1024 64088.893 64147.772 64572.287 253.611379012 255.289719992 255.524256785 63.4028447529 63.822429998 63.8810641963
8795840 1024 70542.73 70662.238 71548.474 251.771691455 254.929377131 255.36125863 62.9429228637 63.7323442827 63.8403146575
9675392 1024 77660.299 77724.003 78059.85 253.846283538 254.943158499 255.152285932 63.4615708844 63.7357896247 63.788071483
10642880 1024 85415.859 85508.697 85771.077 254.125504802 254.905278699 255.182333763 63.5313762004 63.7263196748 63.7955834408
11707136 1024 93819.442 93871.739 94696.715 253.189506394 255.414619814 255.556993485 63.2973765985 63.8536549536 63.8892483714
12877824 1024 103149.033 103201.865 103248.574 255.439688223 255.555299819 255.686192928 63.8599220557 63.8888249549 63.9215482321
14165568 1024 113630.564 113847.384 114460.774 253.458737436 254.824329244 255.310562957 63.364684359 63.706082311 63.8276407393
15582080 512 62998.051 63195.921 63284.403 252.132423845 252.485440002 253.278469202 63.0331059614 63.1213600004 63.3196173005
17140288 512 70261.563 70511.758 70652.442 248.42248074 248.918129541 249.804504235 62.1056201851 62.2295323852 62.4511260588
18854272 512 80050.513 80646.324 81042.128 238.231337262 239.400552566 241.18239602 59.5578343155 59.8501381414 60.2955990051
20739648 512 99481.999 101072.546 101316.762 209.613879607 210.120358025 213.479823139 52.4034699017 52.5300895062 53.3699557847
22813568 512 137932.851 140113.056 140421.936 166.363563254 166.730312641 169.365698328 41.5908908135 41.6825781603 42.341424582
25094912 512 187074.509 191785.489 192452.415 133.524902184 133.989229435 137.363396143 33.3812255461 33.4973073588 34.3408490357
27604352 512 221648.812 243873.852 245944.777 114.931720823 115.907696607 127.529925349 28.7329302057 28.9769241518 31.8824813372
30364736 256 138665.519 139780.601 151361.801 102.712472561 111.222478089 112.116876237 25.6781181403 27.8056195223 28.0292190591
33401152 256 169009.637 182057.801 182649.441 93.6295765833 93.933848097 101.185885773 23.4073941458 23.4834620242 25.2964714432
36741248 256 212411.263 217172.176 219769.605 85.5965454186 86.6202997202 88.5617773291 21.3991363546 21.65507493 22.1404443323
40415360 256 253499.061 254755.238 256210.099 80.7644366899 81.2256677525 81.6281695024 20.1911091725 20.3064169381 20.4070423756
44456896 256 293112.074 293889.701 296026.741 76.8914682339 77.4505900498 77.6560666416 19.2228670585 19.3626475124 19.4140166604
48902528 256 335672.772 336375.845 336795.421 74.3421459284 74.4348760714 74.5907813339 18.5855364821 18.6087190179 18.6476953335
53792768 256 381693.734 382700.516 383995.386 71.724552482 71.9672330309 72.1570588214 17.9311381205 17.9918082577 18.0392647054
59172032 128 217277.812 218117.78 218401.134 69.3587982561 69.448901378 69.7173818742 17.339699564 17.3622253445 17.4293454686
65089216 128 244782.623 245741.335 246366.781 67.634277756 67.8064164338 68.0719860413 16.908569439 16.9516041084 17.0179965103
71598080 128 275779.419 276685.767 277131.022 66.1387828318 66.2452162926 66.4629309412 16.5346957079 16.5613040732 16.6157327353
78757888 128 309250.041 310206.669 310695.244 64.8932345035 64.9954412424 65.1964968632 16.2233086259 16.2488603106 16.2991242158
86633664 128 345915.844 346595.797 347765.521 63.773481397 63.9887101228 64.1144901822 15.9433703492 15.9971775307 16.0286225455
95297024 128 386430.176 387524.783 388954.725 62.7220511179 62.9534915293 63.131814385 15.6805127795 15.7383728823 15.7829535963
104826688 128 432386.279 433061.806 448809.891 59.7928714722 61.9672105833 62.0640233776 14.948217868 15.4918026458 15.5160058444
115309312 128 481050.313 481844.291 482879.036 61.1316327098 61.2629109099 61.3640259122 15.2829081774 15.3157277275 15.341006478
126840192 64 271086.726 271937.578 272340.678 59.6148349752 59.7032035639 59.8905922675 14.9037087438 14.925800891 14.9726480669
139524160 64 301851.246 302459.665 302746.016 58.9903468127 59.0461953993 59.165210403 14.7475867032 14.7615488498 14.7913026008
153476544 64 335078.241 336123.898 337838.148 58.1491396052 58.4457033519 58.6280910792 14.5372849013 14.611425838 14.6570227698
168824192 64 371938.522 372884.168 376483.268 57.3982920696 57.9523037728 58.0996463066 14.3495730174 14.4880759432 14.5249115767
185706560 64 412118.386 414150.819 417449.816 56.9420293624 57.3956119111 57.6786682844 14.2355073406 14.3489029778 14.4196670711
204277184 64 457221.867 459969.007 464152.376 56.3338267862 56.8461769251 57.1877275327 14.0834566966 14.2115442313 14.2969318832
224704896 64 507569.933 509750.463 516741.843 55.6607270683 56.4241305809 56.6665297095 13.9151817671 14.1060326452 14.1666324274
247175360 32 289450.649 290992.669 299911.52 52.7463001088 54.3629607384 54.6525740904 13.1865750272 13.5907401846 13.6631435226
271892864 32 320393.637 322790.229 335526.935 51.8621352888 53.9085193189 54.3117630516 12.9655338222 13.4771298297 13.5779407629
299082112 32 353958.452 356142.211 358680.522 53.3657502818 53.7461007901 54.0776892312 13.3414375705 13.4365251975 13.5194223078
328990272 32 392312.465 395174.995 396002.083 53.1698652908 53.2811480342 53.6699169322 13.2924663227 13.3202870085 13.417479233
361889280 32 433643.736 435620.693 436867.53 53.0158739882 53.1676164429 53.4100045665 13.253968497 13.2919041107 13.3525011416
398078208 32 479843.13 480636.791 482538.655 52.7978537015 53.0067730749 53.0944463287 13.1994634254 13.2516932687 13.2736115822
437886016 32 529520.0 531401.933 535994.891 52.2853958024 52.7373035054 52.9247337664 13.0713489506 13.1843258764 13.2311834416
481674560 16 309725.995 310256.114 311934.319 49.4129211861 49.6802004037 49.7652317494 12.3532302965 12.4200501009 12.4413079374
529841984 16 341859.95 343193.063 343506.625 49.3584177248 49.4035145693 49.5961679278 12.3396044312 12.3508786423 12.399041982
582826176 16 376673.177 377953.565 378472.158 49.2782288942 49.3458439319 49.5135803949 12.3195572235 12.336460983 12.3783950987
641108736 16 415733.688 416711.12 418399.16 49.033271367 49.231898472 49.3476476508 12.2583178417 12.307974618 12.3369119127
705219584 16 458317.745 459768.954 461383.634 48.9116323706 49.0834069845 49.2388237946 12.2279080926 12.2708517461 12.3097059487
775741504 16 505148.316 505726.049 507167.276 48.9458395735 49.085326289 49.1414646783 12.2364598934 12.2713315722 12.2853661696
853315648 16 558119.824 559352.651 561633.112 48.6191076569 48.8173260414 48.9251582936 12.1547769142 12.2043315104 12.2312895734
938647168 8 342542.617 343819.525 344442.716 43.6018936978 43.6809244268 43.8437553246 10.9004734244 10.9202311067 10.9609388312
1032511872 8 378486.015 379707.91 381569.481 43.295364998 43.5076265649 43.6480855231 10.8238412495 10.8769066412 10.9120213808
1135763008 8 417594.627 418011.613 420004.317 43.2667174895 43.4729743453 43.5163839596 10.8166793724 10.8682435863 10.8790959899
1249339264 8 460534.857 460708.808 464026.844 43.0781720551 43.3884220942 43.4048105592 10.7695430138 10.8471055235 10.8512026398
1374273152 8 508122.968 508623.009 511827.584 42.9605029494 43.2311752377 43.2737187979 10.7401257373 10.8077938094 10.8184296995
1511700416 8 559824.239 561776.062 562294.762 43.0151733407 43.0548901815 43.2050007324 10.7537933352 10.7637225454 10.8012501831
1662870400 8 617173.829 618338.655 621925.004 42.7799593663 43.0280820791 43.1092913371 10.6949898416 10.7570205198 10.7773228343
1829157440 8 679916.573 682406.775 684544.082 42.7533007874 42.8872046881 43.0442795516 10.6883251969 10.721801172 10.7610698879
2012073152 4 451181.771 451388.217 453479.977 35.4956911714 35.6601803277 35.6764972581 8.87392279285 8.91504508191 8.91912431453
2213280448 4 496705.53 497576.501 499632.589 35.4385281782 35.584967434 35.6473655206 8.85963204454 8.8962418585 8.91184138014
2434608448 4 546763.929 548249.413 550024.132 35.4109328134 35.5255603055 35.6220784711 8.85273320335 8.88139007638 8.90551961777
2678069248 4 602110.842 603268.82 605475.109 35.3846981743 35.5141079295 35.5824085692 8.84617454357 8.87852698238 8.8956021423
2945876160 4 663292.333 665147.46 665960.315 35.3880084882 35.4312550182 35.5303508084 8.84700212204 8.85781375456 8.8825877021
3240463744 4 731627.567 735709.576 736085.481 35.218341648 35.2363361817 35.4329321656 8.804585412 8.80908404541 8.8582330414
3564510080 4 808971.135 811902.827 814882.546 34.9940991864 35.1225290659 35.2498122693 8.7485247966 8.78063226648 8.81245306731
3920961088 2 596632.037 598184.319 600604.253 26.1134420438 26.2190830716 26.2872983336 6.52836051096 6.5547707679 6.5718245834
4313057152 2 661574.473 664031.149 668847.02 25.7939829171 25.9810531991 26.0775306668 6.44849572926 6.49526329976 6.51938266669
4744362816 2 733553.138 737825.301 755276.472 25.1264960151 25.7207922231 25.8705883472 6.28162400377 6.43019805579 6.4676470868
5218799040 2 812571.927 825551.961 828188.244 25.205859068 25.2863504009 25.6902748746 6.30146476699 6.32158760023 6.42256871865
5740678912 2 899141.325 916674.951 924446.193 24.8394290786 25.050008864 25.5384943496 6.20985726965 6.26250221601 6.3846235874
6314746752 2 992854.999 1007470.935 1025033.793 24.6421017341 25.0716781303 25.4407612727 6.16052543353 6.26791953259 6.36019031818
6946221376 2 1092527.944 1128305.531 1134968.253 24.4807600834 24.6253206606 25.4317389835 6.12019002086 6.15633016515 6.35793474588
7640843456 1 597586.628 621105.596 632399.166 24.1646221779 24.6040077733 25.5723374587 6.04115554447 6.15100194332 6.39308436467
8404927744 1 667307.32 686028.943 704912.005 23.8467430953 24.5031287084 25.1905755927 5.96168577382 6.12578217709 6.29764389817
9245420480 1 733714.81 762926.718 773895.641 23.8931969382 24.2367196269 25.2016733314 5.97329923454 6.05917990671 6.30041833284
10169962496 1 809659.327 844558.76 856880.209 23.7371861065 24.0834930088 25.1215842438 5.93429652662 6.02087325221 6.28039606095
11186958720 1 900491.205 930839.275 947844.165 23.6050590025 24.0362842876 24.8463475443 5.90126475062 6.00907107191 6.21158688607
12305654592 1 986074.171 1026255.947 1040580.785 23.6515122504 23.9816482973 24.9588823111 5.91287806261 5.99541207433 6.23972057777
13536220032 1 1085678.007 1132600.232 1159853.308 23.3412621038 23.9029088103 24.93597539 5.83531552595 5.97572720257 6.2339938475
14889841984 1 1202999.183 1257875.478 1272856.334 23.3959506447 23.6745882155 24.7545338258 5.84898766116 5.91864705387 6.18863345645

META_DATA
HOSTNAME  ('qiang-gpu6', [], ['127.0.1.1'])
OPENMP_THREADS 8
TIMESTAMP_DATA  1614742606.76
TIMESTAMP_DATA  1614742967.99
MPI_PROCS      1
CONFIG  {'ERT_WORKING_SET_MIN': ['1'], 'ERT_CFLAGS': ['-O3'], 'ERT_CC': ['gcc'], 'ERT_MPI_CFLAGS': [], 'ERT_MPI_LDFLAGS': [], 'ERT_MEMORY_MAX': ['15000000000'], 'ERT_PROCS_THREADS': ['8,10'], 'ERT_LDFLAGS': [], 'ERT_LDLIBS': [], 'ERT_SPEC_GBYTES_DRAM': ['1.0'], 'ERT_RUN': ['export', 'KMP_AFFINITY=scatter;', 'export', 'OMP_NUM_THREADS=ERT_OPENMP_THREADS;', 'ERT_CODE'], 'ERT_FLOPS': ['1,2,4,8,16'], 'ERT_OPENMP_CFLAGS': ['-fopenmp'], 'ERT_SPEC_GFLOPS': ['1.0'], 'ERT_MPI': ['False'], 'ERT_TRIALS_MIN': ['1'], 'ERT_DRIVER': ['driver1'], 'ERT_RESULTS': ['Results.x86'], 'ERT_OPENMP': ['True'], 'ERT_MPI_PROCS': ['1'], 'ERT_KERNEL': ['kernel1'], 'ERT_OPENMP_THREADS': ['8,10'], 'ERT_LD': ['gcc'], 'ERT_NUM_EXPERIMENTS': ['6'], 'ERT_OPENMP_LDFLAGS': ['-fopenmp'], 'ERT_ALIGN': ['32'], 'ERT_GNUPLOT': ['gnuplot']}
FLOPS          4
UNAME  ('Linux', 'qiang-gpu6', '5.4.0-65-generic', '#73-Ubuntu SMP Mon Jan 18 17:25:17 UTC 2021', 'x86_64', 'x86_64')
TIMESTAMP_DATA  1614742877.53
TIMESTAMP_DATA  1614742515.53
TIMESTAMP_DATA  1614742787.27
TIMESTAMP_DATA  1614742696.73
ERT_VERSION  1.0.0
