128 67108864 589720.909 590295.79 591134.946 29.0625166051 29.1038314605 29.1322029147 1.81640728782 1.81898946628 1.82076268217
256 33554432 274183.531 278162.635 282378.485 60.8398659834 61.7619587332 62.6582826523 3.80249162396 3.86012242083 3.91614266577
384 33554432 308747.129 340507.367 342113.114 75.3253901164 75.6806056886 83.4657276311 4.70783688228 4.73003785554 5.21660797694
512 16777216 301602.56 308374.072 309791.745 55.4561877819 55.7111337947 56.9619474848 3.46601173637 3.48194586217 3.5601217178
640 16777216 328749.685 329029.593 333833.548 64.3279760487 65.2671885352 65.3227591077 4.02049850304 4.07919928345 4.08267244423
768 16777216 178762.686 178882.218 178985.157 143.97732308 144.060175819 144.156503533 8.99858269253 9.0037609887 9.00978147084
896 8388608 91894.485 92547.809 93387.011 160.968697628 162.428324327 163.58310878 10.0605436017 10.1517702704 10.2239442987
1024 8388608 99998.76 100054.269 100129.383 171.576700757 171.705508977 171.80082217 10.7235437973 10.7315943111 10.7375513856
1152 8388608 112680.994 112863.984 115694.62 167.054897038 171.244644633 171.522739957 10.4409310649 10.7027902896 10.7201712473
1280 8388608 118176.876 118548.736 118592.494 181.080907869 181.14774737 181.717753988 11.3175567418 11.3217342106 11.3573596242
1408 8388608 130461.195 130543.999 130651.48 180.804076066 180.952937775 181.067788993 11.3002547541 11.309558611 11.316736812
1536 8388608 136704.03 136819.36 137083.856 187.985693779 188.349103343 188.508003575 11.7491058612 11.771818959 11.7817502235
1664 8388608 149103.995 149382.567 150126.326 185.958640086 186.88450724 187.233664826 11.6224150053 11.6802817025 11.7021040516
1792 4194304 77019.743 77129.418 77414.56 194.180339409 194.898210382 195.175742614 12.1362712131 12.1811381489 12.1984839134
1920 4194304 83444.385 83639.786 83665.762 192.505595778 192.565382221 193.016310924 12.0315997361 12.0353363888 12.0635194327
2048 4194304 86762.492 86787.525 86881.642 197.738771834 197.953210257 198.010324369 12.3586732396 12.3720756411 12.3756452731
2176 4194304 92790.907 92875.412 92924.208 196.435475759 196.53868139 196.717669847 12.2772172349 12.2836675869 12.2948543654
2304 4194304 94646.857 94828.409 94862.924 203.739796509 203.813952336 204.204909118 12.7337372818 12.738372021 12.7628068199
2432 4194304 102544.942 104556.328 105891.964 192.659517166 195.120611504 198.947839436 12.0412198229 12.195038219 12.4342399648
2560 4194304 105157.172 105171.393 105616.736 203.327969537 204.188951648 204.216565276 12.7079980961 12.761809478 12.7635353298
2816 4194304 113392.612 113415.411 113477.555 208.167334307 208.281395974 208.323273548 13.0104583942 13.0175872484 13.0202045968
3072 4194304 123562.797 123791.437 123922.138 207.951575012 208.171133646 208.556332502 12.9969734383 13.0106958529 13.0347707814
3328 4194304 131450.839 132567.994 135471.279 206.07532187 210.588442818 212.378160812 12.8797076168 13.1617776761 13.2736350507
3584 2097152 71098.616 71144.442 71151.078 211.274178249 211.293884855 211.430072507 13.2046361406 13.2058678034 13.2143795317
3840 2097152 74938.208 74950.812 74970.478 214.83292877 214.889297797 214.925440438 13.4270580481 13.4305811123 13.4328400273
4224 2097152 84148.736 84229.695 84334.695 210.07653014 210.338409702 210.540775039 13.1297831337 13.1461506064 13.1587984399
4608 2097152 89401.178 89535.672 89626.401 215.643522627 215.862040238 216.186780358 13.4777201642 13.4913775149 13.5116737724
4992 2097152 97297.983 97443.296 101448.213 206.390679035 214.873330721 215.194240645 12.8994174397 13.4295831701 13.4496400403
5376 2097152 102539.828 102859.439 107494.879 209.764209363 219.217395343 219.900683898 13.1102630852 13.7010872089 13.7437927436
5888 2097152 111765.98 111892.086 111910.029 220.677826399 220.713214266 220.962245864 13.79236415 13.7945758916 13.8101403665
6400 2097152 120970.352 121139.44 121287.503 221.321611345 221.592122268 221.901855754 13.8326007091 13.8495076418 13.8688659846
7040 2097152 134198.09 134290.834 138115.17 213.791867758 219.880235162 220.032193901 13.3619917349 13.7425146976 13.7520121188
7680 1048576 72296.978 72315.317 72664.393 221.650889728 222.720829116 222.777324939 13.853180608 13.9200518197 13.9235828087
8448 1048576 92035.209 92424.294 93512.286 189.458956185 191.689212103 192.499591064 11.8411847615 11.9805757564 12.0312244415
9216 1048576 97949.706 98099.101 98200.376 196.815466694 197.018653943 197.319151035 12.3009666684 12.3136658714 12.3324469397
10112 1048576 105822.617 105916.524 105940.154 200.1734019 200.21806063 200.395734156 12.5108376188 12.5136287894 12.5247333847
11008 1048576 113728.32 113893.717 113924.572 202.638015757 202.692912516 202.987692212 12.6648759848 12.6683070322 12.6867307633
12032 1048576 122957.408 123192.902 127320.017 198.185120129 204.824567441 205.216857402 12.3865700081 12.8015354651 12.8260535876
13184 1048576 133517.211 133557.495 133645.444 206.882113901 207.018347926 207.080808241 12.9301321188 12.9386467454 12.9425505151
14464 524288 72631.984 72970.751 75003.249 202.212617003 207.844966047 208.814387667 12.6382885627 12.9903103779 13.0508992292
15872 524288 78907.003 79232.497 85904.592 193.738167943 210.052679168 210.919153424 12.1086354965 13.128292448 13.182447089
17408 524288 85803.926 85991.764 86021.886 212.197289048 212.271619501 212.736314746 13.2623305655 13.2669762188 13.2960196716
19072 524288 93367.32 93603.936 93715.746 213.394678329 213.649578496 214.191019642 13.3371673955 13.353098656 13.3869387276
20864 524288 101226.117 102223.087 102294.88 213.866907747 214.017110088 216.124951864 13.3666817342 13.3760693805 13.5078094915
22912 524288 110493.054 110874.128 111564.11 215.346793086 216.686920072 217.434240817 13.4591745679 13.5429325045 13.589640051
25088 524288 120292.985 120384.726 125063.421 210.346674333 218.521697578 218.688352342 13.1466671458 13.6576060986 13.6680220214
27520 524288 131138.685 131349.887 131429.9 219.560476878 219.694224175 220.048046997 13.7225298049 13.730889011 13.7530029373
30208 262144 71665.804 71800.671 71856.738 220.406496938 220.57860579 220.993709971 13.7754060586 13.7861628619 13.8121068732
33152 262144 78287.981 78317.429 78515.369 221.373165501 221.932665537 222.016145441 13.8358228438 13.8707915961 13.8760090901
36352 262144 85451.337 85551.842 85589.887 222.677211573 222.776236378 223.038258325 13.9173257233 13.9235147737 13.9398911453
39936 262144 93611.328 93638.904 95647.134 218.908447042 223.603274639 223.669143632 13.6817779402 13.9752046649 13.979321477
43904 262144 102391.093 102518.601 102661.858 224.21511553 224.52842828 224.808034347 14.0134447206 14.0330267675 14.0505021467
48256 262144 112240.129 116193.445 116626.292 216.932574072 217.740697231 225.409948772 13.5582858795 13.608793577 14.0881217982
52992 262144 122743.212 122843.647 122912.286 226.039809365 226.166109315 226.351170409 14.1274880853 14.1353818322 14.1469481506
58240 131072 67340.388 67418.652 67440.278 226.382022921 226.454639882 226.717828831 14.1488764326 14.1534149926 14.1698643019
64000 131072 73799.766 74091.61 78361.183 214.101106667 226.438810008 227.334270951 13.3813191667 14.1524256255 14.2083919345
70400 131072 80961.568 81118.402 81118.421 227.506124657 227.506177945 227.946889566 14.2191327911 14.2191361215 14.2466805979
77440 131072 88906.043 89040.475 93259.579 217.676635233 227.991049688 228.335787703 13.6047897021 14.2494406055 14.2709867315
85120 131072 97540.154 97570.278 97633.431 228.545663626 228.6935913 228.764220323 14.2841039766 14.2933494563 14.2977637702
93568 131072 106992.064 107167.328 109100.626 224.8226311 228.878430113 229.253356511 14.0514144438 14.304901882 14.3283347819
102912 131072 117530.395 117681.572 117699.815 229.208205026 229.243736887 229.538608528 14.3255128141 14.3277335554 14.346163033
113152 131072 129119.289 129552.09 133090.434 222.871899929 228.959007053 229.726465486 13.9294937456 14.3099379408 14.3579040929
124416 65536 70833.062 71129.429 71910.848 226.77321163 229.264513736 230.223761215 14.1733257269 14.3290321085 14.3889850759
136832 65536 77820.758 77841.356 77950.755 230.079155795 230.402511282 230.463495408 14.3799472372 14.4001569551 14.403968463
150400 65536 85445.566 85535.745 85637.441 230.194043281 230.467727849 230.710962813 14.387127705 14.4042329905 14.4194351758
165376 65536 93851.01 94137.758 95329.221 227.382148355 230.260030964 230.963556727 14.2113842722 14.3912519353 14.4352222954
181888 65536 103127.574 103273.692 103512.408 230.314649196 230.847018968 231.174098365 14.3946655748 14.4279386855 14.4483811478
200064 65536 113306.164 113448.936 113602.512 230.829302507 231.141776491 231.433027845 14.4268314067 14.4463610307 14.4645642403
220032 65536 124774.896 124870.262 124937.032 230.836556963 230.959988728 231.13651246 14.4272848102 14.4349992955 14.4460320288
241920 32768 68415.751 68454.231 68530.123 231.350367195 231.606854513 231.737120301 14.4593979497 14.475428407 14.4835700188
266112 32768 75335.154 75361.153 78098.129 223.307731636 231.417850414 231.49771529 13.9567332272 14.4636156509 14.4686072056
292608 32768 82705.17 84482.188 89348.622 214.623991493 226.98699385 231.864076792 13.4139994683 14.1866871156 14.4915047995
321792 32768 90884.8 91096.804 97628.08 216.013267003 231.500553104 232.040566871 13.5008291877 14.468784569 14.5025354295
353920 32768 100019.776 106663.322 106707.481 217.365276573 217.455266582 231.899150824 13.5853297858 13.5909541614 14.4936969265
389248 32768 109926.115 116609.427 116794.144 218.416403891 218.762389837 232.062753496 13.6510252432 13.6726493648 14.5039220935
428160 32768 120872.238 127782.404 130058.19 215.748764149 219.591218209 232.14506676 13.4842977593 13.724451138 14.5090666725
470912 16384 69304.775 69867.001 72787.668 211.998060111 220.860265864 222.651966131 13.2498787569 13.8037666165 13.9157478832
517888 16384 76452.63 77779.912 78419.38 216.402552328 218.181707174 221.969525234 13.5251595205 13.6363566984 13.8730953271
569600 16384 87477.492 87829.685 87909.745 212.316083956 212.509617904 213.36520256 13.2697552473 13.281851119 13.33532516
626560 16384 96817.709 96918.125 97363.746 210.870256368 211.839819229 212.059532208 13.179391023 13.2399887018 13.253720763
689152 16384 107047.102 107159.173 107336.169 210.386982751 210.734481275 210.955105875 13.149186422 13.1709050797 13.1846941172
758016 16384 118318.232 118394.077 118508.366 209.594217914 209.796544873 209.931029801 13.0996386196 13.1122840545 13.1206893626
833792 16384 124822.049 125215.079 126326.293 216.278777815 218.198131361 218.885176737 13.5174236135 13.6373832101 13.680323546
917120 8192 68536.654 68647.109 73011.488 205.804517777 218.888956853 219.241722539 12.862782361 13.6805598033 13.7026076587
1008768 8192 75279.768 76127.927 76548.062 215.912127364 217.10370377 219.549758867 13.4945079602 13.5689814856 13.7218599292
1109632 8192 82586.647 82720.089 83380.716 218.038553279 219.779873399 220.134989716 13.6274095799 13.7362420875 13.7584368572
1220480 8192 90598.758 90892.032 91563.105 218.388665609 220.001070281 220.713227879 13.6492916006 13.7500668926 13.7945767424
1342464 8192 99736.694 100552.834 104107.591 211.271147135 218.740032489 220.529970404 13.2044466959 13.6712520305 13.7831231502
1476608 8192 109714.139 111916.12 113342.06 213.448965653 216.168550804 220.507089537 13.3405603533 13.5105344252 13.7816930961
1624192 8192 120146.33 120531.5 121116.163 219.712720985 220.778483036 221.486263692 13.7320450616 13.7986551897 13.8428914807
1786496 8192 132214.439 132293.606 133112.867 219.888213091 221.249925442 221.382404867 13.7430133182 13.8281203401 13.8364003042
1965056 4096 72565.899 72641.984 72728.594 221.339886648 221.603787033 221.83613755 13.8337429155 13.8502366896 13.8647585969
2161536 4096 79949.958 79989.785 80073.223 221.138880747 221.369552525 221.479827569 13.8211800467 13.8355970328 13.8424892231
2377600 4096 87725.037 87789.379 88059.125 221.184337228 221.863959193 222.026685495 13.8240210767 13.8664974495 13.8766678434
2615296 4096 96256.88 96577.756 96608.808 221.765543697 221.836846489 222.576348122 13.860346481 13.8648029055 13.9110217576
2876800 4096 105803.306 106146.863 106702.694 220.863641925 222.02017972 222.74110792 13.8039776203 13.8762612325 13.921319245
3164416 4096 116511.948 116626.472 116668.418 222.192914898 222.272829037 222.491309406 13.8870571811 13.8920518148 13.9057068379
3480832 4096 128155.226 128294.568 129227.956 220.656401499 222.261754247 222.50341741 13.7910250937 13.8913596404 13.9064635881
3828864 2048 70424.734 75198.89 76592.963 204.75806562 208.553968602 222.692029536 12.7973791013 13.0346230377 13.918251846
4211712 2048 77677.062 77748.748 78018.541 221.116315825 221.883603219 222.088373425 13.8197697391 13.8677252012 13.8805233391
4632832 2048 85581.804 85684.986 86100.372 220.3948651 221.463301307 221.730309307 13.7746790688 13.8414563317 13.8581443317
5096064 2048 94898.345 95315.858 96505.413 216.293340395 218.992710993 219.956187265 13.5183337747 13.687044437 13.7472617041
5605632 2048 107247.545 108902.665 109265.082 210.137294108 210.836609664 214.090389407 13.1335808818 13.177288104 13.3806493379
6166144 2048 125149.734 130298.323 156274.244 161.61668857 193.836154161 201.810463488 10.1010430356 12.1147596351 12.613153968
6782720 2048 150387.639 162737.471 200475.626 138.580543053 170.716805105 184.736068102 8.66128394082 10.6698003191 11.5460042564
7460992 1024 96429.084 110840.604 126198.604 121.079878316 137.856625321 158.459574458 7.56749239477 8.61603908257 9.90372340362
8206976 1024 127267.949 152754.226 155093.955 108.372288578 110.032221616 132.066926356 6.77326803614 6.87701385099 8.25418289722
9027584 1024 196456.085 200966.332 202412.774 91.3405397626 91.9979573096 94.1100502537 5.70878373516 5.74987233185 5.88187814086
9930240 1024 285820.373 286192.879 290232.088 70.0719608922 71.0609278297 71.153540619 4.37949755576 4.44130798936 4.44709628869
10923264 1024 371766.027 372564.511 375201.652 59.6235239177 60.0455599272 60.1745265766 3.72647024486 3.75284749545 3.76090791104
12015488 1024 446240.894 447231.46 447869.345 54.9439690363 55.0223354681 55.1444741055 3.43399806477 3.43889596676 3.44652963159
13217024 1024 514975.237 516026.1 516047.321 52.4534554303 52.4556125204 52.5626539049 3.27834096439 3.27847578252 3.28516586905
14538624 1024 586877.787 589391.517 589636.736 50.4973658086 50.5183754655 50.7347570679 3.15608536304 3.1573984666 3.17092231674
15992448 512 461067.408 464190.719 465698.086 35.1649861666 35.2791774624 35.5181617001 2.19781163541 2.2049485914 2.21988510626
17591680 512 639341.933 668030.466 668238.958 26.9572435195 26.9656568627 28.1756590491 1.68482771997 1.68535355392 1.76097869057
19350784 512 871168.215 878070.207 879273.97 22.5358687873 22.5667636347 22.7455530113 1.40849179921 1.41042272717 1.4215970632
21285760 512 996364.026 1015137.79 1016649.191 21.4396651598 21.471585882 21.8761593868 1.33997907249 1.34197411762 1.36725996167
23414272 512 1130459.425 1132750.345 1133390.41 21.1544180332 21.1663714196 21.2092658947 1.32215112708 1.32289821373 1.32557911842
25755648 512 1251321.503 1251859.148 1251894.106 21.0671041789 21.0676924749 21.0767444568 1.31669401118 1.31673077968 1.31729652855
28331136 512 1378434.228 1379091.279 1379974.239 21.0229165474 21.036376421 21.04640372 1.31393228421 1.31477352631 1.3154002325
31164160 256 761414.271 762905.21 763094.754 20.9096574657 20.9148524756 20.955806225 1.30685359161 1.30717827972 1.30973788906
34280576 256 838054.399 838508.418 839393.2 20.9099322129 20.9319960721 20.9433360566 1.30687076331 1.30824975451 1.30895850354
37708544 256 921661.362 923241.059 925677.162 20.8569200155 20.9119539689 20.9477963643 1.30355750097 1.30699712306 1.30923727277
41479296 256 1013657.807 1014103.599 1015517.875 20.912876154 20.9420413979 20.9512514039 1.30705475962 1.30887758737 1.30945321274
45627136 256 1115148.596 1115930.385 1116840.575 20.917124749 20.9341854528 20.9488616278 1.30732029681 1.3083865908 1.30930385174
50189824 256 1226587.547 1226969.293 1227763.892 20.9300746303 20.9436291801 20.9501473832 1.3081296644 1.30897682376 1.30938421145
55208704 256 1349633.688 1353154.697 1354771.432 20.864668224 20.8895971101 20.944095201 1.304041764 1.30559981938 1.30900595006
60729472 128 747789.713 748157.973 748850.281 20.7608185861 20.7800296101 20.7902630402 1.29755116163 1.29875185063 1.29939144001
66802304 128 822893.552 823640.019 829104.349 20.6263419612 20.7631846796 20.7820194756 1.28914637258 1.29769904247 1.29887621722
73482496 128 904620.165 905088.321 908651.035 20.7026881073 20.784180438 20.7949365975 1.29391800671 1.29901127738 1.29968353734
80830720 128 995357.139 995470.001 998194.522 20.7300920451 20.7868286329 20.7891856191 1.29563075282 1.29917678956 1.2993241012
88913792 128 1094438.339 1095785.36 1096185.796 20.7646649273 20.7722530186 20.7978192474 1.29779155796 1.29826581366 1.29986370297
97805056 128 1203854.67 1204637.096 1204718.742 20.7833525479 20.7847611693 20.7982698908 1.29895953424 1.29904757308 1.29989186818
107585536 128 1324844.373 1325784.259 1329023.639 20.7234065729 20.7740414996 20.7887792538 1.29521291081 1.29837759373 1.29929870337
118344064 64 739772.784 739953.287 742045.471 20.413897509 20.4716168684 20.4766118998 1.27586859431 1.27947605428 1.27978824374
130178432 64 813656.858 815630.105 815924.347 20.4220395644 20.4294069013 20.478951455 1.27637747278 1.27683793133 1.27993446594
143196160 64 894824.654 895241.101 899729.603 20.3717966141 20.473935412 20.483463881 1.27323728838 1.27962096325 1.28021649256
157515776 64 984655.507 984804.66 985438.134 20.459954443 20.4731152755 20.4762164886 1.27874715269 1.27956970472 1.27976353054
173267328 64 1083266.918 1083413.676 1083444.1 20.4701082262 20.4706830598 20.4734563712 1.27938176414 1.27941769123 1.2795910232
190594048 64 1191508.165 1191936.783 1195205.206 20.4115895928 20.4675604377 20.4749231777 1.27572434955 1.27922252736 1.27968269861
209653376 64 1310594.142 1313535.392 1314997.218 20.4073679858 20.4300792285 20.4759286403 1.27546049911 1.27687995178 1.27974554002
230618624 64 1441396.024 1442010.248 1446005.473 20.4142960889 20.470855816 20.4795790889 1.27589350556 1.2794284885 1.27997369306
253680384 32 816830.61 817645.487 818362.092 19.8390721353 19.8564595954 19.8762685644 1.23994200846 1.24102872471 1.24226678528
279048320 32 898787.774 899082.663 899310.802 19.8586433525 19.863682412 19.870199614 1.24116520953 1.24148015075 1.24188747587
306953088 32 988264.056 988923.828 993021.891 19.7830458825 19.8650260776 19.8782881081 1.23644036766 1.24156412985 1.24239300675
337648384 32 1087079.285 1089218.352 1091830.903 19.7919810812 19.8394532523 19.8784917293 1.23699881757 1.23996582827 1.24240573308
371413120 32 1196055.338 1196753.014 1202012.338 19.7755371792 19.8624439646 19.8740300091 1.2359710737 1.24140274779 1.24212687557
408554368 32 1315415.306 1316354.689 1322097.144 19.7772755736 19.8635517999 19.8777370407 1.23607972335 1.24147198749 1.24235856504
449409792 32 1447079.481 1448260.752 1454965.385 19.7683236897 19.8598399137 19.8760517758 1.23552023061 1.24123999461 1.24225323599
494350720 16 842696.104 842892.814 842932.723 18.7668868563 18.7677754244 18.7721563739 1.17293042852 1.17298596403 1.17325977337
543785728 16 926581.002 927268.299 932082.764 18.6690967456 18.7660284675 18.7799482813 1.1668185466 1.17287677922 1.17374676758
598164224 16 1019077.317 1020878.238 1025646.275 18.6626282711 18.749792537 18.7829273095 1.16641426695 1.17186203356 1.17393295685
657980544 16 1121428.469 1122760.153 1125903.324 18.7008750744 18.75322824 18.7754974927 1.16880469215 1.172076765 1.1734685933
723778560 16 1233601.173 1234287.37 1238989.151 18.693395258 18.7646041618 18.7750420695 1.16833720362 1.17278776011 1.17344012934
796156416 16 1358048.585 1359243.241 1363173.725 18.6894779768 18.7435217947 18.7600102039 1.16809237355 1.17147011217 1.17250063774
875772032 16 1493281.159 1494801.884 1497839.522 18.7100851676 18.7481065712 18.7671992344 1.16938032297 1.1717566607 1.17294995215
963349120 8 912612.617 912913.259 916922.115 16.8101365076 16.8839544919 16.8895165735 1.05063353173 1.05524715574 1.05559478584
1059683968 8 1003899.384 1005062.425 1008295.887 16.8154444609 16.8695426933 16.8890864545 1.05096527881 1.05434641833 1.05556790341
1165652352 8 1103783.955 1107766.502 1108652.097 16.8226242321 16.8360729435 16.8968189359 1.05141401451 1.05225455897 1.05605118349
1282217472 8 1214785.907 1215702.757 1219058.279 16.8289571593 16.8754076059 16.8881441856 1.05180982246 1.05471297537 1.0555090116
1410439168 8 1335624.434 1336007.002 1341495.035 16.8222960944 16.8913985138 16.8962367815 1.0513935059 1.05571240711 1.05601479884
1551483008 8 1469531.72 1474289.6 1475485.835 16.8241046706 16.8377557082 16.8922710481 1.05150654191 1.05235973177 1.05576694051
1706631296 8 1616168.978 1621696.056 1623237.443 16.8220002895 16.8379892366 16.8955728687 1.05137501809 1.05237432729 1.0559733043
1877294336 4 1066762.951 1067676.379 1067859.038 14.0639861195 14.0663921984 14.0784367079 0.878999132468 0.879149512401 0.879902294245
2065023744 4 1173623.662 1174376.008 1184532.286 13.9465932227 14.0672066182 14.0762243357 0.871662076419 0.879200413638 0.879764020981
2271526016 4 1290551.712 1293473.544 1295999.934 14.0217662449 14.0491533146 14.0809608472 0.876360390308 0.878072082161 0.880060052952
2498678528 4 1419715.129 1420266.702 1426330.541 14.0145833307 14.074418696 14.0798867433 0.87591145817 0.879651168503 0.879992921453
2748546304 4 1561536.173 1563006.904 1567180.561 14.0305278021 14.0679931584 14.0812430811 0.87690798763 0.8792495724 0.880077692571
3023400832 4 1717332.158 1719724.064 1723503.952 14.0337401768 14.0645858032 14.0841750056 0.877108761048 0.879036612702 0.880260937849
3325740800 4 1889275.559 1891330.129 1894901.318 14.0407978755 14.0673095575 14.0826076288 0.877549867217 0.879206847341 0.880162976797
3658314880 4 2078200.391 2079404.073 2087074.202 14.0227496521 14.0744742304 14.0826260869 0.876421853256 0.879654639399 0.880164130428
4024146304 2 1523698.214 1524985.472 1525625.238 10.5508120966 10.5552384016 10.5641557285 0.659425756039 0.659702400103 0.660259733034
4426560896 2 1676490.472 1677586.151 1680193.463 10.5382171601 10.5545957049 10.5614937154 0.658638572503 0.659662231558 0.660093357214
4869216896 2 1845404.208 1846378.172 1846563.911 10.5476271187 10.548688172 10.554255539 0.659226694916 0.659293010749 0.659640971188
5356138496 2 2029170.777 2030005.735 2030069.801 10.553604597 10.5539376636 10.5582803709 0.659600287311 0.659621103977 0.659892523181
5891752320 2 2231725.746 2232558.0 2232858.854 10.5546345833 10.5560568998 10.559993459 0.659664661455 0.659753556235 0.659999591186
6480927488 2 2456018.027 2456610.434 2457425.054 10.549135531 10.5526336586 10.5551790203 0.65932097069 0.659539603665 0.659698688767
7129020160 2 2700765.298 2701726.072 2701840.167 10.554318123 10.5547638362 10.5585186025 0.659644882687 0.659672739761 0.659907412658
7841922176 1 1485067.987 1485944.801 1487184.574 10.5459971991 10.5547960742 10.561027838 0.659124824946 0.659674754634 0.660064239874
8626114304 1 1633604.223 1634735.297 1634975.784 10.551978064 10.5535303726 10.5608374202 0.659498629002 0.659595648286 0.66005233876
9488725632 1 1797263.304 1798084.363 1799430.312 10.5463663346 10.5542607758 10.559082368 0.659147895915 0.659641298488 0.659942648003
10437598080 1 1976603.592 1977653.713 1978399.207 10.551559102 10.5555366052 10.5611445029 0.659472443875 0.659721037826 0.660071531429
11481357824 1 2174808.597 2175504.678 2175915.981 10.5531260621 10.5551212462 10.5584995754 0.65957037888 0.659695077888 0.659906223462
12629493504 1 2392982.479 2393246.078 2394238.512 10.5499042311 10.5542790774 10.555441684 0.659369014443 0.659642442335 0.659715105252
13892442752 1 2631449.771 2632489.749 2632496.63 10.5545759061 10.5546034945 10.5587747903 0.659660994134 0.659662718406 0.659923424394

META_DATA
HOSTNAME  localhost.localdomain
TIMESTAMP_DATA  1614746793.14
MPI_PROCS      1
TIMESTAMP_DATA  1614747209.57
FLOPS          1
UNAME  ('Linux', 'localhost.localdomain', '5.4.44-mlnx.14.gd7fb187', '#1 SMP PREEMPT Tue Sep 15 16:18:01 UTC 2020', 'aarch64', 'aarch64')
TIMESTAMP_DATA  1614747417.56
OPENMP_THREADS 16
CONFIG  {'ERT_WORKING_SET_MIN': ['1'], 'ERT_CFLAGS': ['-O3'], 'ERT_CC': ['gcc'], 'ERT_MPI_CFLAGS': [], 'ERT_MPI_LDFLAGS': [], 'ERT_MEMORY_MAX': ['15000000000'], 'ERT_PROCS_THREADS': ['8,10,16'], 'ERT_LDFLAGS': [], 'ERT_LDLIBS': [], 'ERT_SPEC_GBYTES_DRAM': ['0'], 'ERT_RUN': ['export', 'KMP_AFFINITY=scatter;', 'export', 'OMP_NUM_THREADS=ERT_OPENMP_THREADS;', 'ERT_CODE'], 'ERT_FLOPS': ['1,2,4,8,16'], 'ERT_OPENMP_CFLAGS': ['-fopenmp'], 'ERT_SPEC_GFLOPS': ['0'], 'ERT_MPI': ['False'], 'ERT_TRIALS_MIN': ['1'], 'ERT_DRIVER': ['driver1'], 'ERT_RESULTS': ['Results.arm'], 'ERT_OPENMP': ['True'], 'ERT_MPI_PROCS': ['1'], 'ERT_KERNEL': ['kernel1'], 'ERT_OPENMP_THREADS': ['8,10,16'], 'ERT_LD': ['gcc'], 'ERT_NUM_EXPERIMENTS': ['4'], 'ERT_OPENMP_LDFLAGS': ['-fopenmp'], 'ERT_ALIGN': ['32'], 'ERT_GNUPLOT': ['gnuplot']}
TIMESTAMP_DATA  1614747001.48
ERT_VERSION  1.0.0
