64 134217728 363726.695 364089.513 364301.954 47.1583229114 47.1858391153 47.2329070705 2.94739518196 2.94911494471 2.95205669191
128 67108864 181862.831 181923.264 181941.983 94.4249859253 94.4347017872 94.4660824289 5.90156162033 5.9021688617 5.90413015181
192 67108864 181857.685 181927.992 182180.219 141.452260391 141.648371384 141.703133282 8.84076627441 8.85302321151 8.85644583016
256 33554432 90930.053 90931.634 90939.616 188.915127858 188.931710872 188.934995826 11.8071954911 11.8082319295 11.8084372391
320 33554432 90932.215 90937.263 91215.834 235.428823465 236.150020042 236.163129646 14.7143014666 14.7593762526 14.7601956028
384 33554432 90924.565 91494.946 91574.754 281.407294591 281.65275682 283.419599269 17.587955912 17.6032973013 17.7137249543
448 16777216 45470.669 45621.837 45753.004 328.555159701 329.499786166 330.595213719 20.5346974813 20.5937366354 20.6622008574
512 16777216 45465.962 45752.959 46033.508 373.203562587 375.491980398 377.862216662 23.3252226617 23.4682487749 23.6163885414
576 16777216 46287.648 47100.872 47396.01 407.784385901 410.33959694 417.548820627 25.4865241188 25.6462248087 26.0968012892
640 16777216 49560.16 49699.404 49832.388 430.941348426 432.094446847 433.308457438 26.9338342766 27.0059029279 27.0817785899
704 16777216 49378.992 49617.595 49739.369 474.921990426 476.087567888 478.388058792 29.6826244016 29.755472993 29.8992536745
768 16777216 53491.869 54026.265 54208.045 475.387071716 476.986587468 481.75179252 29.7116919823 29.8116617168 30.1094870325
832 16777216 53090.176 53448.999 53842.225 518.501741412 522.316375354 525.846578923 32.4063588383 32.6447734596 32.8654111827
896 8388608 27821.3 27976.947 29592.593 507.977977327 537.313293548 540.319307006 31.7486235829 33.5820808468 33.7699566879
960 8388608 28464.356 28776.6 28893.464 557.431513231 559.695285753 565.834946696 34.8394695769 34.9809553596 35.3646841685
1024 8388608 30000.616 30377.922 30420.146 564.753015452 565.53799776 572.650547709 35.2970634658 35.34612486 35.7906592318
1088 8388608 30608.296 30616.169 30687.035 594.83136797 596.208199922 596.361555312 37.1769604981 37.2630124951 37.272597207
1152 8388608 32056.228 32057.885 32063.344 602.786560004 602.889205947 602.920369546 37.6741600003 37.6805753717 37.6825230966
1216 8388608 33225.854 33283.742 33300.074 612.644123734 612.944742091 614.012649788 38.2902577334 38.3090463807 38.3757906117
1280 8388608 33805.168 33816.146 33836.737 634.660383476 635.046834728 635.253061899 39.6662739673 39.6904271705 39.7033163687
1408 8388608 36138.053 36138.694 36993.673 638.550276638 653.657271843 653.668866112 39.9093922899 40.8535794902 40.854304132
1536 8388608 38118.517 38122.356 38155.795 675.383746453 675.976158871 676.044237922 42.2114841533 42.2485099294 42.2527648702
1664 8388608 40671.727 40681.059 40826.492 683.803237956 686.247804513 686.405261916 42.7377023723 42.890487782 42.9003288697
1792 4194304 21856.667 21858.609 21932.64 685.388787488 687.710070481 687.771174626 42.836799218 42.981879405 42.9856984141
1920 4194304 23312.647 23315.807 23318.828 690.691974742 690.781466839 690.875101399 43.1682484214 43.1738416775 43.1796938374
2112 4194304 25791.647 25794.704 25938.825 683.020148214 686.836340359 686.917748836 42.6887592634 42.9272712724 42.9323593022
2304 4194304 26884.551 26901.087 27303.248 707.877422935 718.459920672 718.901827001 44.2423389334 44.903745042 44.9313641876
2496 4194304 29785.028 37908.33 38428.272 544.858368027 552.331521014 702.969477417 34.0536480017 34.5207200634 43.9355923385
2688 4194304 30888.413 30893.031 30898.73 729.757446471 729.892068668 730.001191839 45.6098404044 45.6182542917 45.6250744899
2944 4194304 33563.716 55106.862 62872.692 392.794727988 448.148579972 735.796416344 24.5496704992 28.0092862482 45.9872760215
3200 4194304 36166.969 63783.066 64674.421 415.056604836 420.856934033 742.211646212 25.9410378023 26.3035583771 46.3882278883
3520 4194304 55420.72 65563.607 67003.596 440.691275137 450.370281794 532.79531843 27.5432046961 28.1481426121 33.2997074019
3840 2097152 34589.768 34818.988 34831.964 462.395039223 462.567360085 465.632708493 28.8996899514 28.9104600053 29.1020442808
4224 2097152 36585.448 36603.374 36626.182 483.717906933 484.019317345 484.256475307 30.2323691833 30.2512073341 30.2660297067
4608 2097152 38258.466 38267.293 38385.089 503.51199738 505.061929309 505.178457286 31.4694998363 31.5663705818 31.5736535804
5056 2097152 40653.669 40659.377 40803.398 519.721446336 521.562369832 521.635600073 32.482590396 32.5976481145 32.6022250046
5504 2097152 43099.1 43129.586 43417.734 531.705528805 535.257844024 535.636456817 33.2315955503 33.4536152515 33.4772785511
6016 2097152 45642.157 45650.289 45725.809 551.831305248 552.744208563 552.842690235 34.489456578 34.5465130352 34.5526681397
6592 2097152 48706.257 48757.26 48914.737 565.245847443 567.071487774 567.665299512 35.3278654652 35.4419679859 35.4790812195
7232 1048576 25811.06 25819.326 25833.193 587.097509162 587.412826501 587.600945641 36.6935943226 36.7133016563 36.7250591026
7936 1048576 27710.467 27722.175 27800.341 598.661659294 600.349657702 600.603312532 37.4163537059 37.5218536064 37.5377070332
8704 1048576 29716.991 29720.355 29728.257 614.015514196 614.178767649 614.248293443 38.3759696372 38.3861729781 38.3905183402
9536 1048576 31847.969 31855.558 31923.896 626.441129617 627.784999779 627.934593631 39.152570601 39.2365624862 39.245912102
10432 1048576 34079.849 34089.284 34151.759 640.596276871 641.770289573 641.947963561 40.0372673044 40.1106430983 40.1217477225
11456 1048576 36704.1 36709.062 36805.352 652.757601992 654.469823064 654.558300353 40.7973501245 40.9043639415 40.9098937721
12544 1048576 39533.599 39539.118 39618.486 663.999999596 665.332865746 665.425748058 41.4999999748 41.5833041091 41.5891092536
13760 1048576 42559.256 42561.514 42576.182 677.768887779 678.002467675 678.038439394 42.3605554862 42.3751542297 42.3774024621
15104 524288 23016.074 23041.452 23283.898 680.199333634 687.356504443 688.114397964 42.5124583521 42.9597815277 43.0071498727
16576 524288 24919.799 24928.264 24929.661 697.209471721 697.248543902 697.485392077 43.5755919826 43.5780339939 43.5928370048
18176 524288 26961.733 26980.15 27130.853 702.481318077 706.405167355 706.887698057 43.9050823798 44.1503229597 44.1804811286
19968 524288 29268.88 29284.561 29545.716 708.663332715 714.983078217 715.366135226 44.2914582947 44.6864423885 44.7103834516
21952 524288 31777.614 31780.215 32054.14 718.108186712 724.297817117 724.357100945 44.8817616695 45.2686135698 45.2723188091
24128 524288 34606.083 34680.436 34687.967 729.360752909 729.519136611 731.086547067 45.5850470568 45.5949460382 45.6929091917
26496 524288 37608.896 37635.855 37903.218 733.000287627 738.2074805 738.736646138 45.8125179767 46.1379675312 46.1710403836
29120 262144 20494.276 20497.121 20514.719 744.2103672 744.849316155 744.952715578 46.51314795 46.5530822597 46.5595447236
32000 262144 22324.161 22336.191 22342.198 750.920567439 751.122516816 751.527280241 46.932535465 46.945157301 46.9704550151
35200 262144 24382.39 24393.276 24394.667 756.515249829 756.558389287 756.896169736 47.2822031143 47.2848993305 47.3060106085
38720 262144 26649.127 26651.48 26652.943 761.658153848 761.69996413 761.767218866 47.6036346155 47.6062477581 47.6104511791
42560 262144 29100.887 29105.102 29235.12 763.249724304 766.6593053 766.770348959 47.703107769 47.9162065812 47.9231468099
46784 262144 31795.281 31798.404 32090.75 764.341431472 771.368581643 771.444347103 47.771339467 48.2105363527 48.2152716939
51456 262144 34775.534 34791.332 34802.395 775.169735531 775.416225168 775.76848505 48.4481084707 48.463514073 48.4855303157
56576 262144 38077.907 38090.068 38368.576 773.083626768 778.736280754 778.984986964 48.317726673 48.6710175471 48.6865616852
62208 131072 20851.03 20858.449 21132.819 771.664866481 781.815270733 782.093448237 48.2290541551 48.8634544208 48.8808405148
68416 131072 22828.891 22831.393 22832.262 785.504471874 785.534369453 785.620462422 49.0940294921 49.0958980908 49.1012789014
75200 131072 24999.402 25005.205 25256.403 780.524004151 788.365014404 788.548014068 48.7827502594 49.2728134003 49.2842508793
82688 131072 27391.121 27400.844 27404.904 790.959277653 791.076474579 791.357282238 49.4349548533 49.4422796612 49.4598301398
90944 131072 30048.82 30052.296 30190.489 789.666703842 793.297920931 793.38968838 49.3541689901 49.5811200582 49.5868555238
100032 131072 32950.344 32952.739 32956.274 795.684263579 795.769620486 795.827461103 49.7302664737 49.7356012804 49.739216319
110016 131072 36149.162 36155.403 36432.49 791.602064641 797.66872752 797.806441654 49.47512904 49.85429547 49.8629026034
120960 65536 19823.697 19825.394 20002.379 792.62917276 799.705121623 799.773580074 49.5393232975 49.9815701015 49.9858487546
133056 65536 21761.736 21765.671 21769.578 801.114106668 801.257908934 801.402793968 50.0696316667 50.0786193084 50.087674623
146304 65536 23879.357 23883.087 23885.503 802.845051578 802.926266944 803.051685521 50.1778157236 50.182891684 50.190730345
160896 65536 26221.491 26222.777 26225.661 804.134565455 804.223004757 804.262446861 50.2584103409 50.2639377973 50.2664029288
176960 65536 28794.047 28798.925 29062.994 798.076795529 805.394684697 805.531126625 49.8797997206 50.3371677936 50.3456954141
194624 65536 31620.301 31623.883 31653.59 805.904067374 806.661121533 806.752501439 50.3690042109 50.4163200958 50.4220313399
214080 65536 34736.967 34738.059 34739.177 807.73052741 807.756523184 807.78191602 50.4831579631 50.484782699 50.4863697513
235456 32768 19079.232 19080.752 19089.249 808.352618587 808.71259246 808.777020794 50.5220386617 50.5445370287 50.5485637996
258944 32768 20956.115 20958.728 20973.439 809.125960888 809.693889057 809.794849093 50.5703725555 50.605868066 50.6121780683
284800 32768 24330.647 24422.98 24542.054 760.517143349 764.22503724 767.125214549 47.5323214593 47.7640648275 47.9453259093
313280 32768 27372.55 27458.8 27515.791 746.157654708 747.706312002 750.062309869 46.6348534193 46.7316445001 46.8788943668
344576 32768 29963.208 29994.464 30122.302 749.681506281 752.876688712 753.662049004 46.8550941425 47.0547930445 47.1038780627
379008 32768 32973.27 33041.037 33125.551 749.834117114 751.752079936 753.29708846 46.8646323196 46.984504996 47.0810680287
416896 32768 36253.067 36359.116 36473.911 749.075037662 751.440058554 753.638202693 46.8171898539 46.9650036596 47.1023876683
458560 16384 20023.458 20074.337 20151.435 745.658762267 748.522557931 750.424531068 46.6036726417 46.7826598707 46.9015331917
504384 16384 21965.021 22061.251 22171.605 745.442421151 749.171246544 752.453408171 46.5901513219 46.823202909 47.0283380107
554816 16384 24154.634 24210.505 24239.143 750.035209083 750.922406947 752.65933187 46.8772005677 46.9326504342 47.0412082419
610240 16384 26608.756 26650.575 26770.635 746.950691308 750.315680619 751.494895891 46.6844182067 46.8947300387 46.9684309932
671232 16384 28974.161 29077.283 29205.033 753.121223181 756.430034264 759.122246059 47.0700764488 47.2768771415 47.4451403787
738304 16384 31925.464 31971.031 32125.224 753.07632009 756.708329863 757.788374571 47.0672700057 47.2942706164 47.3617734107
812096 16384 35339.553 35411.326 35469.365 750.246352817 751.47600313 753.002216185 46.8903970511 46.9672501956 47.0626385116
893248 16384 38825.665 38889.995 38940.286 751.662441925 752.634462 753.881497303 46.9789026203 47.039653875 47.1175935815
982528 8192 21210.472 21278.537 21324.303 754.901051256 756.524696787 758.952405774 47.1813157035 47.2827935492 47.4345253609
1080768 8192 23458.189 23523.419 23565.316 751.413768948 752.752094073 754.845265847 46.9633605592 47.0470058795 47.1778291155
1188800 8192 25845.852 25878.577 25897.873 752.081037698 752.641816434 753.594781863 47.0050648561 47.0401135271 47.0996738664
1307648 8192 28252.463 28293.045 28384.625 754.792597471 757.235738748 758.323436509 47.174537342 47.3272336717 47.3952147818
1438400 8192 31184.399 31222.336 31463.611 749.015921917 754.804047974 755.722295626 46.8134951198 47.1752529984 47.2326434766
1582208 8192 34170.242 34190.071 34222.141 757.489014846 758.199533192 758.639516571 47.3430634279 47.3874708245 47.4149697857
1740416 8192 37580.259 37665.713 37690.274 756.56058494 757.053921799 758.775391729 47.2850365588 47.3158701124 47.4234619831
1914432 4096 20782.182 20792.914 20840.444 752.528446323 754.248632202 754.638129144 47.0330278952 47.1405395126 47.1648830715
2105856 4096 22717.705 22723.405 22739.448 758.645168168 759.180780873 759.371263603 47.4153230105 47.4487988046 47.4607039752
2316416 4096 25034.212 25053.414 25068.863 756.958138548 757.424911112 758.005878995 47.3098836593 47.3390569445 47.3753674372
2548032 4096 27581.938 27626.491 27648.849 754.949261866 755.560239047 756.78069264 47.1843288666 47.2225149405 47.29879329
2802816 4096 30211.886 30252.299 30440.101 754.290160601 758.972687398 759.987928989 47.1431350376 47.4357929624 47.4992455618
3083072 4096 33363.139 33390.316 33393.098 756.339703013 756.402719399 757.018871156 47.2712314383 47.2751699625 47.3136794472
3391360 4096 36470.692 36500.083 36652.346 757.987527456 761.149532728 761.762927887 47.374220466 47.5718457955 47.610182993
3730496 2048 20217.498 20302.611 20310.284 752.333724925 752.618055678 755.786478426 47.0208578078 47.0386284799 47.2366549016
4103488 2048 22204.028 22233.861 22259.852 755.076307246 755.958978425 756.974673604 47.1922692029 47.2474361516 47.3109171003
4513792 2048 24292.657 24320.425 24710.514 748.203458334 760.20431518 761.073275435 46.7627161458 47.5127696987 47.5670797147
4965120 2048 26718.14 26912.511 27426.338 741.518299672 755.675734605 761.173177474 46.3448937295 47.2297334128 47.5733235921
5461632 2048 29639.338 29861.59 30251.149 739.503966345 749.151156117 754.768702054 46.2189978966 46.8219472573 47.1730438784
6007744 2048 32905.751 33253.761 35173.391 699.611800978 739.998083946 747.824276188 43.7257375611 46.2498802466 46.7390172618
6608512 2048 36655.871 36966.611 37309.354 725.514174059 732.240917405 738.448287097 45.3446358787 45.7650573378 46.1530179436
7269312 2048 40980.44 41291.924 41954.164 709.705524153 721.087783461 726.568625227 44.3565952595 45.0679864663 45.4105390767
7996224 1024 23315.426 23581.71 23772.434 688.87631582 694.447805185 702.379049476 43.0547697388 43.402987824 43.8986905922
8795840 1024 26802.906 27268.206 27448.021 656.290678297 660.618462395 672.086837151 41.0181673936 41.2886538997 42.0054273219
9675392 1024 31604.777 32108.301 32503.511 609.632689096 617.13644755 626.968600854 38.1020430685 38.5710279719 39.1855375534
10642880 1024 37821.229 38338.922 39287.988 554.790900466 568.524546413 576.306450539 34.6744312791 35.5327841508 36.0191531587
11707136 1024 44620.195 44976.448 45507.593 526.861847604 533.083771489 537.339976394 32.9288654753 33.317735718 33.5837485246
12877824 1024 51719.335 52270.579 52541.567 501.960353638 504.562682422 509.940500047 31.3725221024 31.5351676514 31.8712812529
14165568 1024 59028.249 59745.708 59957.003 483.86479998 485.576022699 491.477957681 30.2415499988 30.3485014187 30.7173723551
15582080 512 33513.664 33959.227 34187.8 466.717657176 469.859043611 476.105803293 29.1698535735 29.3661902257 29.7566127058
17140288 512 38959.221 39251.932 39481.439 444.554589614 447.153911099 450.513497485 27.7846618509 27.9471194437 28.1570935928
18854272 512 49874.135 51330.867 52979.502 364.419705719 376.124068351 387.109962469 22.7762316075 23.5077542719 24.1943726543
20739648 512 75580.441 77353.82 78881.526 269.231601224 274.548814163 280.990680539 16.8269750765 17.1593008852 17.5619175337
22813568 512 87995.266 88803.924 95646.666 244.243679461 263.063754165 265.481254776 15.2652299663 16.4414846353 16.5925784235
25094912 512 113198.939 113659.702 125725.619 204.391038934 226.088837432 227.009105518 12.7744399334 14.1305523395 14.1880690949
27604352 512 168100.424 179966.986 181486.451 155.751882811 157.066899192 168.154581502 9.73449267571 9.81668119952 10.5096613439
30364736 256 144111.042 146029.953 146940.642 105.802891701 106.462712016 107.880316569 6.61268073131 6.65391950102 6.74251978554
33401152 256 179221.951 179371.574 180952.709 94.5075092741 95.3405795725 95.4201744183 5.90671932963 5.95878622328 5.96376090114
36741248 256 214123.965 214426.266 215128.801 87.443052202 87.7295460436 87.8534029388 5.46519076263 5.48309662772 5.49083768368
40415360 256 250953.148 251558.913 253426.898 81.651413024 82.2577267219 82.4562851071 5.103213314 5.14110792012 5.15351781919
44456896 256 290166.687 290972.658 292930.685 77.7041529535 78.2270434221 78.444327939 4.85650955959 4.88919021388 4.90277049619
48902528 256 333603.797 334098.395 335135.326 74.710400228 74.9422766188 75.0533853666 4.66940001425 4.68389228868 4.69083658541
53792768 256 379151.171 381258.4 382068.783 72.0862275105 72.2394502416 72.6409393471 4.50538921941 4.5149656401 4.54005870919
59172032 128 216112.897 217734.122 220678.815 68.6429288285 69.571273684 70.0931800104 4.29018305178 4.34820460525 4.38082375065
65089216 128 244838.008 246249.903 250152.621 66.610692422 67.6663791254 68.0565874233 4.16316827638 4.22914869534 4.25353671396
71598080 128 275690.884 276223.975 282757.139 64.8227964989 66.3559652271 66.4842747575 4.05142478118 4.1472478267 4.15526717235
78757888 128 308928.952 310560.011 314448.902 64.1185871528 64.9214921879 65.2642596217 4.00741169705 4.05759326174 4.07901622636
86633664 128 346320.904 350626.646 356094.88 62.2817659833 63.2530876846 64.039501306 3.89261037395 3.95331798029 4.00246883162
95297024 128 387762.738 388510.949 393234.12 62.0394744586 62.7936952788 62.9148594056 3.87746715366 3.92460595493 3.93217871285
104826688 128 432975.441 434370.573 437736.143 61.3054977459 61.7805021704 61.9795710953 3.83159360912 3.86128138565 3.87372319346
115309312 128 483217.355 484038.353 486631.35 60.6602592948 60.9852167479 61.0888321095 3.79126620593 3.81157604674 3.81805200684
126840192 64 272904.676 274087.733 276952.752 58.6220734719 59.2348457127 59.4916320745 3.663879592 3.70217785704 3.71822700466
139524160 64 303977.482 305506.3 307653.4 58.0493909055 58.4573623523 58.7513665897 3.62808693159 3.65358514702 3.67196041186
153476544 64 338479.514 339790.635 342170.637 57.4128680481 57.8150060904 58.0389560356 3.588304253 3.61343788065 3.62743475223
168824192 64 376077.304 377294.076 395294.039 54.6668920955 57.2749426789 57.4602517784 3.41668075597 3.57968391743 3.59126573615
185706560 64 417704.153 418428.418 420914.351 56.4733410099 56.8088558459 56.9073577777 3.52958381312 3.55055349037 3.55670986111
204277184 64 462508.64 466399.125 471919.425 55.4066608977 56.0624541309 56.5340348064 3.4629163061 3.50390338318 3.5333771754
224704896 64 511908.615 516657.533 518197.956 55.5043229233 55.6698099822 56.1862524779 3.4690201827 3.47936312389 3.51164077987
247175360 32 292498.603 294969.629 296397.697 53.3716125331 53.6300062268 54.0830721164 3.33572578332 3.35187538918 3.38019200728
271892864 32 323489.795 326737.945 329185.507 52.8612072098 53.2571853447 53.7919389265 3.30382545061 3.32857408404 3.36199618291
299082112 32 358182.744 360866.468 363648.191 52.6367396889 53.0424876384 53.4399143695 3.28979623056 3.3151554774 3.3399946481
328990272 32 395954.975 399041.023 399733.602 52.6735238235 52.7649444403 53.1761910758 3.29209523897 3.29780902752 3.32351194224
361889280 32 437660.515 440677.813 441819.375 52.4216800587 52.5574767704 52.9198159903 3.27635500367 3.28484229815 3.30748849939
398078208 32 483338.508 485844.432 487925.476 52.2149520063 52.438607163 52.7104811438 3.26343450039 3.27741294769 3.29440507149
437886016 32 533154.305 536224.543 539251.275 51.9696592725 52.2630032322 52.5639664937 3.24810370453 3.26643770201 3.28524790586
481674560 16 311341.26 313231.772 314329.169 49.0364479028 49.2082454522 49.5070454844 3.06477799393 3.07551534076 3.09419034278
529841984 16 344020.923 345848.964 346822.624 48.8864979235 49.0241268671 49.2846287957 3.05540612022 3.0640079292 3.08028929973
582826176 16 379290.768 380037.293 382295.821 48.7853557573 49.0752828092 49.1718734161 3.04908473483 3.06720517557 3.07324208851
641108736 16 417839.47 420171.811 421039.359 48.7257998889 48.8264062817 49.0989507334 3.04536249306 3.05165039261 3.06868442084
705219584 16 460653.32 462730.105 463808.031 48.6559636308 48.7693073006 48.9891762595 3.04099772692 3.04808170629 3.06182351622
775741504 16 507722.364 510777.152 512334.803 48.4521605455 48.5999188311 48.8923275556 3.02826003409 3.03749492695 3.05577047223
853315648 16 562137.155 563609.904 565274.315 48.305928664 48.4485821527 48.5755130988 3.0191205415 3.02803638454 3.03596956867
938647168 8 344257.401 346558.417 348153.784 43.1371289878 43.3357089348 43.6253647543 2.69607056174 2.70848180842 2.72658529715
1032511872 8 379386.119 381500.98 383671.664 43.0581445076 43.3031389644 43.5445292399 2.69113403173 2.70644618528 2.72153307749
1135763008 8 419128.973 421618.472 423152.706 42.9447995259 43.1010720232 43.3570793208 2.68404997037 2.69381700145 2.70981745755
1249339264 8 461398.339 464620.832 466779.795 42.824107723 43.0230993689 43.3235808073 2.67650673269 2.68894371056 2.70772380045
1374273152 8 509803.897 513318.529 513564.212 42.8152311205 42.8357232201 43.1310363875 2.67595194503 2.67723270126 2.69568977422
1511700416 8 562335.078 566693.42 568892.95 42.5162706903 42.6812908045 43.0120894148 2.65726691814 2.66758067528 2.68825558842
1662870400 8 620369.612 623728.732 625698.114 42.5219859301 42.6562462734 42.8872173707 2.65762412063 2.66601539209 2.68045108567
1829157440 8 683071.683 686678.012 693216.896 42.2184156342 42.620440044 42.8454579049 2.63865097714 2.66377750275 2.67784111906
2012073152 4 450130.476 454672.28 456810.875 35.2368695601 35.4026095807 35.759820928 2.2023043475 2.21266309879 2.234988808
2213280448 4 496451.388 499721.119 501375.011 35.315369126 35.4322499306 35.6656140198 2.20721057037 2.21451562066 2.22910087624
2434608448 4 548185.427 550161.19 554671.191 35.1142585013 35.4021111231 35.5297069654 2.19464115633 2.21263194519 2.22060668534
2678069248 4 605172.467 606325.346 610055.343 35.1190334284 35.3350789726 35.4023937841 2.19493958928 2.20844243579 2.2126496115
2945876160 4 665514.898 667501.541 672049.654 35.0673631624 35.3062994352 35.4116930377 2.19171019765 2.2066437147 2.21323081486
3240463744 4 735579.186 737185.667 741030.8 34.9833096708 35.1657813119 35.2425822337 2.18645685442 2.19786133199 2.20266138961
3564510080 4 812530.525 815872.383 821292.391 34.7209848192 34.9516434606 35.0953961268 2.1700615512 2.18447771629 2.19346225793
3920961088 2 597193.293 603308.42 604781.439 25.9330782008 25.9963955948 26.2625929257 1.62081738755 1.62477472468 1.64141205785
4313057152 2 661732.877 668162.276 673780.627 25.6051122823 25.820417027 26.0712882912 1.60031951765 1.61377606418 1.6294555182
4744362816 2 734963.957 741032.653 753831.933 25.1746449483 25.609466988 25.8209277928 1.57341530927 1.60059168675 1.61380798705
5218799040 2 814528.08 824649.007 832968.158 25.0612174781 25.3140378304 25.6285776667 1.56632609238 1.5821273644 1.60178610417
5740678912 2 901364.904 914737.221 929533.954 24.7034716152 25.103073452 25.4754933835 1.54396697595 1.56894209075 1.59221833647
6314746752 2 992954.672 1012518.388 1030877.59 24.5024115889 24.9466946056 25.4382075237 1.53140072431 1.55916841285 1.58988797023
6946221376 2 1105170.113 1126847.116 1142420.626 24.3210643012 24.6571918315 25.140822374 1.52006651883 1.54107448947 1.57130139838
7640843456 1 610094.575 622905.526 631684.202 24.1919726085 24.5329127358 25.0480622812 1.51199828803 1.53330704599 1.56550389257
8404927744 1 674312.614 687487.024 694345.76 24.209632227 24.4511603873 24.9288759234 1.51310201419 1.52819752421 1.55805474521
9245420480 1 745162.248 767060.199 775339.735 23.8486951272 24.1061144668 24.814516583 1.49054344545 1.50663215417 1.55090728644
10169962496 1 822737.331 847508.53 854963.432 23.7904034614 23.9996699408 24.7222585212 1.48690021634 1.4999793713 1.54514115757
11186958720 1 912302.177 932607.725 940715.508 23.7839360037 23.9907056742 24.5246783402 1.48649600023 1.49941910464 1.53279239626
12305654592 1 1003027.885 1031053.565 1038981.114 23.6879273861 23.8700587627 24.5370139276 1.48049546163 1.49187867267 1.53356337047
13536220032 1 1108754.776 1139936.439 1156260.975 23.4137799764 23.7490785782 24.4169771802 1.46336124853 1.48431741114 1.52606107376
14889841984 1 1225833.335 1258966.515 1281819.858 23.2323471837 23.6540715048 24.2934199273 1.45202169898 1.47837946905 1.51833874545

META_DATA
HOSTNAME  ('qiang-gpu6', [], ['127.0.1.1'])
OPENMP_THREADS 8
CONFIG  {'ERT_WORKING_SET_MIN': ['1'], 'ERT_CFLAGS': ['-O3'], 'ERT_CC': ['gcc'], 'ERT_MPI_CFLAGS': [], 'ERT_MPI_LDFLAGS': [], 'ERT_MEMORY_MAX': ['15000000000'], 'ERT_PROCS_THREADS': ['8,10'], 'ERT_LDFLAGS': [], 'ERT_LDLIBS': [], 'ERT_SPEC_GBYTES_DRAM': ['1.0'], 'ERT_RUN': ['export', 'KMP_AFFINITY=scatter;', 'export', 'OMP_NUM_THREADS=ERT_OPENMP_THREADS;', 'ERT_CODE'], 'ERT_FLOPS': ['1,2,4,8,16'], 'ERT_OPENMP_CFLAGS': ['-fopenmp'], 'ERT_SPEC_GFLOPS': ['1.0'], 'ERT_MPI': ['False'], 'ERT_TRIALS_MIN': ['1'], 'ERT_DRIVER': ['driver1'], 'ERT_RESULTS': ['Results.x86'], 'ERT_OPENMP': ['True'], 'ERT_MPI_PROCS': ['1'], 'ERT_KERNEL': ['kernel1'], 'ERT_OPENMP_THREADS': ['8,10'], 'ERT_LD': ['gcc'], 'ERT_NUM_EXPERIMENTS': ['6'], 'ERT_OPENMP_LDFLAGS': ['-fopenmp'], 'ERT_ALIGN': ['32'], 'ERT_GNUPLOT': ['gnuplot']}
MPI_PROCS      1
TIMESTAMP_DATA  1614741028.33
FLOPS          1
UNAME  ('Linux', 'qiang-gpu6', '5.4.0-65-generic', '#73-Ubuntu SMP Mon Jan 18 17:25:17 UTC 2021', 'x86_64', 'x86_64')
TIMESTAMP_DATA  1614740807.25
TIMESTAMP_DATA  1614740733.38
TIMESTAMP_DATA  1614740954.31
ERT_VERSION  1.0.0
TIMESTAMP_DATA  1614741101.84
TIMESTAMP_DATA  1614740880.9
