64 134217728 1174966.861 1177770.369 1178623.089 14.5762197808 14.5867731403 14.6215776412 0.911013736301 0.91167332127 0.913848602578
128 67108864 546893.621 546914.695 547216.227 31.3950287589 31.4123378674 31.4135483105 1.96218929743 1.96327111671 1.96334676941
192 67108864 612280.09 613010.103 616691.67 41.7871766875 42.0381387678 42.0882602536 2.61169854297 2.62738367299 2.63051626585
256 33554432 297373.791 641301.831 641613.157 26.7760550054 26.7890536929 57.7719681557 1.67350343784 1.6743158558 3.61074800973
320 33554432 312759.186 658314.593 658731.542 32.600285717 32.620933378 68.6625283646 2.03751785731 2.03880833612 4.29140802278
384 33554432 357545.376 357563.239 357565.547 72.070153269 72.0706184676 72.0742191223 4.50438457931 4.50441365422 4.50463869515
448 16777216 183787.747 183918.789 183934.542 81.7268217951 81.7338218555 81.7920986648 5.10792636219 5.10836386597 5.11200616655
512 16777216 199801.368 199866.311 199866.689 85.9566407487 85.9568033154 85.9847425269 5.37229004679 5.37230020721 5.37404640793
576 16777216 224682.724 224818.655 225108.22 85.8580501059 85.9686347292 86.0206449696 5.36612813162 5.37303967057 5.3762903106
640 16777216 235147.557 236516.722 236701.727 90.7253054389 90.7962713943 91.3249397696 5.67033158993 5.67476696214 5.7078087356
704 16777216 260756.449 260933.778 260997.907 90.507699466 90.5299433023 90.5915087377 5.65673121662 5.65812145639 5.66196929611
768 16777216 273432.208 273439.371 273461.764 94.2354916426 94.2432089489 94.2456778025 5.88971822766 5.8902005593 5.89035486266
832 16777216 297980.498 298018.497 298029.765 93.672816284 93.6763580282 93.688303803 5.85455101775 5.85477237676 5.85551898769
896 8388608 153816.29 154117.184 154233.855 97.4648888598 97.5386724948 97.7294767414 6.09155555374 6.09616703093 6.10809229634
960 8388608 167062.19 167178.925 167222.085 96.3157908239 96.3406563357 96.4079745393 6.0197369265 6.02129102098 6.02549840871
1024 8388608 173519.672 173538.193 173582.628 98.972284162 98.9976263266 99.0081930538 6.18576776012 6.18735164541 6.18801206586
1088 8388608 185499.035 185531.418 185573.18 98.3634111783 98.3855521872 98.4027275829 6.14771319864 6.1490970117 6.15017047393
1152 8388608 189291.321 189442.065 191608.757 100.86883885 102.02249871 102.103745327 6.3043024281 6.37640616935 6.38148408294
1216 8388608 205087.288 205131.88 205138.104 99.4505372634 99.4535547376 99.4751788614 6.21565857896 6.2158471711 6.21719867884
1280 8388608 210316.431 210348.716 210457.015 102.039062371 102.09159765 102.107269403 6.37744139819 6.38072485311 6.38170433769
1408 8388608 226414.465 226731.021 226854.07 104.13002565 104.186537968 104.332203899 6.50812660315 6.51165862302 6.52076274367
1536 8388608 247127.268 247152.256 247214.897 104.24049719 104.266917054 104.277459888 6.51503107436 6.51668231586 6.51734124297
1664 8388608 262911.588 262948.355 262986.324 106.154901895 106.170230363 106.185077791 6.63468136845 6.63563939771 6.63656736195
1792 4194304 141960.631 141971.747 141975.056 105.880469144 105.882936948 105.891227942 6.61752932149 6.61768355925 6.61820174637
1920 4194304 149848.1 149866.123 149877.012 107.462292883 107.470100898 107.483026879 6.7163933052 6.71688130612 6.71768917991
2112 4194304 168225.69 168262.6 168279.448 105.281662773 105.292204542 105.315306455 6.58010392333 6.58076278389 6.58220665345
2304 4194304 178769.051 178770.522 178882.221 108.045130052 108.11263857 108.113528174 6.75282062827 6.75703991064 6.7570955109
2496 4194304 194535.565 194569.198 194636.835 107.574527545 107.611923075 107.63052796 6.72340797157 6.72574519221 6.72690799752
2688 4194304 205050.066 205088.459 205135.696 109.920305162 109.945622557 109.966208467 6.87001907264 6.87160140981 6.87288802921
2944 4194304 223483.542 223492.625 223563.869 110.465354095 110.500567757 110.505058811 6.90408463096 6.90628548481 6.90656617569
3200 4194304 241837.884 241910.773 241945.43 110.948760636 110.964655551 110.998099868 6.93429753974 6.93529097193 6.93738124172
3520 4194304 268158.701 268168.084 268234.943 110.082228026 110.109673454 110.113526244 6.88013925166 6.88185459087 6.88209539022
3840 2097152 144579.023 144594.971 144620.679 111.368080079 111.387880565 111.400167367 6.96050500496 6.96174253529 6.96251046046
4224 2097152 157756.569 184073.543 184110.637 96.2287697478 96.2481615079 112.30429394 6.01429810924 6.01551009425 7.01901837127
4608 2097152 195845.974 195871.286 195898.648 98.6599602872 98.6737424698 98.6864955008 6.16624751795 6.16710890436 6.1679059688
5056 2097152 211660.04 211673.731 211697.291 100.173228121 100.184377739 100.190858057 6.26082675758 6.26152360871 6.26192862857
5504 2097152 227430.986 227505.642 227519.903 101.465625256 101.471985543 101.505294516 6.34160157848 6.34199909644 6.34408090725
6016 2097152 245776.483 245861.941 245942.396 102.596922183 102.630495641 102.666180897 6.41230763646 6.41440597754 6.41663630609
6592 2097152 266831.627 266854.212 266901.73 103.591879933 103.610326256 103.619095978 6.4744924958 6.47564539097 6.47619349861
7232 1048576 145232.026 145286.903 145304.888 104.377791228 104.390712107 104.430156913 6.52361195172 6.52441950669 6.52688480707
7936 1048576 157736.861 157805.334 157941.354 105.374544731 105.465372115 105.511154251 6.58590904571 6.59158575717 6.59444714067
8704 1048576 171568.457 171580.069 171582.575 106.383827192 106.385380973 106.392581289 6.64898919952 6.64908631083 6.64953633056
9536 1048576 186627.292 186674.92 186677.452 107.128318165 107.129771219 107.157111147 6.69551988528 6.69561070121 6.69731944672
10432 1048576 202417.343 202421.235 202460.989 108.057802997 108.079024733 108.081102833 6.75361268733 6.7549390458 6.75506892707
11456 1048576 220833.358 220886.207 220895.026 108.761947913 108.766290292 108.792319827 6.79762174455 6.79789314323 6.79951998919
12544 1048576 240527.865 240600.816 240653.116 109.313667428 109.337429213 109.370590755 6.83210421427 6.83358932582 6.83566192216
13760 1048576 262209.415 262294.73 262420.788 109.963893257 110.016741549 110.052537663 6.87274332855 6.87604634679 6.87828360397
15104 524288 143289.994 143297.72 143310.769 110.512922473 110.522986018 110.528945266 6.90705765454 6.90768662614 6.90805907913
16576 524288 156422.979 156448.436 156504.248 111.058939282 111.098558863 111.116639557 6.94118370512 6.94365992895 6.94478997232
18176 524288 170862.147 170911.613 170928.628 111.502195969 111.513296501 111.54558052 6.96888724807 6.96958103134 6.9715987825
19968 524288 186962.892 187018.482 187065.813 111.928338119 111.95666516 111.989953429 6.99552113245 6.9972915725 6.9993720893
21952 524288 204725.215 204787.26 204817.549 112.384609934 112.401232147 112.435297 7.02403812087 7.02507700919 7.02720606253
24128 524288 224422.096 224470.108 224524.674 112.682678822 112.710070634 112.734183393 7.04266742639 7.04437941465 7.04588646209
26496 524288 245473.243 245495.533 245506.469 113.166344696 113.171385876 113.181662313 7.07289654351 7.07321161726 7.07385389454
29120 262144 134551.078 134589.018 134633.349 113.398847116 113.436198487 113.468184625 7.08742794477 7.08976240543 7.09176153906
32000 262144 147534.468 147572.875 147579.107 113.682867047 113.687667873 113.717263684 7.10517919044 7.10547924204 7.10732898024
35200 262144 161843.833 161873.413 161936.901 113.963756785 114.008454248 114.029291434 7.12273479903 7.12552839051 7.12683071464
38720 262144 177775.185 177831.303 177842.611 114.148298014 114.155556516 114.191591813 7.13426862587 7.13472228227 7.13697448831
42560 262144 195027.857 195053.959 195088.518 114.377296566 114.397561549 114.412872208 7.1485810354 7.14984759679 7.15080451302
46784 262144 213955.981 213975.69 213993.196 114.621820929 114.631198488 114.641757979 7.16386380808 7.1644499055 7.1651098737
51456 262144 234956.771 234996.091 235024.599 114.786977375 114.800902488 114.820114412 7.17418608594 7.17505640551 7.17625715072
56576 262144 257968.003 258014.479 258067.558 114.939351997 114.962997437 114.983709387 7.18370949982 7.18518733982 7.18648183666
62208 131072 141627.158 141684.034 141686.68 115.095180097 115.097329541 115.143551437 7.19344875609 7.19358309631 7.19647196479
68416 131072 155616.349 155630.82 155668.102 115.212067685 115.239667207 115.250383519 7.2007542303 7.20247920046 7.20314896991
75200 131072 170815.18 170831.147 170936.818 115.324650538 115.395986892 115.406773567 7.20779065865 7.21224918077 7.21292334791
82688 131072 187643.018 187735.876 187806.721 115.417398039 115.460952557 115.518090164 7.21358737742 7.21630953478 7.21988063526
90944 131072 206215.684 206263.113 206300.749 115.561499663 115.582585705 115.609169359 7.22259372893 7.22391160653 7.22557308493
100032 131072 226617.05 226633.82 226652.426 115.696042045 115.705540365 115.714102747 7.23100262779 7.23159627279 7.23213142171
110016 131072 249015.256 249092.264 249137.265 115.759616708 115.780529836 115.81633498 7.23497604423 7.23628311476 7.23852093624
120960 65536 136796.691 136838.217 136877.894 115.82928884 115.862874185 115.898045516 7.23933055253 7.24142963658 7.24362784477
133056 65536 150412.708 150440.323 150454.622 115.914790787 115.925808216 115.947091598 7.24467442416 7.24536301348 7.24669322488
146304 65536 165274.395 165322.69 165358.45 115.968418233 115.993502695 116.027397275 7.24802613958 7.24959391841 7.25171232967
160896 65536 181661.982 181702.04 181717.137 116.053779298 116.063421809 116.089014773 7.2533612061 7.25396386304 7.25556342328
176960 65536 199801.179 200014.552 213424.207 108.677930428 115.964068054 116.087909171 6.79237065175 7.2477542534 7.25549432318
194624 65536 219613.978 219660.705 233031.961 109.468919278 116.132546001 116.157255382 6.8418074549 7.25828412506 7.25982846137
214080 65536 241479.293 255942.206 259908.606 107.960618126 109.633710667 116.199999641 6.74753863287 6.85210691667 7.26249997759
235456 32768 132764.397 141244.401 142603.121 108.208321864 109.249246744 116.227277528 6.76302011651 6.82807792147 7.26420484552
258944 32768 145961.92 155046.214 155824.305 108.905693396 109.452230701 116.264255663 6.80660583726 6.84076441879 7.26651597896
284800 32768 174503.191 174555.456 176166.342 105.949028561 106.926779762 106.958805126 6.62181428505 6.68292373514 6.68492532036
313280 32768 192696.065 193342.577 193814.392 105.93185505 106.190361164 106.54663903 6.62074094064 6.63689757275 6.65916493936
344576 32768 213341.12 213720.007 213882.255 105.582077092 105.662230939 105.849883679 6.59887981824 6.60388943371 6.61561772995
379008 32768 235918.05 236434.186 236436.998 105.054067249 105.055316696 105.285154264 6.56587920305 6.5659572935 6.58032214152
416896 32768 249604.321 249912.376 250185.565 109.205725982 109.325103035 109.460029164 6.82535787386 6.83281893971 6.84125182272
458560 16384 137194.472 137266.537 137338.974 109.40881268 109.466548865 109.524049045 6.83805079249 6.84165930404 6.8452530653
504384 16384 150409.943 150503.053 150535.678 109.792277363 109.816077366 109.884058077 6.86201733519 6.86350483535 6.86775362982
554816 16384 165332.836 165376.99 165462.741 109.874951775 109.931923951 109.961282513 6.86718448596 6.87074524697 6.87258015704
610240 16384 181082.166 181328.114 181334.251 110.273399591 110.277131763 110.426911505 6.89208747442 6.89232073522 6.90168196906
671232 16384 199157.183 199333.432 199373.938 110.319986637 110.342404459 110.440054658 6.89499916484 6.8964002787 6.90250341611
738304 16384 218558.992 218858.33 218881.006 110.529213631 110.540665608 110.692061903 6.90807585195 6.90879160048 6.91825386896
812096 16384 240454.419 240609.975 240725.077 110.544202788 110.597084464 110.668632495 6.90901267424 6.91231777901 6.91678953091
893248 16384 264204.718 264320.502 264390.203 110.707394343 110.736587751 110.785116502 6.91921214645 6.92103673441 6.92406978137
982528 8192 145261.87 145315.681 145349.107 110.75223704 110.777712641 110.818749284 6.92201481499 6.92360704004 6.92617183023
1080768 8192 159596.219 159680.641 159701.135 110.877752447 110.891982905 110.950641707 6.92985952792 6.93074893155 6.93441510666
1188800 8192 175297.192 175415.937 175473.561 110.998483697 111.034946614 111.110160852 6.93740523109 6.93968416336 6.94438505324
1307648 8192 192670.133 192840.62 192898.127 111.066422288 111.099543405 111.19785147 6.94165139302 6.94372146283 6.94986571686
1438400 8192 211724.36 211974.238 211976.771 111.176075986 111.177404492 111.308616543 6.94850474914 6.94858778075 6.95678853392
1582208 8192 232785.339 232974.374 233037.285 111.239263159 111.269301541 111.359658574 6.95245394744 6.95433134633 6.95997866086
1740416 8192 256036.894 256104.031 256150.96 111.32097941 111.341378082 111.370573586 6.95756121312 6.95883613015 6.96066084914
1914432 4096 140610.597 140788.743 141193.506 111.074704413 111.394040531 111.535170738 6.94216902582 6.96212753317 6.97094817114
2105856 4096 154615.461 154834.674 154943.863 111.338209968 111.416725378 111.574691434 6.95863812302 6.9635453361 6.97341821462
2316416 4096 169749.034 169925.016 169973.705 111.641267524 111.67325635 111.789030104 6.97757922027 6.97957852186 6.98681438152
2548032 4096 186768.264 186838.923 186875.009 111.697536528 111.719109749 111.761375819 6.98109603302 6.98244435931 6.9850859887
2802816 4096 205414.71 205694.08 205782.366 111.577435513 111.625325688 111.777139388 6.97358971954 6.97658285547 6.98607121175
3083072 4096 226169.27 226374.242 226698.609 111.410149076 111.569786389 111.670899517 6.96313431725 6.97311164934 6.97943121981
3391360 4096 248831.87 253956.028 282043.14 98.5027365672 109.396974503 111.649770265 6.15642103545 6.83731090644 6.97811064153
3730496 2048 137654.893 144024.524 176663.676 86.4926620003 106.093817856 111.003040161 5.40579137502 6.63086361598 6.93769001005
4103488 2048 156555.322 237314.583 305202.675 55.0712304471 70.8253434556 107.360686518 3.44195190294 4.42658396598 6.71004290739
4513792 2048 516428.539 559653.809 574152.715 32.2013491341 33.0355868837 35.800678382 2.01258432088 2.06472418023 2.23754239887
4965120 2048 703879.71 729887.899 730365.727 27.8451339763 27.863363056 28.8929077385 1.74032087352 1.741460191 1.80580673365
5461632 2048 776245.107 805748.659 805988.011 27.7558032709 27.7640482825 28.8193052301 1.73473770443 1.73525301765 1.80120657688
6007744 2048 855195.241 887037.213 887297.346 27.733340503 27.741473597 28.7743877003 1.73333378144 1.73384209981 1.79839923127
6608512 2048 941730.619 976639.323 976805.478 27.7112135032 27.7159279936 28.7433206544 1.73195084395 1.7322454996 1.7964575409
7269312 2048 1037780.84 1074417.2 1074692.342 27.7056984482 27.7127934586 28.6911270707 1.73160615301 1.73204959116 1.79319544192
7996224 1024 573092.463 592300.408 592436.05 27.6422522768 27.6485825956 28.5752610779 1.7276407673 1.72803641223 1.78595381737
8795840 1024 636225.784 654057.261 654349.04 27.5294670257 27.5417480917 28.3136596677 1.72059168911 1.72135925573 1.76960372923
9675392 1024 704620.99 721847.082 722232.307 27.4360515639 27.4506932425 28.1217890145 1.71475322275 1.71566832766 1.75761181341
10642880 1024 779325.284 797348.913 797934.865 27.3162875769 27.3363616412 27.9685757507 1.70726797356 1.70852260258 1.74803598442
11707136 1024 860742.18 884897.902 886987.796 27.0310534554 27.0948936299 27.8552801119 1.68944084097 1.69343085187 1.74095500699
12877824 1024 952458.193 1007870.708 1013501.137 26.0224508776 26.1678242483 27.6902269788 1.62640317985 1.63548901552 1.73063918618
14165568 1024 1051804.3 1149838.807 1157893.227 25.0550591259 25.2305654387 27.5822063705 1.56594119537 1.57691033992 1.72388789816
15582080 512 632113.56 665816.3 667247.672 23.913234305 23.9646429804 25.2423787903 1.49457714406 1.49779018627 1.57764867439
17140288 512 784024.179 787989.937 866617.996 20.2530468938 22.2739581914 22.3866245227 1.26581543086 1.39212238696 1.39916403267
18854272 512 921486.511 924820.717 1051229.952 18.3658908227 20.8762348995 20.9517711844 1.14786817642 1.30476468122 1.30948569903
20739648 512 1037274.541 1038870.277 1178981.019 18.0133515381 20.4427829174 20.4742319536 1.12583447113 1.27767393233 1.2796394971
22813568 512 1141988.732 1143334.807 1302698.024 17.932854124 20.4324170741 20.4565009946 1.12080338275 1.27702606713 1.27853131216
25094912 512 1256249.622 1258111.518 1436333.769 17.8908206732 20.4252083542 20.4554806927 1.11817629207 1.27657552214 1.27846754329
27604352 512 1381494.829 1384315.901 1581344.117 17.8752089088 20.4193684603 20.461065691 1.1172005568 1.27621052877 1.27881660569
30364736 256 762808.082 764317.451 874404.888 17.7798009199 20.3406906537 20.3809387956 1.11123755749 1.27129316585 1.27380867472
33401152 256 839275.962 840683.086 961920.752 17.7783770528 20.3422551361 20.3763608137 1.1111485658 1.27139094601 1.27352255086
36741248 256 923172.058 924939.588 1057932.006 17.7814064319 20.3381055585 20.3770454413 1.11133790199 1.27113159741 1.27356534008
40415360 256 1015365.914 1017142.995 1164160.918 17.7747457418 20.3439087933 20.3795144535 1.11092160886 1.27149429958 1.27371965335
44456896 256 1116565.495 1118738.391 1280080.767 17.7816363926 20.3460710163 20.3856655556 1.11135227454 1.27162943852 1.27410409723
48902528 256 1228320.737 1230693.362 1408286.438 17.77912054 20.3447057643 20.384003609 1.11119503375 1.27154411027 1.27400022556
53792768 256 1351919.037 1353582.812 1549477.191 17.7749613715 20.3474046596 20.3724457325 1.11093508572 1.27171279122 1.27327785828
59172032 128 749253.836 750018.727 858561.863 17.6435046149 20.19688262 20.2175010179 1.10271903843 1.26230516375 1.26359381362
65089216 128 823810.602 824954.532 944942.105 17.6337144972 20.1984941589 20.2265414593 1.10210715608 1.26240588493 1.26415884121
71598080 128 906136.076 907765.104 1039087.809 17.6396145939 20.1914662717 20.2277659675 1.10247591212 1.26196664198 1.26423537297
78757888 128 996759.311 998256.479 1142823.178 17.6422912277 20.197233629 20.2275705935 1.10264320173 1.26232710181 1.26422316209
86633664 128 1096276.607 1098078.636 1257123.456 17.6420365702 20.1972948538 20.2304946055 1.10262728564 1.26233092837 1.26440591284
95297024 128 1206008.101 1208009.013 1382697.861 17.6437953888 20.195245136 20.2287514684 1.1027372118 1.262202821 1.26429696677
104826688 128 1326491.422 1328910.141 1520898.962 17.6445857342 20.1937146087 20.2305357448 1.10278660838 1.26210716305 1.26440848405
115309312 128 1458971.827 1461597.678 1673203.743 17.6423128358 20.1965180407 20.232867644 1.10264455224 1.26228237754 1.26455422775
126840192 64 814847.163 815927.315 934488.677 17.3737199557 19.8982731397 19.924650061 1.08585749723 1.24364207123 1.24529062881
139524160 64 896459.783 897694.193 1027718.755 17.3774122474 19.8944057111 19.9217999721 1.08608826546 1.24340035694 1.24511249826
153476544 64 985981.291 987377.767 1130266.255 17.3808583111 19.8961312363 19.9243107464 1.08630364445 1.24350820227 1.24526942165
168824192 64 1084714.723 1086127.557 1243325.954 17.380395307 19.8959104175 19.9218247137 1.08627470669 1.24349440109 1.24511404461
185706560 64 1193052.918 1194569.918 1367766.809 17.3790148464 19.8987429047 19.9240447103 1.0861884279 1.24367143155 1.24525279439
204277184 64 1312451.279 1314658.125 1504581.623 17.3785716589 19.8891856786 19.9226287256 1.08616072868 1.24307410491 1.24516429535
224704896 64 1443714.379 1445640.875 1654669.916 17.3824558058 19.8958311054 19.9223801511 1.08640348786 1.24348944408 1.24514875944
247175360 32 817848.068 819151.257 937694.916 16.8703303922 19.3117240617 19.3424960686 1.05439564951 1.20698275386 1.20890600429
271892864 32 899810.831 901000.075 1031500.84 16.8697325501 19.313143005 19.338668414 1.05435828438 1.20707143781 1.20866677587
299082112 32 989872.987 991117.729 1136296.537 16.8452992196 19.3127966617 19.3370820493 1.05283120123 1.20704979136 1.20856762808
328990272 32 1088802.864 1090468.683 1248092.44 16.870046427 19.3085576287 19.3380988461 1.05437790169 1.20678485179 1.20863117788
361889280 32 1198097.845 1199296.537 1372772.027 16.8716388916 19.312082713 19.3314043729 1.05447743072 1.20700516956 1.20821277331
398078208 32 1317141.173 1319389.018 1510284.484 16.8690108267 19.3096993869 19.342653494 1.05431317667 1.20685621168 1.20891584337
437886016 32 1449066.849 1452072.311 1661360.508 16.8685272637 19.2997998872 19.3398289688 1.05428295398 1.20623749295 1.20873931055
481674560 16 843674.221 844953.409 966926.719 15.9408004941 18.2419358935 18.2695945145 0.996300030882 1.14012099335 1.14184965716
529841984 16 928257.852 929495.555 1063810.628 15.9379339158 18.2410162123 18.2653380755 0.996120869738 1.14006351327 1.14158362972
582826176 16 1020808.375 1022578.406 1169871.294 15.9422987192 18.2386382526 18.2702631451 0.996393669952 1.13991489079 1.14189144657
641108736 16 1123051.648 1127421.574 1286904.248 15.9417296072 18.196812998 18.2676189368 0.996358100451 1.13730081238 1.14172618355
705219584 16 1235282.951 1237269.732 1415850.943 15.9388435623 18.2393750565 18.2687105571 0.996177722643 1.13996094103 1.14179440982
775741504 16 1359090.595 1361076.537 1557455.103 15.9386476568 18.2383043519 18.2649546832 0.99616547855 1.13989402199 1.1415596677
853315648 16 1494860.383 1497167.599 1713222.074 15.9384478816 18.2385063331 18.2666562353 0.996152992598 1.13990664582 1.14166601471
938647168 8 913535.782 914798.59 1046330.527 14.3533561341 16.4171161304 16.4398100041 0.897084758381 1.02606975815 1.02748812525
1032511872 8 1005011.817 1006263.893 1150824.842 14.3550863251 16.4173534069 16.4378066731 0.89719289532 1.02608458793 1.02736291707
1135763008 8 1105473.968 1106940.485 1266181.063 14.3519822394 16.4166080961 16.4383862977 0.89699888996 1.02603800601 1.0273991436
1249339264 8 1215859.051 1217622.159 1393228.903 14.3475549358 16.4167743468 16.440580187 0.89672218349 1.02604839668 1.02753626168
1374273152 8 1337639.492 1339296.265 1531710.324 14.355436591 16.4178539182 16.4381887373 0.897214786939 1.02611586989 1.02738679608
1511700416 8 1470974.053 1473459.932 1684765.88 14.3564200481 16.4152455935 16.4429866092 0.897276253007 1.0259528496 1.02768666308
1662870400 8 1617976.029 1620627.772 1853817.871 14.3519634891 16.4170495284 16.4439558579 0.896997718068 1.02606559552 1.02774724112
1829157440 8 1780002.879 1782636.562 2038950.798 14.3537151896 16.4175467192 16.4418380359 0.897107199347 1.02609666995 1.02761487725
2012073152 4 1174889.491 1177457.768 1344144.689 11.9753366938 13.6706263727 13.7005099963 0.748458543364 0.854414148296 0.856281874769
2213280448 4 1292284.454 1294273.556 1478597.81 11.9750235421 13.6804491616 13.701506297 0.748438971379 0.855028072597 0.856344143563
2434608448 4 1421677.729 1423841.729 1626232.175 11.9766832088 13.6790959187 13.6999174895 0.748542700553 0.854943494917 0.856244843096
2678069248 4 1564689.627 1565714.882 1789196.765 11.9743978992 13.6835602895 13.6925263735 0.748399868698 0.855222518093 0.855782898342
2945876160 4 1720257.741 1722271.442 1968363.861 11.9728926887 13.6836788356 13.6996966898 0.748305793042 0.855229927223 0.856231043113
3240463744 4 1891971.988 1894545.416 2164973.986 11.9741438556 13.6833404642 13.7019523103 0.748383990975 0.855208779012 0.856372019394
3564510080 4 2080841.321 2083758.974 2383711.644 11.9628901892 13.6849227746 13.7041110979 0.747680636828 0.85530767341 0.856506943616
3920961088 2 1525971.236 1528130.155 1744051.995 8.99276191132 10.2634218039 10.2779423242 0.562047619458 0.641463862743 0.642371395263
4313057152 2 1678717.659 1680805.018 1918384.938 8.99310053278 10.2642652915 10.2770281325 0.562068783299 0.641516580717 0.642314258279
4744362816 2 1846373.812 1848647.802 2110204.021 8.99318315914 10.2655850636 10.278228136 0.562073947446 0.641599066473 0.642389258498
5218799040 2 2031069.652 2034047.543 2321337.67 8.99274432573 10.2628850696 10.2779321918 0.562046520358 0.641430316853 0.642370761985
5740678912 2 2234043.679 2237041.844 2553323.82 8.99326417908 10.2647680505 10.2785437294 0.562079011193 0.641548003158 0.642408983088
6314746752 2 2457324.302 2461414.048 2808479.044 8.99383139852 10.2619821434 10.2790612486 0.562114462407 0.64137388396 0.642441328039
6946221376 2 2703125.468 2707208.379 3090659.179 8.98995453552 10.2632976905 10.2787997941 0.56187215847 0.641456105659 0.642424987133
7640843456 1 1486850.505 1489474.532 1699114.513 8.99391229672 10.2597839598 10.2778906559 0.562119518545 0.64123649749 0.642368165991
8404927744 1 1635428.042 1639511.163 1868809.593 8.99495355277 10.2529679989 10.2785662568 0.562184597048 0.640810499928 0.642410391053
9245420480 1 1799244.433 1801672.954 2056398.118 8.99185853077 10.2631506561 10.2770032914 0.561991158173 0.641446916009 0.642312705713
10169962496 1 1979075.276 1992648.557 2261730.691 8.99307997762 10.2074823584 10.2774893096 0.562067498601 0.637967647398 0.642343081851
11186958720 1 2176517.48 2220608.712 2487425.929 8.99480751533 10.07557852 10.2796865385 0.562175469708 0.629723657501 0.642480408657
12305654592 1 2394042.366 2455063.645 2736513.464 8.9936737048 10.0247133039 10.2802312664 0.56210460655 0.626544581495 0.642514454149
13536220032 1 2633827.762 2665608.8 3010084.194 8.99391456158 10.1561939862 10.2787435286 0.562119660099 0.634762124135 0.642421470535
14889841984 1 2897108.865 2902870.013 3311456.764 8.99292549785 10.2587039153 10.2791042228 0.562057843616 0.641168994707 0.642444013922

META_DATA
OPENMP_THREADS 8
HOSTNAME  localhost.localdomain
CONFIG  {'ERT_WORKING_SET_MIN': ['1'], 'ERT_CFLAGS': ['-O3'], 'ERT_CC': ['gcc'], 'ERT_MPI_CFLAGS': [], 'ERT_MPI_LDFLAGS': [], 'ERT_MEMORY_MAX': ['15000000000'], 'ERT_PROCS_THREADS': ['8,10,16'], 'ERT_LDFLAGS': [], 'ERT_LDLIBS': [], 'ERT_SPEC_GBYTES_DRAM': ['0'], 'ERT_RUN': ['export', 'KMP_AFFINITY=scatter;', 'export', 'OMP_NUM_THREADS=ERT_OPENMP_THREADS;', 'ERT_CODE'], 'ERT_FLOPS': ['1,2,4,8,16'], 'ERT_OPENMP_CFLAGS': ['-fopenmp'], 'ERT_SPEC_GFLOPS': ['0'], 'ERT_MPI': ['False'], 'ERT_TRIALS_MIN': ['1'], 'ERT_DRIVER': ['driver1'], 'ERT_RESULTS': ['Results.arm'], 'ERT_OPENMP': ['True'], 'ERT_MPI_PROCS': ['1'], 'ERT_KERNEL': ['kernel1'], 'ERT_OPENMP_THREADS': ['8,10,16'], 'ERT_LD': ['gcc'], 'ERT_NUM_EXPERIMENTS': ['4'], 'ERT_OPENMP_LDFLAGS': ['-fopenmp'], 'ERT_ALIGN': ['32'], 'ERT_GNUPLOT': ['gnuplot']}
TIMESTAMP_DATA  1614745580.63
MPI_PROCS      1
FLOPS          1
UNAME  ('Linux', 'localhost.localdomain', '5.4.44-mlnx.14.gd7fb187', '#1 SMP PREEMPT Tue Sep 15 16:18:01 UTC 2020', 'aarch64', 'aarch64')
TIMESTAMP_DATA  1614745068.86
TIMESTAMP_DATA  1614745324.81
ERT_VERSION  1.0.0
TIMESTAMP_DATA  1614744789.69
