8 1073741824 2909469.987 2909499.592 2909776.851 5.9041878686 5.9047505046 5.90481058776 0.369011741787 0.369046906538 0.369050661735
16 536870912 1454721.184 1454742.74 1454841.13 11.8087596162 11.8095582893 11.8097332829 0.738047476015 0.738097393083 0.73810833018
24 536870912 1454725.774 1454739.259 1454850.485 17.7130255251 17.7143798221 17.7145440306 1.10706409532 1.10714873888 1.10715900191
32 268435456 727361.236 727375.638 727466.97 23.6160126748 23.6189779895 23.6194456533 1.47600079217 1.47618612434 1.47621535333
40 268435456 727358.262 727397.048 727589.81 29.5150319381 29.5228534939 29.5244277847 1.84468949613 1.84517834337 1.84527673654
48 268435456 727360.781 727469.384 728225.076 35.3871414557 35.4239014628 35.4291906426 2.21169634098 2.21399384142 2.21432441516
56 134217728 363682.157 363691.982 363966.728 41.3015376944 41.332738361 41.3338549793 2.5813461059 2.58329614756 2.58336593621
64 134217728 363677.314 363686.184 364119.401 47.1819659618 47.2381683435 47.2393204708 2.94887287261 2.95238552147 2.95245752942
72 134217728 366948.158 368797.871 370946.638 52.1027847461 52.4063568469 52.670526914 3.25642404663 3.27539730293 3.29190793213
80 134217728 394806.284 395980.69 396402.564 54.1743127575 54.2320295467 54.3933502335 3.38589454734 3.38950184667 3.39958438959
88 134217728 394321.552 394766.651 395234.248 59.7678977658 59.8386922202 59.9062364413 3.73549361036 3.73991826376 3.74413977758
96 134217728 424726.026 426105.566 427138.164 60.3313071693 60.4775103454 60.6739455519 3.77070669808 3.77984439659 3.79212159699
104 134217728 423021.223 424260.196 425551.976 65.6025327068 65.8022781473 65.9950042837 4.10015829418 4.1126423842 4.12468776773
112 67108864 217785.578 220603.103 221255.203 67.9413877377 68.142221626 69.0237878653 4.2463367336 4.25888885162 4.31398674158
120 67108864 227132.062 227306.615 227923.468 70.6646292342 70.8563952703 70.9108490372 4.41653932714 4.4285247044 4.43192806483
128 67108864 232077.457 234486.774 237171.298 72.4365440881 73.2658345327 74.0264453346 4.5272840055 4.5791146583 4.62665283341
136 67108864 244826.749 244834.402 245780.192 74.2680313636 74.5549271626 74.5572576631 4.64175196022 4.65968294766 4.65982860394
144 67108864 256257.814 256334.551 256447.203 75.3658164562 75.3989376641 75.4215160518 4.71036352851 4.71243360401 4.71384475324
152 67108864 265766.057 265777.37 265801.614 76.7530879478 76.7600893033 76.7633567894 4.79706799674 4.79750558146 4.79770979934
160 67108864 270427.839 270433.617 270475.377 79.3966412699 79.4089015938 79.4105982558 4.96229007937 4.96305634961 4.96316239098
176 67108864 289081.355 289084.86 289092.955 81.7118498374 81.7141379455 81.7151286979 5.10699061484 5.10713362159 5.10719554362
192 67108864 304937.496 304952.182 305026.745 84.4837516658 84.5044085502 84.5084783408 5.28023447911 5.28152553439 5.2817798963
208 67108864 325273.857 325284.894 326105.069 85.6082596619 85.8241127668 85.8270248998 5.35051622887 5.36400704793 5.36418905624
224 33554432 174607.039 174732.791 174855.197 85.9704818267 86.0307069438 86.0926662642 5.37315511417 5.37691918399 5.38079164151
240 33554432 186097.303 186189.039 186324.188 86.4414198333 86.5041650492 86.546806968 5.40258873958 5.40651031557 5.4091754355
264 33554432 206319.717 206323.699 206362.056 85.8527019909 85.8686626009 85.8703198783 5.36579387443 5.36679141256 5.3668949924
288 33554432 215059.721 215072.708 215075.989 89.8629034411 89.8642743272 89.8697010399 5.61643146507 5.61651714545 5.616856315
312 33554432 237790.494 237795.311 237802.539 88.0476956051 88.0503718932 88.0521555584 5.50298097532 5.50314824332 5.5032597224
336 33554432 247026.033 247066.822 247080.586 91.2600162928 91.2651003541 91.2801700702 5.7037510183 5.70406877213 5.70501062939
368 33554432 267959.932 268018.832 268208.147 92.0779708903 92.14301013 92.1632639913 5.75487318064 5.75893813312 5.76020399945
400 33554432 288711.003 289142.899 289269.198 92.7978014445 92.8383359676 92.9772170824 5.79986259028 5.80239599797 5.81107606765
440 33554432 321723.265 321727.82 322199.204 91.6448575708 91.7791323113 91.7804317322 5.72780359817 5.73619576946 5.73627698326
480 16777216 177239.754 188740.791 201177.516 80.0592813762 85.3346395057 90.8719798832 5.00370508601 5.3334149691 5.6794987427
528 16777216 190508.001 220870.962 283395.414 62.5159731625 80.21307978 92.9973544576 3.90724832266 5.01331748625 5.8123346536
576 16777216 296573.741 305317.162 305675.364 63.2283628588 63.3025431829 65.1687933221 3.95177267868 3.95640894893 4.07304958263
632 16777216 323394.971 325022.444 325236.155 65.2030861206 65.2459589037 65.5743067322 4.07519288254 4.07787243148 4.09839417076
688 16777216 344185.187 344687.214 345079.708 66.8988893893 66.9750668964 67.0727564345 4.18118058683 4.18594168103 4.19204727715
752 16777216 363123.372 364559.468 365161.751 69.1007007029 69.2148608907 69.4885948129 4.31879379393 4.32592880567 4.34303717581
824 16777216 388902.636 389600.336 389779.774 70.9345476915 70.9672179749 71.0945347462 4.43340923072 4.43545112343 4.44340842164
904 8388608 205506.631 206555.839 206574.421 73.4195608081 73.4261657159 73.8010408238 4.5887225505 4.58913535724 4.61256505149
992 8388608 220340.279 221411.69 221615.286 75.0986025034 75.1676583653 75.5331632851 4.69366265646 4.69797864783 4.72082270532
1088 8388608 237263.964 237420.055 237510.98 76.8537564369 76.8831891981 76.9337690405 4.8033597773 4.80519932488 4.80836056503
1192 8388608 254756.228 254767.659 255068.073 78.4043304079 78.4967823251 78.5003045029 4.90027065049 4.90604889532 4.90626903143
1304 8388608 272534.479 272577.959 273190.006 80.0815885776 80.261403909 80.274208769 5.0050992861 5.01633774431 5.01713804806
1432 8388608 293575.178 293621.694 294655.059 81.5359267665 81.8228823106 81.8358468712 5.09599542291 5.11393014441 5.11474042945
1568 8388608 315455.877 316031.214 316102.132 83.222072947 83.240748137 83.3925648752 5.20137955919 5.20254675856 5.2120353047
1720 8388608 340298.038 340370.051 340400.025 84.7732356071 84.7807009906 84.7986420656 5.29832722545 5.29879381192 5.2999151291
1888 4194304 183915.06 184143.711 184315.593 85.9270322506 86.0072375972 86.1141654414 5.37043951566 5.37545234982 5.38213534009
2072 4194304 199286.243 199298.507 199312.21 87.2058755256 87.2118714668 87.2172384523 5.45036722035 5.45074196667 5.45107740327
2272 4194304 215653.265 215732.185 215797.108 88.3186876443 88.3452664979 88.3775971396 5.51991797777 5.52157915612 5.52359982122
2496 4194304 233688.382 234152.783 234202.588 89.4010853885 89.4201012678 89.5978028039 5.58756783678 5.58875632924 5.59986267524
2744 4194304 254099.181 254130.582 254149.24 90.570171888 90.5768214547 90.5880147327 5.660635743 5.66105134092 5.66175092079
3016 4194304 276772.618 276791.563 276795.924 91.4032308077 91.4046709148 91.4109275362 5.71270192548 5.71279193217 5.71318297101
3312 4194304 300923.474 301050.638 301138.571 92.2600834684 92.2870314462 92.3260300258 5.76625521677 5.76793946539 5.77037687661
3640 2097152 163866.676 163892.747 163900.772 93.1494487409 93.1540097989 93.1688304949 5.8218405463 5.82212561243 5.82305190593
4000 2097152 178430.903 178662.718 178712.95 93.8780094 93.9044037156 94.0264030385 5.8673755875 5.86902523223 5.87665018991
4400 2097152 195056.714 195145.453 195221.521 94.53331531 94.5701645429 94.6131882443 5.90833220688 5.91063528393 5.91332426527
4840 2097152 213184.291 213189.227 213192.194 95.2212694992 95.2225947139 95.224799467 5.9513293437 5.95141216962 5.95154996669
5320 2097152 232792.724 232798.393 232842.138 95.831869058 95.8498767644 95.8522109136 5.98949181612 5.99061729777 5.9907631821
5848 2097152 254340.877 254345.823 254355.397 96.4331407208 96.4367706247 96.4386459672 6.02707129505 6.02729816404 6.02741537295
6432 2097152 278151.307 278223.888 278277.005 96.9457153961 96.9642237477 96.9895256613 6.05910721225 6.06026398423 6.06184535383
7072 2097152 304465.954 304638.674 304676.984 97.355952191 97.368195241 97.4234310875 6.08474701194 6.08551220256 6.08896444297
7776 1048576 166787.28 166805.679 166850.907 97.7366814794 97.7631819838 97.7739666478 6.10854259246 6.11019887398 6.11087291549
8552 1048576 182620.01 182623.311 182631.519 98.2023475586 98.2067612606 98.2085364249 6.13764672241 6.13792257879 6.13803352656
9400 1048576 199957.049 199968.153 199990.58 98.5707866841 98.5818416796 98.5873161191 6.16067416775 6.16136510497 6.16170725744
10336 1048576 219111.536 219154.058 219161.167 98.9051270748 98.9083353957 98.9275300959 6.18157044218 6.18177096223 6.18297063099
11368 1048576 240340.317 240346.689 240359.944 99.1863433618 99.1918134391 99.1944432527 6.19914646011 6.19948833995 6.1996527033
12504 1048576 263579.473 263584.019 263699.59 99.4419013242 99.4855026017 99.4872184451 6.21511883276 6.21784391261 6.21795115282
13752 1048576 289153.237 289159.42 289183.404 99.729216494 99.7374884207 99.73962112 6.23307603088 6.2335930263 6.23372632
15120 524288 158539.309 158592.89 158633.755 99.9438557071 99.9696084736 100.003394868 6.2464909817 6.2481005296 6.25021217924
16632 524288 174036.336 174051.012 174059.135 100.195350459 100.200026599 100.208476189 6.26220940372 6.26250166244 6.26302976178
18288 524288 191022.259 191053.492 191069.199 100.36341801 100.371669145 100.388080365 6.2727136256 6.27322932156 6.27425502281
20112 524288 209721.211 209752.861 209762.361 100.537391034 100.541944512 100.557117763 6.2835869396 6.28387153203 6.28481986021
22120 524288 230300.112 230303.281 230307.041 100.711211517 100.712855758 100.714241598 6.29445071981 6.29455348489 6.29464009987
24328 524288 252947.209 252954.2 253063.326 100.803847524 100.847334925 100.850122161 6.30024047024 6.30295843279 6.30313263508
26760 524288 277861.98 277871.612 277885.798 100.97635058 100.98150566 100.985006153 6.31102191124 6.31134410377 6.31156288457
29432 262144 152617.049 152620.555 152720.657 101.039667581 101.105938293 101.108260952 6.3149792238 6.31912114328 6.31926630949
32368 262144 167618.828 167642.647 167685.024 101.202561679 101.228143839 101.242528578 6.32516010494 6.32675898991 6.32765803612
35600 262144 193551.649 193863.846 194180.847 96.1199474014 96.2771201805 96.4324142751 6.00749671259 6.01732001128 6.02702589219
39160 262144 217949.238 218128.878 218165.854 94.1078436592 94.1237962999 94.2013758268 5.8817402287 5.88273726874 5.88758598917
43072 262144 237881.605 238051.747 238215.76 94.7969720223 94.8622852829 94.9301344087 5.9248107514 5.92889283018 5.93313340054
47376 262144 262312.898 262442.214 262463.371 94.6367037555 94.644332973 94.6909910926 5.91479398472 5.91527081082 5.91818694329
52112 262144 288230.409 288319.717 288556.885 94.6839173704 94.7618031132 94.7911649947 5.91774483565 5.92261269457 5.92444781217
57320 131072 159099.909 159359.612 159391.712 94.2714893482 94.2904785687 94.444391417 5.89196808426 5.89315491054 5.90277446356
63048 131072 175059.653 175119.197 175473.335 94.188982685 94.3794580785 94.4115598812 5.88681141781 5.89871612991 5.90072249258
69352 131072 192229.962 192315.055 192438.703 94.4727354975 94.5334762689 94.5753226961 5.90454596859 5.90834226681 5.9109576685
76280 131072 211533.972 211753.578 211838.937 94.3940929991 94.4321437629 94.5301793889 5.89963081244 5.90200898518 5.9081362118
83904 131072 230984.812 231078.001 231208.913 95.1301136734 95.1840074815 95.2224087184 5.94563210459 5.9490004676 5.9514005449
92288 131072 254025.615 254112.015 254202.511 95.1711506579 95.2050436183 95.2374250605 5.94819691612 5.95031522614 5.95233906628
101512 131072 281439.4 281757.877 281876.305 94.4058129611 94.4454934547 94.5523680338 5.90036331007 5.90284334092 5.90952300211
111656 131072 309028.223 309309.637 309520.467 94.5654765505 94.6299337709 94.7161077388 5.91034228441 5.91437086068 5.91975673368
122816 65536 168906.308 168963.33 169118.599 95.1860933522 95.273564696 95.3057286173 5.94913083451 5.9545977935 5.95660803858
135096 65536 187038.899 187120.923 187209.616 94.585434714 94.6302670386 94.6717661763 5.91158966962 5.91439168991 5.91698538602
148600 65536 205636.886 205698.4 206011.219 94.544847094 94.6886276218 94.7169526774 5.90905294337 5.91803922636 5.91980954234
163456 65536 224810.026 224936.275 225194.59 95.1377421278 95.2469975419 95.3004864294 5.94610888299 5.95293734637 5.95628040184
179800 65536 248364.402 248480.891 248507.208 94.8332476537 94.8432915914 94.8877754228 5.92707797836 5.92770572446 5.93048596393
197776 65536 272207.682 272396.696 272656.788 95.0751898097 95.1659702657 95.2320510631 5.94219936311 5.9478731416 5.95200319145
217552 65536 299398.136 299659.171 300022.318 95.0428485924 95.1580278649 95.2409928965 5.94017803702 5.94737674156 5.95256205603
239304 32768 165564.832 165722.889 165873.64 94.5480363486 94.6340426397 94.7243853332 5.90925227179 5.91462766498 5.92027408333
263232 32768 180715.461 180784.735 180799.992 95.4157805051 95.423832947 95.4604119456 5.96348628157 5.96398955918 5.9662757466
289552 32768 199208.085 199397.372 199930.929 94.9131781006 95.1671513103 95.2575788879 5.93207363129 5.94794695689 5.9535986805
318504 32768 220036.073 220143.723 220427.284 94.6955284537 94.8175031273 94.8638914493 5.91847052836 5.92609394545 5.92899321558
350352 32768 241011.707 241196.105 241396.049 95.1161742999 95.1950226228 95.2678563121 5.94476089375 5.94968891392 5.9542410195
385384 32768 266123.955 266233.862 266542.117 94.7562288027 94.8659409223 94.905119774 5.92226430017 5.92912130764 5.93156998587
423920 32768 290681.67 290799.045 290924.124 95.4957627371 95.5368375436 95.5754145764 5.96848517107 5.97105234648 5.97346341102
466312 16384 161317.534 161524.699 161585.341 94.5637241685 94.5992266854 94.7207116122 5.91023276053 5.91245166784 5.92004447576
512936 16384 177172.521 177283.883 177332.901 94.7815478866 94.8077544533 94.8673459808 5.92384674291 5.92548465333 5.9292091238
564224 16384 193642.029 193706.902 194253.913 95.1769349017 95.4457060699 95.4776818208 5.94855843136 5.96535662937 5.9673551138
620640 16384 212777.028 213113.301 213625.971 95.1997148324 95.4287293405 95.5795449873 5.94998217703 5.96429558378 5.97372156171
682704 16384 235089.534 235344.445 235728.653 94.9008293531 95.055758261 95.1588286019 5.93130183457 5.94098489132 5.94742678762
750968 16384 259906.708 260426.898 264768.713 92.9404352394 94.4899302375 94.6790470064 5.80877720246 5.90562063985 5.9174404379
826064 16384 286607.926 290039.441 291658.784 92.8086745092 93.3268422345 94.4442309387 5.80054215682 5.83292763966 5.90276443367
908664 16384 319499.658 323260.794 328071.504 90.7579646174 92.1086086053 93.1929071173 5.67237278859 5.75678803783 5.82455669483
999528 8192 181201.933 183399.408 184950.417 88.5440920741 89.2929095605 90.3757839714 5.53400575463 5.58080684753 5.64848649821
1099480 8192 202575.28 210128.342 213662.717 84.3098907143 85.7279896112 88.9243757679 5.26936816965 5.3579993507 5.55777348549
1209424 8192 229564.84 239137.166 245382.02 80.7524643248 82.8612429738 86.3163662868 5.0470290203 5.17882768586 5.39477289292
1330360 8192 259194.858 273887.381 275792.23 79.0327495448 79.5824114292 84.0935596029 4.93954684655 4.97390071432 5.25584747518
1463392 8192 295510.201 315005.89 316810.659 75.6799490386 76.1135435531 81.1349809477 4.72999681491 4.75709647207 5.07093630923
1609728 8192 327755.453 352395.438 354817.936 74.3304688859 74.8414443209 80.4678711234 4.64565430537 4.67759027005 5.02924194521
1770696 8192 363789.037 388762.446 397291.156 73.0222226845 74.6241916175 79.7469970597 4.56388891778 4.6640119761 4.98418731623
1947760 4096 200655.484 216533.908 218548.133 73.0093169911 73.6884586224 79.519630373 4.56308231194 4.6055286639 4.96997689831
2142536 4096 225259.823 239118.681 242940.528 72.246714274 73.4014374728 77.9173785997 4.51541964213 4.58758984205 4.86983616248
2356784 4096 240642.525 265256.657 266848.599 72.3510432521 72.7852591764 80.2301028382 4.52194020325 4.54907869852 5.01438142739
2592456 4096 270323.247 289357.767 293715.057 72.306131558 73.3949524569 78.5629789065 4.51913322237 4.58718452856 4.91018618166
2851696 4096 301110.967 319153.287 324292.286 72.037154877 73.1970955135 77.5830049126 4.50232217981 4.5748184696 4.84893780704
3136864 4096 321779.764 348550.545 354361.908 72.5167951404 73.7258634555 79.8595585023 4.53229969628 4.60786646597 4.99122240639
3450544 4096 355385.598 384579.221 393059.817 71.9148974926 73.5007377011 79.538553636 4.49468109329 4.59379610632 4.97115960225
3795592 2048 200570.206 213896.473 218717.555 71.0813763074 72.6835025092 77.5127330327 4.44258601922 4.54271890682 4.84454581455
4175144 2048 213837.357 233803.857 238295.434 71.7654951962 73.1441732546 79.9738177834 4.48534344976 4.57151082841 4.99836361146
4592656 2048 236011.757 257625.254 259498.887 72.4917135232 73.0189245189 79.7058553994 4.5307320952 4.56368278243 4.98161596246
5051920 2048 261000.316 284104.719 286363.548 72.2601199228 72.8346378506 79.2821427848 4.51625749518 4.55216486566 4.95513392405
5557112 2048 284578.974 312109.489 315090.369 72.2393731812 72.9293134436 79.9845836537 4.51496082383 4.55808209022 4.99903647836
6112816 2048 317698.466 346435.852 347830.966 71.9835114853 72.2733925818 78.8108757692 4.49896946783 4.51708703636 4.92567973558
6724096 2048 346117.119 376112.439 377692.265 72.9215283665 73.2278285962 79.5739236926 4.55759552291 4.57673928726 4.97337023079
7396504 1024 195182.577 206614.5 211324.559 71.6813997563 73.3154749158 77.6095921308 4.48008748477 4.58221718224 4.85059950817
8136152 1024 212160.106 226942.19 228976.261 72.7710340942 73.4232770733 78.5389845912 4.54818963089 4.58895481708 4.90868653695
8949760 1024 238905.236 250826.218 255462.435 71.74874255 73.0749306279 76.7212505966 4.48429640937 4.56718316424 4.79507816229
9844736 1024 267673.628 282871.318 284163.729 70.9521211555 71.2762943608 75.3231443779 4.43450757222 4.45476839755 4.70769652362
10829208 1024 304627.888 319930.572 320920.321 69.1081758702 69.3219714682 72.8042929018 4.31926099189 4.33262321676 4.55026830636
11912128 1024 346941.472 362981.126 365004.33 66.8376677723 67.2102112108 70.3174457737 4.17735423577 4.20063820068 4.39484036085
13103336 1024 394820.738 415111.738 415454.957 64.5933612678 64.646767777 67.9691554804 4.03708507924 4.04042298606 4.24807221752
14413664 1024 457500.015 478394.908 479284.534 61.5901031182 61.7046364381 64.5228041621 3.84938144489 3.85653977738 4.03267526013
15855024 512 267044.357 277135.065 277908.012 58.4205703864 58.5835090049 60.7971827542 3.65128564915 3.66146931281 3.79982392214
17440520 512 308312.816 318322.428 318951.902 55.9930584142 56.1037831742 57.9252355179 3.49956615089 3.50648644839 3.62032721987
19184568 512 357170.12 365486.421 366013.994 53.6728047398 53.7502804571 55.0017947526 3.35455029624 3.35939252857 3.43761217204
21103024 512 409779.913 419753.097 420554.97 51.383286651 51.4814464275 52.7343969054 3.21145541569 3.21759040172 3.29589980659
23213320 512 467499.609 475850.269 478344.305 49.6931591566 49.9536119417 50.8459028037 3.10582244729 3.12210074636 3.17786892523
25534648 512 529795.119 539199.222 540818.138 48.3480077956 48.4931700291 49.3539457316 3.02175048722 3.03082312682 3.08462160823
28088112 512 601168.354 610129.043 611555.154 47.0312881837 47.1412187602 47.8438801654 2.93945551148 2.94632617251 2.99024251034
30896920 256 338921.123 345374.322 345742.041 45.7544098318 45.8031244141 46.6752349336 2.85965061449 2.86269527588 2.91720218335
33986608 256 382669.47 388181.903 389466.693 44.679413179 44.8272914361 45.4730378569 2.79246332369 2.80170571476 2.84206486606
37385264 256 429807.481 435712.258 436385.937 43.8631347737 43.9309540105 44.5344858202 2.74144592336 2.74568462565 2.78340536376
41123784 256 480545.489 487821.806 488052.469 43.1416266598 43.1620258648 43.8155760276 2.69635166624 2.69762661655 2.73847350173
45236160 256 536471.719 545495.669 545732.848 42.4400217155 42.4584744412 43.1726652118 2.65250135722 2.65365465257 2.69829157574
49759776 256 600013.537 608532.974 609615.648 41.7919149477 41.8662692089 42.4607175354 2.61199468423 2.61664182556 2.65379484597
54735752 256 669375.644 678209.128 679460.056 41.2455519298 41.3216276027 41.8669326785 2.57784699562 2.58260172517 2.61668329241
60209320 128 375894.954 379808.32 382128.358 40.336147782 40.5825388975 41.0050354653 2.52100923638 2.53640868109 2.56281471658
66230248 128 417983.466 422307.511 424712.358 39.9210034006 40.14833515 40.5636702577 2.49506271254 2.50927094688 2.53522939111
72853272 128 465130.375 470499.104 471266.336 39.5751535964 39.6396878834 40.0972257123 2.47344709977 2.47748049272 2.50607660702
80138592 128 515714.151 521890.305 525652.561 39.028592409 39.3099457021 39.780718664 2.43928702556 2.45687160638 2.4862949165
88152448 128 572374.018 580257.631 583287.792 38.689351976 38.8913914826 39.4270633857 2.4180844985 2.43071196766 2.4641914616
96967688 128 634633.853 643606.351 644725.493 38.502786686 38.5697376812 39.1150393422 2.40642416787 2.41060860507 2.44468995889
106664456 128 699040.613 710346.527 714029.103 38.2422797912 38.4405352854 39.0622522185 2.39014248695 2.40253345534 2.44139076366
117330896 64 390638.867 397580.36 400514.442 37.497660791 37.7743877691 38.4456232001 2.34360379944 2.36089923557 2.40285145001
129063984 64 430158.089 438558.64 440404.857 37.5113709339 37.6692839799 38.4049268733 2.34446068337 2.35433024874 2.40030792958
141970376 64 474040.453 482449.929 484451.127 37.5109213607 37.6665163277 38.3347201974 2.34443258504 2.35415727048 2.39592001234
156167408 64 521841.168 530512.455 532727.412 37.5228076756 37.6794701719 38.3055792639 2.34517547973 2.35496688574 2.39409870399
171784144 64 574714.651 583486.631 586531.688 37.4888021941 37.6844459903 38.2596309207 2.34305013713 2.3552778744 2.39122693255
188962552 64 632600.36 641834.654 648303.436 37.3084659326 37.6844822966 38.2345761801 2.33177912079 2.35528014354 2.38966101126
207858800 64 696745.595 706280.544 709369.061 37.5064657634 37.6704789988 38.1859987217 2.34415411021 2.35440493742 2.3866249201
228644680 64 766775.507 777034.663 779728.49 37.5342435416 37.6643674132 38.1683018991 2.34589022135 2.35402296332 2.38551886869
251509144 32 434196.31 440535.497 441155.238 36.4873491902 36.5386792338 37.072137292 2.28045932439 2.28366745211 2.31700858075
276660056 32 477962.173 484353.156 485511.158 36.4692825123 36.5564740617 37.045282209 2.27933015702 2.28477962885 2.31533013806
304326056 32 526136.739 532838.615 534666.354 36.4280778813 36.5530331994 37.0186419998 2.27675486758 2.28456457496 2.31366512499
334758656 32 578969.835 586474.065 587698.131 36.4550316802 36.5311192133 37.0046117929 2.27843948001 2.28319495083 2.31278823706
368234520 32 637207.429 645266.762 646522.005 36.4519832237 36.5228935812 36.9848313241 2.27824895148 2.28268084882 2.31155195775
405057968 32 701207.6 709839.192 711037.194 36.4590068857 36.5205390801 36.9700926687 2.27868793035 2.2825336925 2.31063079179
445563760 32 771723.002 781548.336 782874.64 36.4248363442 36.4866500592 36.9511865865 2.27655227151 2.2804156287 2.30944916166
490120136 16 448500.627 453653.472 454329.147 34.5208852559 34.5723009302 34.9695037372 2.15755532849 2.16076880814 2.18559398357
539132144 16 493570.749 498589.485 500020.775 34.5030236154 34.6020706955 34.9539121655 2.15643897596 2.16262941847 2.18461951034
593045352 16 542917.542 548609.73 549889.273 34.5114047424 34.5918969829 34.9545737537 2.1569627964 2.16199356143 2.1846608596
652349880 16 597434.1 603541.687 604694.036 34.5219150797 34.5878281644 34.9414205851 2.15761969248 2.16173926027 2.18383878657
717584864 16 657753.174 664568.954 665388.054 34.510261358 34.5527962295 34.9108397431 2.15689133487 2.15954976434 2.18192748394
789343344 16 723418.972 731274.232 733285.56 34.4463172137 34.5410598414 34.9161246603 2.15289482586 2.15881624009 2.18225779127
868277672 16 795954.893 804696.189 806097.875 34.4683770615 34.5284169154 34.907613168 2.15427356635 2.15802605721 2.181725823
955105432 8 484534.482 489990.604 491162.416 31.1133067478 31.1877141873 31.5389048245 1.94458167174 1.9492321367 1.97118155153
1050615968 8 533049.435 539298.007 539794.395 31.141219034 31.169882458 31.5352655575 1.94632618962 1.94811765362 1.97095409734
1155677560 8 586289.969 593260.654 595787.425 31.0359705225 31.1681565857 31.5387298738 1.93974815766 1.94800978661 1.97117061711
1271245312 8 645103.784 652064.604 652817.119 31.1571562694 31.1931131781 31.5296941306 1.94732226684 1.94956957363 1.97060588316
1398369840 8 710009.543 717031.073 718242.188 31.150937405 31.2035534895 31.5121362249 1.94693358781 1.95022209309 1.96950851406
1538206824 8 781341.262 789238.244 790086.313 31.1501525581 31.18362468 31.4987962123 1.94688453488 1.9489765425 1.96867476327
1692027504 8 859236.674 868283.661 869525.103 31.1347423675 31.1792577472 31.5075472023 1.94592139797 1.9487036092 1.96922170014
1861230248 8 944775.3 955671.277 957362.559 31.1059626137 31.1610118298 31.5203879356 1.94412266336 1.94756323936 1.97002424598
2047353272 4 619625.23 627097.831 627986.75 26.0814836874 26.1184545159 26.4334397358 1.63009273046 1.63240340724 1.65208998349
2252088592 4 681739.993 689874.466 690305.618 26.09961192 26.1159234382 26.427536775 1.631225745 1.63224521489 1.65172104844
2477297448 4 749797.361 758936.488 759629.788 26.0895239985 26.1133571746 26.4316475555 1.63059524991 1.63208482341 1.65197797222
2725027192 4 825337.152 834795.161 835148.649 26.1033979545 26.1144512504 26.4137116367 1.63146237216 1.63215320315 1.6508569773
2997529904 4 907586.308 918202.922 918410.531 26.1105882637 26.1164919621 26.4219931709 1.63191176648 1.63228074763 1.65137457318
3297282888 4 998289.007 1010049.788 1010710.663 26.0987284192 26.1158048023 26.4234734822 1.6311705262 1.63223780014 1.65146709264
3627011176 4 1098974.392 1111088.94 1111629.232 26.1023087309 26.1150015659 26.4028803758 1.63139429568 1.63218759787 1.65018002349
3989712288 2 798621.654 808351.352 809010.522 19.7263802114 19.7424660855 19.9829907843 1.23289876321 1.23390413034 1.24893692402
4388683512 2 878562.562 889335.502 889653.166 19.7321099041 19.7391580664 19.9811997543 1.233256869 1.23369737915 1.24882498465
4827551856 2 966637.67 978388.544 978754.362 19.7293704873 19.7367472692 19.9766758769 1.23308565546 1.23354670432 1.24854224231
5310307040 2 1063585.584 1076437.97 1076687.091 19.7283206398 19.7328863827 19.971338912 1.23302003999 1.23330539892 1.248208682
5841337744 2 1169686.663 1183574.57 1184333.747 19.7286879946 19.741342513 19.9757351392 1.23304299966 1.23383390706 1.2484834462
6425471512 2 1287234.647 1302467.171 1302897.614 19.7267120392 19.7332313783 19.9667450747 1.23291950245 1.23332696114 1.24792156717
7068018656 2 1416040.486 1432286.732 1433269.253 19.7255851019 19.7391164718 19.9655835434 1.23284906887 1.23369477949 1.24784897146
7774820520 1 778796.278 787719.313 788473.103 19.7212066979 19.7400784561 19.966249813 1.23257541862 1.23375490351 1.24789061331
8552302568 1 856662.092 866596.07 867118.377 19.7258016779 19.737690636 19.9665717623 1.23286260487 1.23360566475 1.24791073515
9407532824 1 942331.467 953484.824 953868.428 19.7250114331 19.7329471581 19.9665046822 1.23281321457 1.23330919738 1.24790654263
10348286104 1 1036788.452 1048657.735 1049413.523 19.7220368848 19.7362509399 19.9621939925 1.2326273053 1.23351568374 1.24763712453
11383114712 1 1140273.872 1153514.395 1154311.184 19.7227833703 19.7364068647 19.9655801848 1.23267396065 1.23352542904 1.24784876155
12521426176 1 1254202.592 1268871.046 1269614.832 19.7247635431 19.7363257921 19.9671508509 1.23279772144 1.23352036201 1.24794692818
13773568792 1 1379881.601 1395780.618 1396719.749 19.7227379392 19.736008101 19.9634066894 1.2326711212 1.23350050631 1.24771291809

META_DATA
HOSTNAME  ('qiang-gpu6', [], ['127.0.1.1'])
TIMESTAMP_DATA  1618308225.42
TIMESTAMP_DATA  1618308040.72
CONFIG  {'ERT_WORKING_SET_MIN': ['1'], 'ERT_CFLAGS': ['-O3'], 'ERT_CC': ['gcc'], 'ERT_MPI_CFLAGS': [], 'ERT_MPI_LDFLAGS': [], 'ERT_MEMORY_MAX': ['15000000000'], 'ERT_PROCS_THREADS': ['1'], 'ERT_LDFLAGS': [], 'ERT_LDLIBS': [], 'ERT_SPEC_GBYTES_DRAM': ['1.0'], 'ERT_RUN': ['export', 'KMP_AFFINITY=scatter;', 'export', 'OMP_NUM_THREADS=ERT_OPENMP_THREADS;', 'ERT_CODE'], 'ERT_FLOPS': ['1,2,4,8,16'], 'ERT_OPENMP_CFLAGS': ['-fopenmp'], 'ERT_SPEC_GFLOPS': ['1.0'], 'ERT_MPI': ['False'], 'ERT_TRIALS_MIN': ['1'], 'ERT_DRIVER': ['driver1'], 'ERT_RESULTS': ['Results.x86'], 'ERT_OPENMP': ['True'], 'ERT_MPI_PROCS': ['1'], 'ERT_KERNEL': ['kernel1'], 'ERT_OPENMP_THREADS': ['1'], 'ERT_LD': ['gcc'], 'ERT_NUM_EXPERIMENTS': ['6'], 'ERT_OPENMP_LDFLAGS': ['-fopenmp'], 'ERT_ALIGN': ['32'], 'ERT_GNUPLOT': ['gnuplot']}
MPI_PROCS      1
OPENMP_THREADS 1
FLOPS          1
TIMESTAMP_DATA  1618308777.44
UNAME  ('Linux', 'qiang-gpu6', '5.4.0-66-generic', '#74-Ubuntu SMP Wed Jan 27 22:54:38 UTC 2021', 'x86_64', 'x86_64')
TIMESTAMP_DATA  1618308592.92
TIMESTAMP_DATA  1618308408.02
TIMESTAMP_DATA  1618307858.02
ERT_VERSION  1.0.0
