80 134217728 587637.013 587887.618 588022.889 36.5204091231 36.5288123486 36.544390508 4.56505114038 4.56610154358 4.56804881349
160 67108864 293786.124 293822.389 294133.771 73.0104414974 73.0878152379 73.096837208 9.12630518717 9.13597690474 9.137104651
240 33554432 147328.437 147546.968 147693.155 109.051278375 109.159324507 109.321239592 13.6314097969 13.6449155634 13.665154949
320 33554432 147599.379 147684.561 147806.475 145.290228185 145.410165657 145.494084226 18.1612785231 18.1762707071 18.1867605283
400 33554432 146900.435 146990.454 147204.759 182.355147907 182.621012926 182.732921111 22.7943934883 22.8276266158 22.8416151389
480 16777216 73449.321 73471.654 73527.498 219.049033329 219.21552712 219.282181792 27.3811291661 27.40194089 27.410272724
560 16777216 73448.708 73502.102 73731.982 254.848458027 255.645504124 255.831347231 31.8560572534 31.9556880156 31.9789184038
640 16777216 73444.082 73511.529 73787.348 291.036838456 292.128823494 292.397098516 36.379604807 36.5161029367 36.5496373145
720 16777216 73451.159 73465.278 73544.581 328.49722864 328.851829023 328.915041899 41.06215358 41.1064786279 41.1143802373
800 16777216 73442.489 73455.723 73730.952 364.074311695 365.438450589 365.504300923 45.5092889618 45.6798063236 45.6880376154
880 16777216 75481.823 75519.245 75583.67 390.66507567 390.998349626 391.192196829 48.8331344588 48.8747937032 48.8990246036
960 8388608 37814.524 37821.663 38099.97 422.733334436 425.843976242 425.924371281 52.8416668045 53.2304970302 53.2405464102
1040 8388608 38496.835 38563.914 38762.974 450.128120716 452.451601256 453.23997778 56.2660150896 56.556450157 56.6549972225
1120 8388608 38597.937 38604.799 38635.594 486.351573112 486.739535155 486.82606845 60.7939466389 60.8424418943 60.8532585563
1200 8388608 40164.236 40239.314 40261.22 500.050897613 500.323121811 501.258363286 62.5063622016 62.5403902263 62.6572954108
1280 8388608 39989.587 39994.378 40119.959 535.265663656 536.946379814 537.010709313 66.908207957 67.1182974767 67.1263386641
1360 8388608 43406.796 43606.883 43630.9 522.955377038 523.243400818 525.655331944 65.3694221297 65.4054251023 65.706916493
1440 8388608 43108.671 43117.505 43386.443 556.837329117 560.310505907 560.42532696 69.6046661396 70.0388132384 70.05316587
1520 8388608 45838.023 45939.389 46118.995 552.947181958 555.109000688 556.336566261 69.1183977448 69.388625086 69.5420707826
1600 8388608 45851.068 45856.848 46140.91 581.773216003 585.377032455 585.450825268 72.7216520004 73.1721290569 73.1813531584
1760 8388608 47362.764 47369.993 47588.134 620.488715948 623.346095069 623.441236664 77.5610894934 77.9182618836 77.930154583
1920 4194304 24985.904 24991.806 25267.123 637.43416138 644.456321404 644.608550485 79.6792701725 80.5570401755 80.5760688106
2080 4194304 26744.889 26749.02 26755.975 652.127408551 652.296967889 652.397721299 81.5159260689 81.5371209861 81.5497151624
2240 4194304 28625.474 28636.221 28655.48 655.737817688 656.178827507 656.425179894 81.967227211 82.0223534383 82.0531474867
2400 4194304 30499.986 30502.358 30792.442 653.818206429 660.036158516 660.087489876 81.7272758036 82.5045198145 82.5109362345
2640 4194304 33807.59 33947.38 34008.461 651.188688603 652.36036242 655.057787911 81.3985860754 81.5450453025 81.8822234889
2880 4194304 36361.591 52521.349 52528.816 459.922626849 459.988014398 664.41512529 57.4903283562 57.4985017997 83.0518906612
3120 4194304 54343.352 54408.257 54431.85 480.82982592 481.038327694 481.612855975 60.10372824 60.1297909617 60.2016069969
3360 4194304 58580.839 58606.346 58875.001 478.738384735 480.932950162 481.14235578 59.8422980919 60.1166187703 60.1427944724
3680 2097152 31037.307 31045.072 31357.989 492.220298948 497.181604861 497.305991142 61.5275373685 62.1477006077 62.1632488927
4000 2097152 32816.67 32821.889 32850.034 510.721419649 511.159366848 511.240659092 63.8401774561 63.894920856 63.9050823865
4400 2097152 34650.796 34673.873 34727.976 531.41414288 532.243329149 532.597796599 66.42676786 66.5304161436 66.5747245749
4800 2097152 37195.426 37198.035 37222.91 540.867417405 541.229105247 541.267068698 67.6084271756 67.6536381559 67.6583835873
5280 2097152 39838.99 39843.144 39873.658 555.402394232 555.827750943 555.885706942 69.425299279 69.4784688678 69.4857133677
5760 2097152 42523.365 42576.55 42840.67 563.931213961 567.429513194 568.139210996 70.4914017451 70.9286891493 71.0174013745
6320 2097152 45574.501 45600.114 45658.105 580.576028725 581.314364258 581.641064594 72.5720035906 72.6642955322 72.7051330743
6880 2097152 49100.547 49123.491 49355.371 584.674189158 587.434055124 587.708554856 73.0842736447 73.4292568906 73.463569357
7520 1048576 26340.212 26348.981 26355.726 598.374070212 598.527246272 598.726503796 74.7967587764 74.815905784 74.8408129745
8240 1048576 28288.703 28369.221 28400.384 608.46122644 609.129608458 610.863371149 76.057653305 76.1412010573 76.3579213936
9040 1048576 30591.15 30630.289 30643.156 618.678248415 618.938139304 619.730022572 77.3347810519 77.367267413 77.4662528215
9920 1048576 33268.682 33282.755 33305.789 624.628584538 625.060871313 625.325278591 78.0785730673 78.1326089141 78.1656598239
10880 1048576 36024.2 36030.674 36107.204 631.924137909 633.266359658 633.380165555 78.9905172386 79.1582949572 79.1725206944
11920 1048576 38741.381 38848.986 39015.058 640.728301365 643.467292557 645.254536486 80.0910376706 80.4334115696 80.6568170608
13040 1048576 41945.409 42019.375 42090.935 649.709066335 650.815536404 651.963176232 81.2136332918 81.3519420505 81.495397029
14320 524288 22848.056 22871.093 22878.815 656.310579023 656.532170107 657.194131527 82.0388223778 82.0665212633 82.1492664409
15680 524288 24923.789 24942.643 24959.316 658.738872492 659.179208875 659.677855562 82.3423590614 82.3974011094 82.4597319453
17200 524288 26953.628 27007.201 28502.447 632.770484583 667.803642443 669.130968195 79.0963105729 83.4754553054 83.6413710243
18880 524288 29503.09 29518.164 29798.135 664.374293223 670.675685656 671.018353671 83.0467866529 83.834460707 83.8772942088
20720 524288 31976.288 32034.156 32361.637 671.36575075 678.229035283 679.45643722 83.9207188437 84.7786294104 84.9320546525
22720 524288 34971.798 34986.358 35003.815 680.601435015 680.94103193 681.224531836 85.0751793769 85.1176289913 85.1530664795
24960 524288 38219.381 38227.892 38309.878 683.177768407 684.642955463 684.795417278 85.3972210509 85.5803694329 85.5994271597
27440 524288 41715.268 41765.782 41873.732 687.135444245 688.911450048 689.74566914 85.8919305306 86.113931256 86.2182086425
30160 262144 22784.612 22820.095 23056.027 685.830480681 692.921132887 694.000234895 85.7288100851 86.6151416109 86.7500293619
33120 262144 24949.358 24952.195 25225.35 688.371759361 695.907456639 695.986588513 86.0464699201 86.9884320798 86.9983235641
36400 262144 27223.741 27251.73 27275.07 699.689613995 700.288869734 701.008843715 87.4612017494 87.5361087168 87.6261054643
40000 262144 29882.57 29925.103 30081.002 697.168265871 700.800261239 701.797736942 87.1460332339 87.6000326549 87.7247171177
44000 262144 32736.055 32745.506 32769.95 703.958107962 704.483601506 704.686988093 87.9947634952 88.0604501882 88.0858735116
48400 262144 35767.481 35851.139 35891.347 707.009943093 707.802873432 709.458382043 88.3762428866 88.475359179 88.6822977553
53200 262144 39284.761 39315.686 39390.99 708.083792766 709.44003368 709.998505527 88.5104740957 88.68000421 88.7498131909
58480 131072 21535.209 21552.113 21802.256 703.146551439 711.307569703 711.865908522 87.8933189299 88.9134462129 88.9832385653
64320 131072 23649.111 23653.995 23657.408 712.719756957 712.822594238 712.969805926 89.0899696197 89.1028242798 89.1212257408
70720 131072 25945.703 25955.604 25988.192 713.355653214 714.251291552 714.523853141 89.1694566517 89.2814114439 89.3154816426
77760 131072 28463.679 28468.141 28547.608 714.046425186 716.039640242 716.151887463 89.2558031482 89.5049550303 89.5189859329
85520 131072 31226.122 31232.335 31453.076 712.761921282 717.799513869 717.942333025 89.0952401603 89.7249392336 89.7427916281
94000 131072 34270.594 34310.868 34387.989 716.573917713 718.184570556 719.028564255 89.5717397141 89.7730713196 89.8785705319
103360 131072 37633.305 37655.497 37906.809 714.784614025 719.555071601 719.979386344 89.3480767532 89.9443839501 89.997423293
113680 131072 41289.162 41322.23 41556.295 717.11229117 721.174290933 721.751870866 89.6390363963 90.1467863666 90.2189838583
125040 65536 22670.554 22721.048 22723.532 721.245397943 721.324248776 722.9308503 90.1556747428 90.165531097 90.3663562875
137520 65536 24915.804 24933.516 25176.774 715.938485209 722.923371096 723.437278604 89.4923106511 90.365421387 90.4296598255
151200 65536 27382.453 27386.405 27423.96 722.655896523 723.646875156 723.751316217 90.3319870653 90.4558593945 90.4689145271
166320 65536 30070.864 30088.44 30340.578 718.506253902 724.527261633 724.950737697 89.8132817377 90.5659077041 90.6188422122
182880 65536 33052.829 33057.474 33142.607 723.251715232 725.114307282 725.216209481 90.406464404 90.6392884102 90.6520261851
201120 65536 36316.009 36322.824 36331.636 725.5715278 725.747553109 725.883745651 90.696440975 90.7184441386 90.7354682063
221200 65536 39892.889 39898.202 39947.272 725.784889642 726.677517949 726.774298046 90.7231112052 90.8346897437 90.8467872557
243280 32768 21923.863 21930.1 22210.224 717.849494899 727.01894109 727.225766736 89.7311868624 90.8773676363 90.9032208421
267600 32768 24104.832 24109.697 24388.047 719.099549054 727.401659175 727.548468291 89.8874436317 90.9252073968 90.9435585363
294320 32768 26495.718 26500.371 26529.396 727.063500428 727.859829585 727.987651439 90.8829375535 90.9824786981 90.9984564298
323680 32768 29126.123 29131.784 29160.452 727.447313917 728.16318012 728.304707084 90.9309142396 91.020397515 91.0380883855
356000 32768 35830.771 35843.364 35898.248 649.915171348 650.910333081 651.139100523 81.2393964185 81.3637916352 81.3923875654
391600 32768 40782.77 40799.499 40817.126 628.753175812 629.024822094 629.282846653 78.5941469764 78.6281027618 78.6603558316
430720 32768 44825.55 44857.662 45079.117 626.18054209 629.271893841 629.72268985 78.2725677613 78.6589867301 78.7153362312
473760 16384 24651.067 24666.308 24762.507 626.92229345 629.36730053 629.756419063 78.3652866812 78.6709125662 78.7195523829
521120 16384 27100.345 27125.316 27202.429 627.740271282 629.524837978 630.104899403 78.4675339103 78.6906047472 78.7631124253
573200 16384 29797.292 29830.392 29844.696 629.345247812 629.647025758 630.346462356 78.6681559765 78.7058782198 78.7933077945
630480 16384 32769.073 32814.473 32966.934 626.67546336 629.587092257 630.459355381 78.33443292 78.6983865321 78.8074194226
693520 16384 36042.459 36079.873 36096.787 629.564713336 629.859849008 630.513677216 78.695589167 78.732481126 78.814209652
762800 16384 39638.739 39649.641 39689.768 629.770131183 630.407483387 630.580866864 78.7212663979 78.8009354233 78.822608358
839040 16384 43578.267 43615.924 53062.946 518.132987188 630.358369113 630.903076527 64.7666233986 78.7947961391 78.8628845658
922880 8192 23965.36 23985.124 24283.287 622.669654236 630.410162566 630.930055714 77.8337067795 78.8012703207 78.8662569642
1015120 8192 26364.249 26374.34 26410.182 629.746742374 630.602550813 630.843915941 78.7183427967 78.8253188516 78.8554894926
1116560 8192 29000.336 29007.483 29300.977 624.338193228 630.655167151 630.810589229 78.0422741535 78.8318958939 78.8513236536
1228160 8192 31886.219 31906.354 31941.287 629.973784087 630.663517367 631.061758686 78.7467230109 78.8329396709 78.8827198358
1350960 8192 35063.407 35098.029 35105.903 630.495920871 630.637368269 631.260066656 78.8119901089 78.8296710337 78.907508332
1486000 8192 38561.587 38624.242 38639.777 630.092249238 630.345677722 631.369865561 78.7615311548 78.7932097153 78.9212331951
1634560 8192 42416.292 42428.944 42704.167 627.11985554 631.187781624 631.376053333 78.3899819425 78.898472703 78.9220066667
1798000 8192 46644.08 46665.961 46920.483 627.837356235 631.261659864 631.557788255 78.4796695294 78.907707483 78.9447235319
1977760 4096 25658.922 25667.404 25750.12 629.193569583 631.221214268 631.429875347 78.6491961979 78.9026517836 78.9287344184
2175520 4096 28224.326 28236.303 29126.333 611.881345997 631.1683169 631.436153338 76.4851682496 78.8960396126 78.9295191673
2393040 4096 31049.085 31055.219 31075.987 630.833822913 631.255689422 631.380399133 78.8542278641 78.9069611778 78.9225498916
2632320 4096 34153.223 34187.176 34500.871 625.026696862 630.761822503 631.38888649 78.1283371078 78.8452278129 78.9236108112
2895520 4096 37572.905 37586.963 37873.13 626.30418558 631.072530122 631.308647548 78.2880231974 78.8840662652 78.9135809435
3185040 4096 41331.874 41343.306 41415.348 630.004308548 631.102110702 631.276667494 78.7505385685 78.8877638378 78.9095834367
3503520 4096 45465.338 45479.726 45545.842 630.152711635 631.068794038 631.268502612 78.7690889544 78.8835992548 78.9085628265
3853840 2048 25011.072 25019.72 25064.048 629.799649283 630.91547947 631.133629138 78.7249561603 78.8644349337 78.8917036423
4239200 2048 27510.445 27517.339 27554.137 630.169008741 631.011712288 631.169841128 78.7711260926 78.876464036 78.896230141
4663120 2048 30268.223 30358.322 30561.311 624.97775439 629.156628617 631.029430436 78.1222192988 78.6445785772 78.8786788045
5129360 2048 33291.605 33424.116 33478.884 627.555523057 628.583821334 631.085781536 78.4444403822 78.5729776668 78.885722692
5642240 2048 36637.581 36885.969 36909.389 626.144611605 626.542169463 630.78987229 78.2680764507 78.3177711829 78.8487340362
6206400 2048 40297.637 40756.071 41003.775 619.977414275 623.74546359 630.841317073 77.4971767843 77.9681829487 78.8551646341
6827040 2048 44494.627 44957.809 45236.532 618.163121788 621.995521179 628.470395763 77.2703902235 77.7494401473 78.5587994703
7509680 1024 24714.612 24798.414 25975.467 592.090399761 620.193881754 622.29682748 74.0112999701 77.5242352192 77.787103435
8260640 1024 27193.178 27497.061 28488.004 593.856653488 615.258144134 622.133636605 74.232081686 76.9072680168 77.7667045757
9086640 1024 30211.742 30410.12 30659.377 606.97380511 611.948874914 615.967087234 75.8717256388 76.4936093643 76.9958859042
9995280 1024 33634.861 33754.154 33825.999 605.165672712 606.453754996 608.604668829 75.645709089 75.8067193745 76.0755836036
10994800 1024 37474.063 37538.723 37564.415 599.433011269 599.843271174 600.878276796 74.9291264086 74.9804088967 75.1097845996
12094240 1024 41957.876 42154.068 42372.422 584.554820114 587.582757612 590.33025218 73.0693525142 73.4478447015 73.7912815224
13303600 1024 47276.809 48045.975 48187.666 565.40967973 567.077113119 576.303125704 70.6762099663 70.8846391399 72.037890713
14633920 1024 54672.499 55620.801 56166.199 533.599721783 538.832012865 548.178128093 66.6999652229 67.3540016081 68.5222660117
16097280 512 32015.222 32344.045 32543.791 506.505671696 509.633681254 514.868043707 63.313208962 63.7042101568 64.3585054634
17706960 512 36987.264 37231.774 37380.725 485.060871345 487.001426255 490.220824119 60.6326089181 60.8751782819 61.2776030149
19477600 512 43708.012 44387.005 44797.413 445.227995643 449.344631385 456.325087492 55.6534994554 56.1680789231 57.0406359365
21425360 512 62307.811 63299.488 65826.918 333.291749129 346.599464438 352.115862969 41.6614686411 43.3249330548 44.0144828712
23567840 512 96456.148 100702.115 103772.916 232.560374038 239.652048619 250.201450715 29.0700467548 29.9565060774 31.2751813394
25924560 512 131868.681 140145.462 149409.25 177.678085125 189.422825835 201.312011606 22.2097606407 23.6778532294 25.1640014508
28516960 512 214983.405 217223.918 218059.933 133.914408935 134.429796262 135.830796056 16.7393011168 16.8037245328 16.978849507
31368640 256 144859.753 145476.977 145803.576 110.153290616 110.400587166 110.870986229 13.769161327 13.8000733958 13.8588732786
34505440 256 182918.285 183427.716 184705.808 95.6482390635 96.3146991374 96.5829374576 11.9560298829 12.0393373922 12.0728671822
37955920 256 221798.338 222953.741 223866.776 86.8080176399 87.1635118246 87.6175683517 10.851002205 10.8954389781 10.952196044
41751440 256 262734.512 263147.65 264652.121 80.7729679219 81.2347641334 81.3625020835 10.0966209902 10.1543455167 10.1703127604
45926560 256 305145.845 306165.485 306185.594 76.7978611038 76.8029052001 77.0595408894 9.59973263798 9.60036315001 9.63244261117
50519200 256 350425.022 351663.802 352519.648 73.3741524671 73.5527235186 73.8127381783 9.17176905839 9.19409043982 9.22659227228
55571120 256 400576.285 401283.955 402856.176 70.6267276885 70.9034415293 71.0287016617 8.82834096107 8.86293019117 8.87858770771
61128160 128 228699.905 229643.611 230251.928 67.9638563548 68.1438899687 68.4250785325 8.49548204435 8.51798624609 8.55313481656
67240960 128 259421.846 259868.049 261333.623 65.8686225002 66.2401007982 66.3540331141 8.23357781253 8.28001259978 8.29425413926
73965040 128 292956.057 293801.569 294018.898 64.4007931762 64.4484313152 64.634438468 8.05009914703 8.0560539144 8.0793048085
81361520 128 328957.491 330002.712 330613.104 62.9997688174 63.1162968139 63.3168408984 7.87497110217 7.88953710174 7.91460511231
89497600 128 368950.986 370406.682 370763.755 61.7951061586 61.8546768009 62.0987244089 7.72438826983 7.73183460011 7.76234055111
98447360 128 413318.681 413918.306 414185.515 60.8483958209 60.8876770964 60.9760103246 7.60604947761 7.61095963704 7.62200129057
108292080 128 460363.468 462403.418 470303.358 58.9465756696 59.9536495641 60.2193145352 7.3683219587 7.49420619551 7.5274143169
119121280 64 261515.667 262106.778 262610.655 58.0613297659 58.1729475153 58.3044374164 7.25766622074 7.27161843941 7.28805467705
131033360 64 291705.54 291978.626 294082.662 57.0325022425 57.4434858804 57.4972627534 7.12906278031 7.18043573505 7.18715784417
144136640 64 323944.615 325140.998 325728.57 56.6406868148 56.7430438901 56.9526056792 7.08008585185 7.09288048627 7.1190757099
158550240 64 359969.1 361584.612 363150.567 55.8843426506 56.126367236 56.3782578005 6.98554283133 7.0157959045 7.04728222506
174405200 64 398738.249 401692.054 401913.639 55.5439363928 55.5745760408 55.9862658172 6.9429920491 6.9468220051 6.99828322715
191845680 64 445027.239 445805.448 448181.862 54.7908095397 55.0828778566 55.1792000309 6.84885119247 6.88535973208 6.89740000387
211030240 64 492892.256 495658.542 497147.448 54.3337209688 54.4969337379 54.8027898414 6.7917151211 6.81211671724 6.85034873017
232133200 64 547362.62 548653.688 549997.609 54.0239614023 54.1562924844 54.2840313063 6.75299517529 6.76953656056 6.78550391329
255346480 32 311984.135 313328.909 313584.767 52.114057951 52.1566132284 52.3814286903 6.51425724388 6.51957665355 6.54767858628
280881120 32 345178.418 346234.246 347663.219 51.7063373333 51.919738985 52.0785505193 6.46329216666 6.48996737313 6.50981881492
308969200 32 380742.684 382196.185 382975.078 51.6326777796 51.7379020934 51.9354136822 6.45408472245 6.46723776167 6.49192671027
339866080 32 421693.012 422667.503 423433.529 51.3691704371 51.4622699063 51.5811941413 6.42114630464 6.43278373829 6.44764926766
373852640 32 464614.482 465784.86 466910.288 51.2444672455 51.3682839756 51.497682244 6.40555840569 6.42103549695 6.4372102805
411237840 32 512944.079 513923.325 515125.588 51.0928254645 51.2123511032 51.310119051 6.38660318307 6.40154388789 6.41376488138
452361600 32 565149.142 566135.026 567616.737 51.0047370221 51.1382286388 51.2274375885 6.37559212776 6.39227857985 6.40342969856
497597760 16 329730.889 330885.129 331363.071 48.0534184813 48.1228285119 48.2912849575 6.00667731016 6.01535356399 6.03641061969
547357520 16 363635.123 364111.178 364829.377 48.0099513478 48.1046496189 48.1676260959 6.00124391847 6.01308120236 6.02095326199
602093200 16 399826.163 400891.014 401289.7 48.0126512093 48.0603997774 48.1883983165 6.00158140117 6.00754997217 6.02354978956
662302480 16 440337.718 441826.993 444052.827 47.7278334274 47.9682764878 48.1305109548 5.96597917842 5.99603456098 6.01631386935
728532720 16 484369.231 485967.964 486717.584 47.8985099499 47.9723948223 48.1307348773 5.98731374373 5.99654935279 6.01634185967
801385920 16 533994.338 534512.147 535733.26 47.8677568759 47.9771125576 48.0236354866 5.98346960948 5.99713906969 6.00295443582
881524480 16 588140.095 589899.305 590814.864 47.745554621 47.8196585772 47.9626939224 5.96819432762 5.97745732214 5.99533674031
969676880 8 360342.924 361149.131 362452.268 42.8051676035 42.9596217968 43.0557367626 5.35064595043 5.3699527246 5.38196709532
1066644560 8 397151.854 398610.237 399180.286 42.7533962937 42.8145375504 42.9717569945 5.34417453672 5.3518171938 5.37146962431
1173308960 8 437835.562 439296.619 439936.109 42.6719766256 42.7340947962 42.8766984442 5.3339970782 5.34176184953 5.35958730552
1290639840 8 483140.933 484813.811 487345.342 42.3729040997 42.5941608334 42.7416433374 5.29661301246 5.32427010418 5.34270541718
1419703760 8 532904.443 533989.137 534996.748 42.4586882909 42.5388057286 42.6253908339 5.30733603637 5.31735071607 5.32817385424
1561674080 8 587150.781 588316.751 589428.6 42.3915386529 42.4716536416 42.5559942839 5.29894233161 5.3089567052 5.31949928548
1717841440 8 645184.395 648181.661 649195.985 42.3376972056 42.4039504567 42.6009420764 5.2922121507 5.30049380709 5.32511775955
1889625520 4 426491.456 428765.739 429561.639 35.1916996015 35.2570244891 35.4450340032 4.39896245018 4.40712806113 4.4306292504
2078588000 4 469216.849 472064.635 472356.785 35.2036945971 35.2254813581 35.4392729831 4.40046182464 4.40318516976 4.42990912289
2286446800 4 517639.394 519510.262 521044.684 35.1055772407 35.2092648364 35.3365192294 4.38819715508 4.40115810455 4.41706490368
2515091440 4 570504.007 571443.201 572038.225 35.1737535022 35.2103787127 35.2683439084 4.39671918778 4.40129733909 4.40854298855
2766600560 4 627451.529 628426.282 629959.423 35.1336985716 35.2194125452 35.2741262983 4.39171232145 4.40242656815 4.40926578729
3043260560 4 690843.751 692217.629 692912.549 35.1358688988 35.1711419358 35.2410866347 4.39198361235 4.39639274197 4.40513582933
3347586560 4 758978.603 760576.358 761098.031 35.186915994 35.2110504071 35.2851745413 4.39836449925 4.40138130089 4.41064681767
3682345200 4 833845.782 835181.316 836258.377 35.2268657752 35.2722948127 35.3287888911 4.40335822191 4.40903685159 4.41609861139
4050579680 2 610330.827 612019.852 612906.854 26.435205634 26.4735182479 26.5467808658 3.30440070425 3.30918978099 3.31834760822
4455637600 2 669903.543 671439.76 672560.932 26.4995326847 26.5437816789 26.6046516491 3.31244158559 3.31797270987 3.32558145614
4901201360 2 736239.527 737674.408 738656.609 26.5411629723 26.5765020819 26.6282978855 3.31764537153 3.32206276024 3.32853723568
5391321440 2 809140.93 809818.736 810881.927 26.594853137 26.6297688623 26.6520762459 3.32435664212 3.32872110778 3.33150953073
5930453520 2 887424.786 889419.849 891207.365 26.6176144987 26.6711093829 26.7310700064 3.32720181234 3.33388867286 3.3413837508
6523498800 2 975143.913 977318.751 978628.389 26.6638445127 26.6995749067 26.7591222712 3.33298056409 3.33744686333 3.3448902839
7175848640 2 1071546.049 1072667.124 1074823.056 26.7052278045 26.7589021028 26.7868978536 3.33815347556 3.34486276285 3.3483622317
7893433440 1 588142.7 589286.583 590111.355 26.7523523251 26.7897952124 26.8418988793 3.34404404064 3.34872440155 3.35523735991
8682776720 1 645748.769 648153.866 648929.501 26.7603081895 26.7923318072 26.8921200839 3.34503852368 3.3490414759 3.36151501049
9551054320 1 711590.736 712681.849 716354.578 26.6657172672 26.8031361635 26.844234577 3.3332146584 3.35039202044 3.35552932212
10506159680 1 778591.015 783315.524 784723.596 26.7767140776 26.8248473523 26.987621171 3.34708925969 3.35310591904 3.37345264638
11556775600 1 857399.551 860106.789 860829.533 26.8503232219 26.8728854319 26.9577365337 3.35629040274 3.35911067899 3.36971706672
12712453120 1 945342.193 945652.495 947344.586 26.8380762562 26.8860986191 26.894923794 3.35475953203 3.36076232739 3.36186547425
13983698400 1 1037737.716 1039785.814 1041384.1 26.8559859902 26.8972671327 26.9503520676 3.35699824877 3.36215839159 3.36879400845

META_DATA
HOSTNAME  ('qiang-gpu6', [], ['127.0.1.1'])
TIMESTAMP_DATA  1614742291.63
TIMESTAMP_DATA  1614742217.27
TIMESTAMP_DATA  1614742142.84
MPI_PROCS      1
FLOPS          2
OPENMP_THREADS 10
TIMESTAMP_DATA  1614742365.92
CONFIG  {'ERT_WORKING_SET_MIN': ['1'], 'ERT_CFLAGS': ['-O3'], 'ERT_CC': ['gcc'], 'ERT_MPI_CFLAGS': [], 'ERT_MPI_LDFLAGS': [], 'ERT_MEMORY_MAX': ['15000000000'], 'ERT_PROCS_THREADS': ['8,10'], 'ERT_LDFLAGS': [], 'ERT_LDLIBS': [], 'ERT_SPEC_GBYTES_DRAM': ['1.0'], 'ERT_RUN': ['export', 'KMP_AFFINITY=scatter;', 'export', 'OMP_NUM_THREADS=ERT_OPENMP_THREADS;', 'ERT_CODE'], 'ERT_FLOPS': ['1,2,4,8,16'], 'ERT_OPENMP_CFLAGS': ['-fopenmp'], 'ERT_SPEC_GFLOPS': ['1.0'], 'ERT_MPI': ['False'], 'ERT_TRIALS_MIN': ['1'], 'ERT_DRIVER': ['driver1'], 'ERT_RESULTS': ['Results.x86'], 'ERT_OPENMP': ['True'], 'ERT_MPI_PROCS': ['1'], 'ERT_KERNEL': ['kernel1'], 'ERT_OPENMP_THREADS': ['8,10'], 'ERT_LD': ['gcc'], 'ERT_NUM_EXPERIMENTS': ['6'], 'ERT_OPENMP_LDFLAGS': ['-fopenmp'], 'ERT_ALIGN': ['32'], 'ERT_GNUPLOT': ['gnuplot']}
TIMESTAMP_DATA  1614742068.59
UNAME  ('Linux', 'qiang-gpu6', '5.4.0-65-generic', '#73-Ubuntu SMP Mon Jan 18 17:25:17 UTC 2021', 'x86_64', 'x86_64')
TIMESTAMP_DATA  1614742440.2
ERT_VERSION  1.0.0
