64 134217728 2957758.092 3000012.593 3002359.39 5.72212282155 5.72659902298 5.8084091564 1.43053070539 1.43164975574 1.4521022891
128 67108864 1519053.937 1540094.799 1547024.416 11.1051053922 11.1550725288 11.3095847129 2.77627634805 2.78876813219 2.82739617823
192 67108864 1549498.886 1554089.129 1554914.161 16.5731359469 16.5819342631 16.6310566654 4.14328398672 4.14548356576 4.15776416634
256 33554432 779279.608 779979.111 780576.678 22.0092012331 22.0260631877 22.0458343932 5.50230030829 5.50651579693 5.51145859831
320 33554432 799943.58 800345.3 800565.807 26.8245736855 26.8319642534 26.8454388746 6.70614342139 6.70799106336 6.71135971864
384 33554432 862480.289 862601.344 862848.927 29.8659510021 29.8745230984 29.8787161917 7.46648775053 7.46863077459 7.46967904793
448 16777216 507974.718 508063.166 508195.211 29.5799433183 29.5876311096 29.5927828755 7.39498582957 7.39690777741 7.39819571887
512 16777216 585547.074 585797.866 586012.285 29.3165683105 29.3272990243 29.3398600161 7.32914207763 7.33182475608 7.33496500403
576 16777216 633303.802 633421.663 633663.358 30.5009790893 30.5126173621 30.5182959126 7.62524477232 7.62815434053 7.62957397815
640 16777216 694448.376 694749.133 694761.85 30.9096368489 30.9102026328 30.9235894592 7.72740921224 7.7275506582 7.73089736479
704 16777216 745265.981 745363.361 745534.061 31.6850984599 31.6923548487 31.6964959226 7.92127461498 7.92308871216 7.92412398064
768 16777216 810998.521 811124.258 811154.883 31.7692765168 31.7704760052 31.7754016915 7.94231912921 7.94261900129 7.94385042288
832 16777216 866669.826 866736.172 867098.832 32.1962000106 32.2096715539 32.2121372944 8.04905000264 8.05241788847 8.05303432359
896 8388608 467475.364 467650.725 467837.67 32.1316270577 32.1444717871 32.1565299343 8.03290676443 8.03611794679 8.03913248357
960 8388608 502162.659 502250.711 502411.69 32.0576285954 32.0679035535 32.0735265184 8.01440714885 8.01697588836 8.01838162961
1024 8388608 530181.617 530468.776 530636.267 32.3759800308 32.3862024709 32.40374361 8.0939950077 8.09655061771 8.1009359025
1088 8388608 563423.377 563795.258 563834.641 32.3740502634 32.3763117 32.3976813053 8.09351256586 8.094077925 8.09942032632
1152 8388608 596874.434 596924.897 596998.138 32.3742263196 32.3781985458 32.3809359742 8.0935565799 8.09454963645 8.09523399355
1216 8388608 620565.19 620668.456 620673.179 32.8693027929 32.8695529131 32.8750226161 8.21732569823 8.21738822828 8.21875565402
1280 8388608 660408.253 660638.16 660643.447 32.5059403488 32.5062004895 32.5175168276 8.1264850872 8.12655012238 8.12937920689
1408 8388608 709840.38 709928.684 709957.427 33.2728685265 33.2742156507 33.2783549564 8.31821713163 8.31855391266 8.31958873909
1536 8388608 778177.813 778193.032 778287.008 33.1109263178 33.1149248532 33.1155724893 8.27773157945 8.27873121331 8.27889312234
1664 8388608 841572.721 841933.927 841962.212 33.1574113732 33.1585253055 33.1727570623 8.28935284331 8.28963132638 8.29318926558
1792 4194304 451182.19 451334.761 451417.816 33.3003816048 33.3065095688 33.3177724413 8.3250954012 8.32662739221 8.32944311033
1920 4194304 479424.096 479501.613 479539.731 33.5866380173 33.5893079884 33.5947389678 8.39665950432 8.3973269971 8.39868474195
2112 4194304 527529.99 527552.825 527565.913 33.5820409534 33.5828740866 33.5843277763 8.39551023836 8.39571852165 8.39608194408
2304 4194304 574572.418 574646.729 574656.852 33.6328589222 33.6334514 33.637801305 8.40821473055 8.40836285 8.40945032624
2496 4194304 620415.666 620463.449 620464.852 33.7456110536 33.7456873596 33.7482863755 8.43640276339 8.43642183989 8.43707159387
2688 4194304 667355.57 667951.99 667960.524 33.7573516605 33.7577829568 33.7879525063 8.43933791513 8.43944573921 8.44698812658
2944 4194304 727076.533 727383.635 727731.322 33.9356864346 33.9519075818 33.9662481611 8.48392160864 8.48797689544 8.49156204028
3200 4194304 787986.057 788075.931 788356.598 34.0500043611 34.0621310004 34.0660159676 8.51250109027 8.51553275011 8.5165039919
3520 4194304 867955.825 868417.374 868610.228 33.9944191401 34.001968459 34.0200495342 8.49860478502 8.50049211475 8.50501238355
3840 2097152 471176.155 471396.378 471449.438 34.1630004446 34.1668458047 34.182815045 8.54075011115 8.54171145116 8.54570376126
4224 2097152 544310.524 545271.915 545272.194 32.4915524594 32.4915690844 32.5489574697 8.12288811485 8.1228922711 8.13723936743
4608 2097152 594153.137 594226.197 594436.909 32.513715988 32.5252453183 32.5292447829 8.128428997 8.13131132958 8.13231119572
5056 2097152 648939.83 649001.74 649166.483 32.6671225015 32.6754147439 32.6785320359 8.16678062536 8.16885368597 8.16963300896
5504 2097152 700155.529 700310.807 700601.116 32.9509169894 32.9645765641 32.9718873305 8.23772924735 8.24114414102 8.24297183262
6016 2097152 763529.142 764366.541 764538.892 33.0041193823 33.0115612216 33.0477665828 8.25102984558 8.25289030541 8.26194164571
6592 2097152 831115.957 831447.086 831875.95 33.2367487821 33.2538924407 33.2671412877 8.30918719552 8.31347311018 8.31678532193
7232 1048576 455426.602 455464.192 455607.643 33.2887375728 33.2992220473 33.3019704984 8.32218439321 8.32480551182 8.32549262461
7936 1048576 497951.726 498059.756 498348.412 33.3963104351 33.4156656335 33.4229151201 8.34907760878 8.35391640838 8.35572878002
8704 1048576 542662.763 542802.203 542988.52 33.6169372568 33.6284762794 33.6371172901 8.4042343142 8.40711906985 8.40927932252
9536 1048576 593658.719 593802.13 594207.745 33.655639194 33.6786287244 33.6867645197 8.4139097985 8.41965718109 8.42169112992
10432 1048576 648668.037 648771.286 648952.999 33.711978676 33.721420994 33.726788459 8.42799466899 8.43035524849 8.43169711474
11456 1048576 710561.878 710687.33 710993.561 33.7907044871 33.8052647034 33.8112331323 8.44767612178 8.45131617585 8.45280828308
12544 1048576 772566.409 772822.525 773167.622 34.0245425952 34.039735951 34.0510205745 8.50613564881 8.50993398775 8.51275514362
13760 1048576 847244.329 847318.622 847411.015 34.052910582 34.0566237667 34.0596101175 8.5132276455 8.51415594168 8.51490252937
15104 524288 464099.061 464164.666 464278.899 34.1124525325 34.1208477597 34.1256710795 8.52811313314 8.53021193992 8.53141776988
16576 524288 509386.128 509413.447 509867.211 34.0896519741 34.1200175974 34.1218474956 8.52241299353 8.53000439935 8.5304618739
18176 524288 552760.85 552879.425 553044.007 34.4618459558 34.4721046112 34.479499364 8.61546148894 8.61802615281 8.61987484099
19968 524288 606618.149 606746.83 606991.13 34.4946812781 34.5085701857 34.515890437 8.62367031953 8.62714254642 8.62897260926
21952 524288 664075.92 664181.454 664419.434 34.6442912024 34.6567044493 34.6622120435 8.66107280059 8.66417611233 8.66555301087
24128 524288 730594.831 730766.204 731495.304 34.5867452459 34.6212531306 34.6293741134 8.64668631147 8.65531328266 8.65734352834
26496 524288 801752.05 801915.036 802062.923 34.6395138078 34.6459019332 34.6529450046 8.65987845196 8.6614754833 8.66323625116
29120 262144 438663.587 438829.911 438963.489 34.7802651988 34.7908521669 34.8040434913 8.69506629969 8.69771304172 8.70101087283
32000 262144 486378.865 486451.742 486670.348 34.4734707363 34.4889627304 34.4941304142 8.61836768407 8.62224068261 8.62353260354
35200 262144 533170.556 533230.712 533425.57 34.5970246608 34.6096674192 34.6135723219 8.6492561652 8.65241685479 8.65339308047
38720 262144 580433.705 580605.503 580784.354 34.9534749347 34.9642420802 34.9745908708 8.73836873367 8.74106052006 8.7436477177
42560 262144 637658.093 637979.674 638104.321 34.9687293216 34.9755614314 34.9932001569 8.7421823304 8.74389035786 8.74830003922
46784 262144 702822.81 702973.258 703354.925 34.8732750993 34.8922089324 34.8996780455 8.71831877483 8.72305223309 8.72491951136
51456 262144 777287.01 777343.166 777580.284 34.6945053561 34.7050884448 34.7075957541 8.67362633901 8.6762721112 8.67689893853
56576 262144 857161.034 857205.004 857290.567 34.5998416754 34.6032953023 34.605070356 8.64996041885 8.65082382557 8.651267589
62208 131072 470697.304 470708.408 470723.08 34.6434127513 34.6444925879 34.6453098699 8.66085318782 8.66112314697 8.66132746747
68416 131072 510840.192 510883.209 510900.52 35.1043759047 35.1055653974 35.1085215785 8.77609397618 8.77639134936 8.77713039463
75200 131072 561789.948 561969.001 562373.603 35.0536168391 35.0788544651 35.0900347544 8.76340420978 8.76971361629 8.7725086886
82688 131072 621983.957 622031.03 622220.942 34.8367623281 34.8473983235 34.8500356449 8.70919058202 8.71184958088 8.71250891122
90944 131072 686176.5 686394.803 686646.874 34.7200647651 34.7328153299 34.7438653699 8.68001619126 8.68320383247 8.68596634248
100032 131072 748105.537 748291.2 748314.281 35.0424805109 35.0435613943 35.0522584195 8.76062012773 8.76089034857 8.76306460488
110016 131072 819376.981 819517.211 819544.657 35.1903145944 35.1914931339 35.1975158843 8.7975786486 8.79787328347 8.79937897108
120960 65536 453964.523 454014.759 454027.651 34.9196113609 34.9206029225 34.9244672584 8.72990284021 8.73015073063 8.73111681461
133056 65536 494946.349 495111.983 495120.874 35.2235523643 35.2241848931 35.2359726812 8.80588809108 8.80604622328 8.80899317029
146304 65536 552799.476 552882.978 552902.716 34.6830596651 34.6842978552 34.6895370212 8.67076491626 8.67107446379 8.6723842553
160896 65536 606985.27 607036.022 607313.491 34.7249992377 34.7408716249 34.7437764215 8.68124980942 8.68521790623 8.68594410537
176960 65536 666092.82 666401.642 690310.257 33.6001107977 34.8055881891 34.8217251764 8.40002769943 8.70139704728 8.7054312941
194624 65536 733151.394 733231.146 758355.803 33.6382431928 34.7908801572 34.7946646992 8.4095607982 8.6977200393 8.69866617481
214080 65536 799195.603 800321.172 834919.29 33.6079116821 35.0607915193 35.1101703446 8.40197792052 8.76519787983 8.77754258615
235456 32768 439984.347 451927.831 458740.292 33.6374299034 34.14448803 35.0713486087 8.40935747584 8.5361220075 8.76783715217
258944 32768 488971.557 502368.723 503832.36 33.682143767 33.7802757358 34.7058100641 8.42053594176 8.44506893396 8.67645251603
284800 32768 562664.789 562720.747 564949.727 33.0377233725 33.1685883265 33.1718870007 8.25943084313 8.29214708161 8.29297175018
313280 32768 620047.392 620308.913 620410.45 33.0927986142 33.0982155015 33.1121755287 8.27319965355 8.27455387538 8.27804388217
344576 32768 680510.854 681463.846 682115.595 33.1060203014 33.1376827524 33.1840889874 8.27650507536 8.28442068811 8.29602224684
379008 32768 749326.279 749374.739 749445.786 33.1427152597 33.1458574666 33.1480010566 8.28567881493 8.28646436666 8.28700026414
416896 32768 803326.939 806189.696 806816.061 33.863599867 33.8899100194 34.0106809937 8.46589996676 8.47247750485 8.50267024843
458560 16384 441411.703 441755.944 443649.769 33.8692706048 34.0144694918 34.0409961446 8.46731765119 8.50361737294 8.51024903615
504384 16384 484845.95 485076.341 485116.188 34.0694772115 34.0722758771 34.0884664748 8.51736930288 8.51806896927 8.52211661869
554816 16384 532954.261 533191.571 533490.462 34.0778551501 34.0969581607 34.1121406064 8.51946378753 8.52423954016 8.52803515159
610240 16384 585288.224 585399.911 585654.835 34.1435656721 34.1584341648 34.1649524115 8.53589141802 8.53960854121 8.54123810289
671232 16384 643308.776 643369.808 643436.815 34.1835121386 34.1870723533 34.1903157497 8.54587803466 8.54676808832 8.54757893743
738304 16384 706928.946 707116.897 707195.509 34.2094161574 34.2132193059 34.2223155649 8.55235403934 8.55330482649 8.55557889123
812096 16384 777411.704 777664.887 777843.569 34.2109426478 34.2188032054 34.2299473896 8.55273566194 8.55470080135 8.55748684741
893248 16384 854347.182 854564.463 854938.7 34.2363147954 34.251307808 34.2600187379 8.55907869886 8.562826952 8.56500468448
982528 8192 469768.311 469824.956 469928.159 34.2557440828 34.2632687907 34.2674002802 8.5639360207 8.56581719767 8.56685007006
1080768 8192 516401.521 516484.114 516576.777 34.2781628993 34.2843127833 34.2897961991 8.56954072482 8.57107819583 8.57244904978
1188800 8192 567666.07 567719.236 567895.8 34.2973115843 34.3079782486 34.3111914369 8.57432789607 8.57699456215 8.57779785922
1307648 8192 624208.035 624377.705 624430.234 34.3104860486 34.3133725955 34.322699534 8.57762151216 8.57834314888 8.58067488349
1438400 8192 686444.89 686522.832 686614.603 34.3231057088 34.327693853 34.3315915718 8.58077642721 8.58192346325 8.58289789294
1582208 8192 754627.596 754694.896 754727.213 34.3473713754 34.3488421737 34.3519055086 8.58684284384 8.58721054342 8.58797637716
1740416 8192 829722.17 829873.147 829969.772 34.3566437068 34.3606439696 34.3668962636 8.58916092669 8.5901609924 8.5917240659
1914432 4096 456236.253 456280.057 456313.862 34.3689470122 34.371493348 34.3747934121 8.59223675304 8.592873337 8.59369835303
2105856 4096 501699.408 501758.816 501836.006 34.3761151965 34.3814035786 34.3854748021 8.59402879912 8.59535089464 8.59636870052
2316416 4096 551622.001 551749.174 551817.826 34.3883053028 34.3925841056 34.4005131006 8.59707632569 8.5981460264 8.60012827516
2548032 4096 606816.132 606855.084 607056.548 34.3847343592 34.3961494174 34.3983573331 8.5961835898 8.59903735436 8.59958933326
2802816 4096 667240.075 667428.815 667482.175 34.3989240941 34.40167424 34.4114053281 8.59973102353 8.60041855999 8.60285133203
3083072 4096 733916.022 734055.947 734184.37 34.400794754 34.406813169 34.4133730112 8.60019868851 8.60170329224 8.60334325281
3391360 4096 807638.964 807946.265 808271.908 34.3721226051 34.3859763 34.3990599245 8.59303065126 8.59649407501 8.59976498113
3730496 2048 445028.239 445409.457 445423.793 34.3046596435 34.3057637773 34.3351506195 8.57616491089 8.57644094432 8.58378765488
4103488 2048 493995.743 495098.753 495189.163 33.94235598 33.9485541948 34.0243556471 8.48558899501 8.4871385487 8.50608891178
4513792 2048 604501.163 622548.355 624562.219 29.6023221859 29.6980818976 30.5847087874 7.40058054648 7.4245204744 7.64617719685
4965120 2048 706553.974 730025.213 733276.101 27.7346165957 27.8581221002 28.7835498325 6.93365414892 6.96453052506 7.19588745813
5461632 2048 778791.828 803743.965 807188.319 27.7145297391 27.8332972267 28.7250634479 6.92863243478 6.95832430667 7.18126586197
6007744 2048 866210.364 884442.754 888200.578 27.7051378185 27.8228515217 28.4084795642 6.92628445464 6.95571288043 7.10211989105
6608512 2048 957253.403 973296.541 977269.332 27.6980605711 27.8111182068 28.2772200832 6.92451514277 6.95277955169 7.06930502079
7269312 2048 1054595.033 1071439.439 1075117.621 27.694739041 27.7898132813 28.2336830919 6.92368476026 6.94745332032 7.05842077297
7996224 1024 581031.099 590668.397 592314.301 27.6479340856 27.7249753587 28.1848368877 6.9119835214 6.93124383968 7.04620922193
8795840 1024 643689.42 653145.243 653529.042 27.5640088846 27.5802059543 27.9853602689 6.89100222114 6.89505148857 6.99634006723
9675392 1024 711212.459 721326.674 721409.298 27.4673515727 27.4704978067 27.8611581747 6.86683789318 6.86762445166 6.96528954367
10642880 1024 785157.351 796650.24 796833.396 27.3540470937 27.3603359989 27.760828084 6.83851177342 6.84008399972 6.940207021
11707136 1024 868401.134 880696.42 884171.278 27.1171605825 27.2241535034 27.6096075757 6.77929014564 6.80603837586 6.90240189392
12877824 1024 961114.758 973542.233 1013828.232 26.014055162 27.0905387132 27.4408267405 6.50351379049 6.77263467829 6.86020668512
14165568 1024 1079243.521 1091035.874 1168635.208 24.824755463 26.590402713 26.8809427154 6.20618886574 6.64760067825 6.72023567886
15582080 512 660326.853 666639.587 682121.863 23.3917878688 23.9350471096 24.1638664966 5.84794696721 5.98376177741 6.04096662415
17140288 512 809432.188 849320.062 849570.855 20.6594362421 20.6655367008 21.6839102425 5.16485906052 5.1663841752 5.42097756063
18854272 512 933882.907 992384.392 992698.881 19.4487723292 19.4549356919 20.6736566044 4.86219308229 4.86373392297 5.16841415109
20739648 512 1035893.096 1100228.368 1100361.963 19.3003759364 19.3027194805 20.5015359539 4.8250939841 4.82567987013 5.12538398847
22813568 512 1139756.441 1211275.782 1211425.465 19.2839710795 19.2863540898 20.496566452 4.82099276987 4.82158852244 5.12414161299
25094912 512 1254194.472 1332395.585 1332483.499 19.2851843248 19.286456798 20.4889994827 4.82129608121 4.82161419951 5.12224987067
27604352 512 1379120.358 1465752.878 1466090.386 19.2804323103 19.2848718718 20.4962940936 4.82010807757 4.82121796796 5.12407352339
30364736 256 761531.831 809478.441 809800.696 19.1982359472 19.2058788036 20.4150952057 4.7995589868 4.80146970091 5.10377380141
33401152 256 837574.826 890568.249 890622.394 19.2016166887 19.2027841136 20.4177457263 4.80040417219 4.80069602841 5.10443643157
36741248 256 921290.894 979536.285 979691.981 19.2014626442 19.2045146914 20.4186528908 4.80036566105 4.80112867284 5.10466322269
40415360 256 1014658.295 1077312.348 1077637.205 19.201883736 19.2076739475 20.3937270527 4.800470934 4.80191848688 5.09843176318
44456896 256 1114962.186 1185129.344 1185484.623 19.200528046 19.2062839953 20.4149800216 4.8001320115 4.80157099882 5.10374500539
48902528 256 1226164.179 1303634.132 1303725.656 19.2050330687 19.2063813929 20.4198546694 4.80125826718 4.80159534823 5.10496366735
53792768 256 1349226.156 1434110.6 1434110.863 19.2048592104 19.2048627323 20.4131065007 4.8012148026 4.80121568309 5.10327662518
59172032 128 747586.147 795046.909 795424.723 19.043964506 19.0530143826 20.2626015113 4.7609911265 4.76325359564 5.06565037782
65089216 128 822221.02 874663.909 874815.743 19.04725587 19.0505623069 20.2656449917 4.76181396749 4.76264057672 5.06641124791
71598080 128 904405.786 962161.221 962249.856 19.0481800186 19.049934751 20.266465301 4.76204500466 4.76248368775 5.06661632525
78757888 128 994703.901 1058196.996 1058334.315 19.0507092534 19.0531814059 20.2693679071 4.76267731336 4.76329535148 5.06734197678
86633664 128 1094233.373 1163908.527 1164266.269 19.0490943305 19.0549493105 20.2682704908 4.76227358262 4.76373732762 5.06706762269
95297024 128 1203715.912 1280501.544 1280596.999 19.0505195335 19.0519396547 20.2672722864 4.76262988338 4.76298491367 5.0668180716
104826688 128 1324034.016 1408375.62 1408606.372 19.0511931945 19.0543145926 20.2680836019 4.76279829863 4.76357864815 5.06702090047
115309312 128 1456315.24 1549353.898 1549445.918 19.0514451192 19.0525766322 20.269776118 4.76286127981 4.76314415804 5.06744402949
126840192 64 813388.107 865633.381 865770.883 18.7527033939 18.7556821772 19.9603909084 4.68817584848 4.6889205443 4.99009772711
139524160 64 894912.19 952216.909 952242.019 18.7547830527 18.7552776171 19.9562512161 4.68869576317 4.68881940428 4.98906280403
153476544 64 984107.399 1047511.486 1047626.377 18.7519120015 18.7539687102 19.9622497016 4.68797800039 4.68849217755 4.99056242539
168824192 64 1082600.089 1152085.684 1152363.245 18.7523306299 18.7568484498 19.9607378528 4.68808265748 4.68921211246 4.99018446321
185706560 64 1190948.723 1266908.022 1267640.577 18.751718832 18.7625615019 19.9592469608 4.68792970801 4.69064037547 4.9898117402
204277184 64 1310164.665 1394170.353 1394346.382 18.7524992997 18.7548670044 19.9573994403 4.68812482493 4.6887167511 4.98934986008
224704896 64 1440951.679 1533254.844 1533704.394 18.7534356689 18.7589341723 19.9605768238 4.68835891723 4.68973354308 4.99014420594
247175360 32 816678.692 869879.836 870093.762 18.1810555723 18.1855267651 19.3701919677 4.54526389307 4.54638169128 4.84254799193
271892864 32 898429.53 956697.557 957071.869 18.1816474391 18.1887610862 19.3684008761 4.54541185976 4.54719027154 4.84210021903
299082112 32 988199.358 1052389.25 1052724.862 18.1825810893 18.1883796019 19.3698316165 4.54564527232 4.54709490048 4.84245790413
328990272 32 1087125.105 1157834.738 1157948.357 18.1833475394 18.1851318819 19.3679433132 4.54583688485 4.54628297048 4.8419858283
361889280 32 1195630.915 1273676.638 1273932.851 18.1806395069 18.1842967273 19.3712906127 4.54515987672 4.54607418182 4.84282265318
398078208 32 1314992.565 1400905.726 1401132.935 18.1831464207 18.1860954946 19.3742580681 4.54578660518 4.54652387366 4.84356451704
437886016 32 1446667.862 1540863.522 1541126.108 18.1845631441 18.1876620634 19.3718999088 4.54614078603 4.54691551586 4.84297497721
481674560 16 842775.718 898884.08 898918.174 17.1468175478 17.1474679138 18.2890721586 4.28670438696 4.28686697844 4.57226803964
529841984 16 927191.712 988769.142 988980.107 17.1438670687 17.1475249053 18.2863406441 4.28596676718 4.28688122632 4.57158516102
582826176 16 1019418.243 1087488.649 1087854.085 17.14424562 17.1500067142 18.2951774309 4.28606140501 4.28750167856 4.57379435773
641108736 16 1121366.556 1196300.688 1196568.852 17.1452562197 17.149099518 18.2950699236 4.28631405491 4.28727487951 4.5737674809
705219584 16 1233987.701 1315980.522 1316267.12 17.1447165587 17.1484503841 18.2878862323 4.28617913969 4.28711259603 4.57197155809
775741504 16 1357261.481 1447506.849 1447972.308 17.143786515 17.1492992556 18.289569457 4.28594662875 4.28732481389 4.57239236424
853315648 16 1492870.871 1592344.439 1593003.016 17.1412737212 17.1483631727 18.2909997552 4.28531843031 4.28709079317 4.5727499388
938647168 8 912878.886 975614.701 975643.614 15.3932793414 15.3937355317 16.4516398816 3.84831983536 3.84843388292 4.1129099704
1032511872 8 1004060.803 1073089.574 1073213.264 15.3932032953 15.3949775976 16.4533760332 3.84830082383 3.84874439941 4.11334400831
1135763008 8 1104430.276 1180382.316 1180429.086 15.3945784152 15.3951883908 16.4539206529 3.8486446038 3.8487970977 4.11348016323
1249339264 8 1214794.876 1298363.711 1298770.253 15.391042548 15.3958617717 16.454982334 3.847760637 3.84896544294 4.1137455835
1374273152 8 1336425.486 1428389.146 1428433.567 15.3933448079 15.3938235204 16.4531211522 3.84833620197 3.8484558801 4.11328028804
1511700416 8 1469766.042 1570936.578 1571231.203 15.393792212 15.396679277 16.456501215 3.848448053 3.84916981925 4.11412530376
1662870400 8 1616944.918 1728198.301 1728741.438 15.3903445681 15.3951814353 16.4544420183 3.84758614203 3.84879535881 4.11361050457
1829157440 8 1778971.221 1900970.694 1901553.326 15.3908484395 15.3955656089 16.451372959 3.84771210986 3.84889140222 4.11284323975
2012073152 4 1174708.59 1256832.252 1257390.637 12.8015787157 12.8072661967 13.7026198268 3.20039467894 3.20181654918 3.42565495669
2213280448 4 1292699.494 1382451.753 1383579.64 12.7974155387 12.8078564374 13.6971072289 3.19935388468 3.20196410934 3.42427680721
2434608448 4 1421908.281 1521327.837 1521417.101 12.8017935195 12.8025446655 13.6976961484 3.20044837987 3.20063616636 3.42442403709
2678069248 4 1564045.883 1673646.994 1673914.708 12.799071471 12.8011187908 13.698162066 3.19976786774 3.20027969769 3.4245405165
2945876160 4 1720579.885 1840406.275 1841278.632 12.7992628983 12.8053297797 13.697131697 3.19981572458 3.20133244492 3.42428292424
3240463744 4 1892057.26 2024485.254 2024979.612 12.8019609671 12.8050870713 13.7013347852 3.20049024178 3.20127176782 3.4253336963
3564510080 4 2081384.946 2226686.661 2228263.488 12.7974455416 12.806508046 13.7005317997 3.1993613854 3.2016270115 3.42513294991
3920961088 2 1527664.249 1637305.36 1637983.977 9.57509021592 9.57905882138 10.2665519353 2.39377255398 2.39476470534 2.56663798382
4313057152 2 1680292.7 1800861.32 1801321.498 9.57753994895 9.57998731851 10.2673948461 2.39438498724 2.39499682963 2.56684871154
4744362816 2 1848361.066 1981403.653 1981768.727 9.57601712321 9.57778150619 10.2671775624 2.3940042808 2.39444537655 2.56679439059
5218799040 2 2033131.604 2179126.322 2180052.058 9.57554939268 9.57961727562 10.2675085661 2.39388734817 2.39490431891 2.56687714152
5740678912 2 2236376.811 2397184.038 2398018.528 9.57570401558 9.57903743893 10.2678204921 2.39392600389 2.39475935973 2.56695512302
6314746752 2 2460069.415 2636731.848 2637445.346 9.57706556699 9.57965711498 10.267591172 2.39426639175 2.39491427875 2.566897793
6946221376 2 2706087.712 2900713.759 2901343.608 9.57655805655 9.57863747079 10.2675480107 2.39413951414 2.3946593677 2.56688700266
7640843456 1 1488217.167 1595426.213 1595910.554 9.57552844907 9.57843539706 10.2684522467 2.39388211227 2.39460884927 2.56711306167
8404927744 1 1637425.652 1755038.938 1755336.892 9.57642693241 9.57805272808 10.2660267155 2.3941067331 2.39451318202 2.56650667886
9245420480 1 1800993.752 1930366.129 1930910.033 9.57623122983 9.57892944878 10.2670211595 2.39405780746 2.39473236219 2.56675528989
10169962496 1 1981109.587 2123317.746 2124695.582 9.57310080762 9.57931286088 10.266935825 2.39327520191 2.39482821522 2.56673395625
11186958720 1 2179326.524 2335625.967 2336231.5 9.57692653318 9.57940944146 10.2664365315 2.39423163329 2.39485236037 2.56660913287
12305654592 1 2396892.383 2569134.76 2570026.324 9.57628680849 9.57961005673 10.2680075912 2.39407170212 2.39490251418 2.56700189781
13536220032 1 2636618.874 2826185.556 2828062.33 9.57278762099 9.57914458466 10.2678625003 2.39319690525 2.39478614616 2.56696562508
14889841984 1 2899736.538 3108830.517 3109897.119 9.57577785646 9.57906318957 10.2697895404 2.39394446412 2.39476579739 2.56744738511

META_DATA
OPENMP_THREADS 8
HOSTNAME  localhost.localdomain
CONFIG  {'ERT_WORKING_SET_MIN': ['1'], 'ERT_CFLAGS': ['-O3'], 'ERT_CC': ['gcc'], 'ERT_MPI_CFLAGS': [], 'ERT_MPI_LDFLAGS': [], 'ERT_MEMORY_MAX': ['15000000000'], 'ERT_PROCS_THREADS': ['8,10,16'], 'ERT_LDFLAGS': [], 'ERT_LDLIBS': [], 'ERT_SPEC_GBYTES_DRAM': ['0'], 'ERT_RUN': ['export', 'KMP_AFFINITY=scatter;', 'export', 'OMP_NUM_THREADS=ERT_OPENMP_THREADS;', 'ERT_CODE'], 'ERT_FLOPS': ['1,2,4,8,16'], 'ERT_OPENMP_CFLAGS': ['-fopenmp'], 'ERT_SPEC_GFLOPS': ['0'], 'ERT_MPI': ['False'], 'ERT_TRIALS_MIN': ['1'], 'ERT_DRIVER': ['driver1'], 'ERT_RESULTS': ['Results.arm'], 'ERT_OPENMP': ['True'], 'ERT_MPI_PROCS': ['1'], 'ERT_KERNEL': ['kernel1'], 'ERT_OPENMP_THREADS': ['8,10,16'], 'ERT_LD': ['gcc'], 'ERT_NUM_EXPERIMENTS': ['4'], 'ERT_OPENMP_LDFLAGS': ['-fopenmp'], 'ERT_ALIGN': ['32'], 'ERT_GNUPLOT': ['gnuplot']}
MPI_PROCS      1
UNAME  ('Linux', 'localhost.localdomain', '5.4.44-mlnx.14.gd7fb187', '#1 SMP PREEMPT Tue Sep 15 16:18:01 UTC 2020', 'aarch64', 'aarch64')
TIMESTAMP_DATA  1614751856.58
FLOPS          4
TIMESTAMP_DATA  1614750778.29
TIMESTAMP_DATA  1614751140.47
TIMESTAMP_DATA  1614751504.58
ERT_VERSION  1.0.0
