64 134217728 587528.136 587925.446 587934.617 29.2207138128 29.2211696243 29.2409301467 3.6525892266 3.65264620304 3.65511626834
128 67108864 293769.024 293785.256 294116.296 58.4118235462 58.4776425404 58.4808736812 7.30147794327 7.30970531755 7.31010921015
192 67108864 294764.93 294829.915 294993.677 87.3571394413 87.4056615863 87.4249313716 10.9196424302 10.9257076983 10.9281164214
256 33554432 147381.262 147537.839 147755.711 116.272116101 116.443817399 116.567526637 14.5340145126 14.5554771749 14.5709408296
320 33554432 146880.441 146954.107 146957.45 146.129621057 146.132945301 146.206236404 18.2662026321 18.2666181626 18.2757795505
384 33554432 146881.065 146911.426 147054.53 175.239781977 175.410480162 175.446738325 21.9049727472 21.9263100203 21.9308422907
448 16777216 73438.907 73455.682 73525.03 204.452627031 204.645646555 204.69239195 25.5565783788 25.5807058193 25.5865489937
512 16777216 73439.586 73470.412 73746.791 232.957515182 233.833848434 233.931999344 29.1196893977 29.2292310543 29.241499918
576 16777216 73440.582 73445.38 73464.497 263.084260034 263.152737885 263.169930108 32.8855325042 32.8940922356 32.8962412634
640 16777216 73439.793 73517.46 73524.695 292.076512252 292.105256085 292.414174969 36.5095640315 36.5131570106 36.5517718711
704 16777216 75485.297 75505.674 75518.476 312.801864911 312.85490052 312.93935464 39.1002331138 39.1068625651 39.11741933
768 16777216 75620.764 75623.053 75907.654 339.488871254 340.76650907 340.776823889 42.4361089068 42.5958136337 42.5971029862
832 16777216 77015.146 77115.636 77124.311 361.977787056 362.018507168 362.490871912 45.247223382 45.2523133959 45.311358989
896 8388608 38600.978 38602.448 38679.841 388.636177072 389.415343193 389.430172883 48.579522134 48.6769178991 48.6787716104
960 8388608 40130.429 40257.491 40281.947 399.834877892 400.077773352 401.344509923 49.9793597365 50.0097216689 50.1680637404
1024 8388608 39987.391 39992.109 40028.533 429.190577231 429.581475286 429.632160398 53.6488221539 53.6976844107 53.7040200497
1088 8388608 43217.926 43329.567 43426.595 420.332540647 421.273792281 422.362031163 52.5415675809 52.6592240352 52.7952538953
1152 8388608 43105.363 43106.664 43108.809 448.338826341 448.36113581 448.374668182 56.0423532926 56.0451419762 56.0468335228
1216 8388608 45858.39 45893.554 45964.38 443.84574873 444.530721155 444.871585243 55.4807185912 55.5663401444 55.6089481554
1280 8388608 45853.189 45855.12 45881.982 468.045091862 468.319273398 468.338995571 58.5056364827 58.5399091748 58.5423744464
1408 8388608 47355.952 47357.198 47360.404 498.77784252 498.811608913 498.82473333 62.347230315 62.3514511141 62.3530916663
1536 8388608 49971.109 49975.112 50253.706 512.794096738 515.652746831 515.694053858 64.0992620922 64.4565933539 64.4617567323
1664 8388608 53482.57 53485.281 53499.756 521.820836417 521.962059506 521.988517455 65.2276045521 65.2452574382 65.2485646819
1792 4194304 28623.243 28626.606 28632.999 525.002132539 525.119377966 525.181075254 65.6252665674 65.6399222458 65.6476344068
1920 4194304 30496.012 30499.335 30680.956 524.955198919 528.081263411 528.138805822 65.6193998649 66.0101579264 66.0173507277
2112 4194304 33795.869 33953.117 34006.046 520.987947143 521.800107366 524.227978751 65.1234933929 65.2250134207 65.5284973439
2304 4194304 36357.166 36368.743 52470.158 368.349430775 531.427573177 531.596792555 46.0436788469 66.4284466472 66.4495990694
2496 4194304 39925.456 54424.952 54452.189 384.520180961 384.712614317 524.426460352 48.0650226201 48.0890767896 65.5533075439
2688 4194304 58578.079 58579.186 58592.731 384.835762375 384.924746206 384.932020458 48.1044702968 48.1155932757 48.1165025572
2944 4194304 62078.13 62098.539 62181.407 397.161517301 397.691513354 397.822259659 49.6451896626 49.7114391693 49.7277824574
3200 4194304 65626.768 65635.36 65660.673 408.822273265 408.979940081 409.033484629 51.1027841582 51.1224925101 51.1291855787
3520 4194304 69304.968 69478.06 69574.101 424.409366928 424.996037022 426.057482055 53.051170866 53.1245046278 53.2571852569
3840 2097152 37194.379 37197.458 37202.467 432.931702083 432.990000553 433.025844039 54.1164627604 54.1237500692 54.1282305049
4224 2097152 39837.92 39855.86 39932.931 443.662402241 444.520331414 444.720509906 55.4578002802 55.5650414268 55.5900637383
4608 2097152 42523.882 42529.422 42539.285 454.341271415 454.446637718 454.505842905 56.7926589269 56.8058297148 56.8132303631
5056 2097152 45595.498 45622.133 45756.798 463.459025782 464.82703963 465.09857232 57.9323782228 58.1033799538 58.1373215399
5504 2097152 49092.468 49105.204 49402.889 467.289457829 470.122254578 470.24421783 58.4111822286 58.7652818223 58.7805272287
6016 2097152 52669.786 52681.34 52711.282 478.70080003 478.972874722 479.077945447 59.8376000037 59.8716093402 59.8847431808
6592 2097152 56525.947 56635.497 56709.69 487.550751344 488.189447124 489.135581718 60.943843918 61.0236808904 61.1419477147
7232 1048576 30588.824 30612.766 30680.487 494.340368978 495.433939684 495.821717893 61.7925461222 61.9292424605 61.9777147366
7936 1048576 33283.455 33314.252 33362.867 498.847963876 499.575925403 500.038180291 62.3559954844 62.4469906753 62.5047725364
8704 1048576 36012.418 36024.298 36055.861 506.259190649 506.702754013 506.869908263 63.2823988311 63.3378442517 63.3587385329
9536 1048576 38688.057 38752.475 38983.133 513.002417533 516.055851194 516.915116001 64.1253021916 64.5069813993 64.6143895001
10432 1048576 41917.697 41996.837 42133.438 519.242926817 520.931842177 521.91535389 64.9053658522 65.1164802721 65.2394192362
11456 1048576 45654.544 45694.404 45740.335 525.246990692 525.774957301 526.234000103 65.6558738365 65.7218696626 65.7792500129
12544 1048576 49857.823 49884.922 49895.515 527.235257277 527.347215016 527.633841694 65.9044071596 65.918401877 65.9542302118
13760 1048576 53905.116 53978.348 54277.785 531.650499739 534.59975322 535.326025827 66.4563124674 66.8249691524 66.9157532283
15104 524288 29505.743 29507.9 29511.218 536.666833067 536.727178281 536.766415406 67.0833541333 67.0908972851 67.0958019257
16576 524288 31930.23 32042.015 32208.791 539.641359901 542.450147907 544.349219407 67.4551699876 67.8062684884 68.0436524259
18176 524288 34983.072 34986.07 35011.9 544.355415616 544.757309866 544.803994801 68.044426952 68.0946637333 68.1004993501
19968 524288 38207.823 38218.21 38238.717 547.559311888 547.853119442 548.002056228 68.444913986 68.4816399303 68.5002570285
21952 524288 41710.127 41742.594 41817.284 550.450391565 551.435312142 551.864547236 68.8062989457 68.9294140177 68.9830684045
24128 524288 45548.38 45596.6 45638.968 554.351748883 554.866848142 555.454260459 69.2939686103 69.3583560178 69.4317825574
26496 524288 49895.157 49900.404 49905.763 556.710648748 556.770436087 556.828986348 69.5888310935 69.5963045109 69.6036232935
29120 262144 27240.782 27288.641 27362.821 557.956599577 559.47331932 560.456251219 69.7445749472 69.934164915 70.0570314024
32000 262144 29876.59 29883.753 29886.721 561.360210777 561.415964052 561.550565175 70.1700263472 70.1769955066 70.1938206469
35200 262144 32731.195 32737.925 32741.565 563.654718398 563.71738893 563.833297257 70.4568397998 70.4646736163 70.4791621571
38720 262144 35807.231 35862.606 36067.533 562.845020756 566.061243848 566.936643607 70.3556275945 70.757655481 70.8670804509
42560 262144 39292.326 39294.971 39310.171 567.631651361 567.851221471 567.889446911 70.9539564201 70.9814026838 70.9861808639
46784 262144 43034.408 43078.071 43091.41 569.215298177 569.391554046 569.969262549 71.1519122721 71.1739442558 71.2461578186
51456 262144 47287.216 47296.882 47324.894 570.054384654 570.392004445 570.508598518 71.2567980818 71.2990005557 71.3135748148
56576 262144 51886.146 51896.756 51907.008 571.447267544 571.560154704 571.677030859 71.430908443 71.445019338 71.4596288574
62208 131072 28463.513 28467.34 28473.609 572.721707038 572.84783025 572.924851265 71.5902133797 71.6059787813 71.6156064081
68416 131072 31200.949 31219.406 31234.247 574.204459099 574.477422921 574.817256488 71.7755573874 71.8096778651 71.852157061
75200 131072 34223.765 34237.335 34316.674 574.450449365 575.78163721 576.009939292 71.8063061706 71.9727046512 72.0012424115
82688 131072 37635.547 37644.439 37719.28 574.670647796 575.813151897 575.949196965 71.8338309745 71.9766439872 71.9936496207
90944 131072 41270.204 41280.598 41436.566 575.347482608 577.521283388 577.666733511 71.9184353259 72.1901604235 72.2083416888
100032 131072 45355.399 45358.262 45369.62 577.98122638 578.12595659 578.162450032 72.2476532975 72.2657445737 72.2703062539
110016 131072 49815.694 49840.85 50083.685 575.836907847 578.642505174 578.934708889 71.9796134809 72.3303131467 72.3668386111
120960 65536 27383.629 27390.223 27421.749 578.171331085 578.836803191 578.976187561 72.2714163856 72.3546003988 72.3720234451
133056 65536 30065.676 30070.103 30071.93 579.940031518 579.975267527 580.060665591 72.4925039397 72.4969084409 72.5075831989
146304 65536 33054.675 33059.497 33065.53 579.95011385 580.055948462 580.140566743 72.4937642312 72.5069935577 72.5175708429
160896 65536 36317.69 36324.895 36329.803 580.486508886 580.564940711 580.680117926 72.5608136108 72.5706175888 72.5850147408
176960 65536 39887.142 39894.634 39906.09 581.227103933 581.394007024 581.503210233 72.6533879917 72.674250878 72.6879012791
194624 65536 43855.102 43867.478 44122.545 578.156970048 581.518657808 581.68276357 72.269621256 72.6898322261 72.7103454462
214080 65536 48204.343 48210.717 49144.565 570.966367492 582.026061965 582.103022543 71.3707959364 72.7532577456 72.7628778179
235456 32768 26492.592 26497.249 26788.406 576.026972863 582.356470893 582.458840418 72.0033716079 72.7945588616 72.8073550523
258944 32768 29129.981 29137.598 29142.53 582.315742113 582.414308276 582.56659982 72.7894677641 72.8017885345 72.8208249775
284800 32768 35849.706 35861.868 35879.57 520.202800647 520.459581191 520.636146918 65.0253500808 65.0574476489 65.0795183648
313280 32768 40763.254 40807.732 40818.33 502.987703809 503.118332575 503.667299966 62.8734629761 62.8897915719 62.9584124957
344576 32768 44805.878 44841.152 44875.825 503.213762332 503.602867652 503.999335444 62.9017202915 62.9503584564 62.9999169305
379008 32768 49295.462 49348.159 49564.692 501.136338908 503.335256904 503.873323837 62.6420423635 62.916907113 62.9841654796
416896 32768 54176.487 54235.592 54417.118 502.07907475 503.75952854 504.309115798 62.7598843437 62.9699410675 63.0386394747
458560 16384 29800.427 29817.024 29855.084 503.301014996 503.943454585 504.22412001 62.9126268745 62.9929318231 63.0280150013
504384 16384 32754.165 32788.833 32806.874 503.786337949 504.063530166 504.597046269 62.9732922436 63.0079412707 63.0746307836
554816 16384 36037.614 36097.979 36279.173 501.119766098 503.635139463 504.478756224 62.6399707623 62.9543924329 63.059844528
610240 16384 39639.619 39671.447 40356.522 495.492260706 504.048776441 504.453494369 61.9365325882 63.0060970551 63.0566867961
671232 16384 43559.612 43618.456 43730.024 502.970914811 504.257422042 504.938615523 62.8713643514 63.0321777552 63.1173269404
738304 16384 47899.495 47960.781 48193.444 501.992459223 504.427679608 505.07308004 62.7490574029 63.053459951 63.134135005
812096 16384 52697.263 52762.164 53247.965 499.751713103 504.353114251 504.974266462 62.4689641379 63.0441392813 63.1217833078
893248 16384 57968.352 57988.828 58026.04 504.427847635 504.751543935 504.929835922 63.0534809544 63.0939429919 63.1162294902
982528 8192 31871.328 31878.822 31885.756 504.856737661 504.966549642 505.085283927 63.1070922076 63.1208187053 63.1356604908
1080768 8192 35058.457 35078.356 35083.693 504.716048906 504.79283898 505.079356801 63.0895061133 63.0991048725 63.1349196001
1188800 8192 38541.53 38581.832 38834.456 501.546853135 504.830854066 505.358744191 62.6933566418 63.1038567583 63.1698430239
1307648 8192 42399.245 42428.932 42430.228 504.934944776 504.950368112 505.30392303 63.116868097 63.118796014 63.1629903787
1438400 8192 46631.057 46656.675 46702.803 504.610945943 505.109839053 505.387334454 63.0763682428 63.1387298816 63.1734168067
1582208 8192 51305.644 51322.198 51328.819 505.035891669 505.101045594 505.26401875 63.1294864587 63.1376306993 63.1580023438
1740416 8192 56446.056 56451.179 56497.623 504.711069774 505.12631001 505.17215488 63.0888837217 63.1407887513 63.14651936
1914432 4096 31029.404 31043.937 31052.729 505.045045928 505.188080494 505.424691496 63.130630741 63.1485100617 63.178086437
2105856 4096 34141.849 34150.861 34162.696 504.971046547 505.146044546 505.279381676 63.1213808184 63.1432555683 63.1599227095
2316416 4096 37560.604 37570.846 37694.924 503.41207405 505.074596191 505.212319589 62.9265092563 63.1343245239 63.1515399486
2548032 4096 41319.73 41328.933 41401.633 504.170406612 505.057271718 505.169761371 63.0213008265 63.1321589648 63.1462201713
2802816 4096 45457.304 45519.991 45748.439 501.889663864 504.408462471 505.104057029 62.736207983 63.0510578089 63.1380071286
3083072 4096 50002.461 50013.032 50046.935 504.656795146 504.998893568 505.10565518 63.0820993933 63.124861696 63.1382068975
3391360 4096 55000.425 55008.422 55325.401 502.156705922 505.050319749 505.123753498 62.7695882403 63.1312899687 63.1404691873
3730496 2048 30256.831 30263.919 30546.432 500.22574211 504.895338109 505.013615471 62.5282177637 63.1119172636 63.1267019339
4103488 2048 33281.501 33290.402 33534.058 501.218398561 504.886869435 505.021899343 62.6522998201 63.1108586793 63.1277374179
4513792 2048 36608.457 36800.505 36860.799 501.575997634 502.397780465 505.033359696 62.6969997042 62.7997225582 63.129169962
4965120 2048 40427.257 40605.365 40704.527 499.628248229 500.848385921 503.054944341 62.4535310286 62.6060482402 62.8818680426
5461632 2048 44527.206 44882.917 45656.011 489.986842521 498.426710367 502.408452756 61.2483553151 62.3033387959 62.8010565945
6007744 2048 49270.867 49587.834 50383.819 488.405204536 496.245095601 499.437515967 61.050650567 62.0306369502 62.4296894958
6608512 2048 54535.383 54737.166 55472.925 487.958137271 494.517110221 496.346842416 60.9947671589 61.8146387776 62.043355302
7269312 2048 60458.806 60625.374 60802.118 489.705012447 491.132672468 492.485775389 61.2131265559 61.3915840585 61.5607219236
7996224 1024 33437.574 33628.309 33766.221 484.989621788 486.978597467 489.756426468 60.6237027235 60.8723246833 61.2195533085
8795840 1024 37171.782 37360.16 37719.486 477.574914992 482.168179151 484.611696044 59.696864374 60.2710223939 60.5764620055
9675392 1024 41278.859 41556.841 41716.92 474.991989246 476.821681802 480.032716408 59.3739986557 59.6027102253 60.004089551
10642880 1024 45759.486 46034.432 46217.918 471.60536829 473.485113056 476.330049686 58.9506710363 59.185639132 59.5412562108
11707136 1024 50774.695 51085.944 52534.303 456.391598609 469.33094802 472.207947837 57.0489498262 58.6663685025 59.0259934796
12877824 1024 56651.845 56841.324 57873.024 455.718082953 463.989606435 465.541476222 56.9647603692 57.9987008044 58.1926845278
14165568 1024 63377.768 64185.281 65781.917 441.019121775 451.989658875 457.748579344 55.1273902218 56.4987073594 57.218572418
15582080 512 36382.433 36517.416 37867.156 421.369112589 436.943564682 438.56467543 52.6711390737 54.6179455852 54.8205844288
17140288 512 42756.68 43010.34 44607.702 393.466915467 408.079892231 410.500883418 49.1833644333 51.0099865288 51.3126104272
18854272 512 56819.157 57979.979 59175.731 326.261698871 332.990367727 339.793399751 40.7827123589 41.6237959658 42.4741749688
20739648 512 82776.558 85330.134 91273.199 232.679469819 248.885107247 256.562969821 29.0849337274 31.1106384059 32.0703712276
22813568 512 104284.641 108306.021 115529.566 202.208788978 215.695244053 224.012792373 25.2760986222 26.9619055066 28.0015990466
25094912 512 122690.106 126465.212 134412.646 191.181340839 203.195720638 209.447939412 23.8976676049 25.3994650798 26.1809924266
27604352 512 156917.321 162466.345 183623.695 153.939046091 173.985919656 180.138535809 19.2423807614 21.748239957 22.5173169761
30364736 256 126773.15 145063.381 151707.022 102.478742428 107.172083849 122.634365652 12.8098428035 13.3965104812 15.3292957065
33401152 256 179525.875 180583.669 185857.552 92.0134244747 94.7006444088 95.2586351355 11.5016780593 11.8375805511 11.9073293919
36741248 256 214763.872 215432.398 222304.882 84.6203592416 87.31982353 87.5916363438 10.5775449052 10.9149779412 10.948954543
40415360 256 250979.173 252093.752 259492.665 79.7427716117 82.0832097417 82.4477348963 9.96784645146 10.2604012177 10.305966862
44456896 256 290911.835 291938.98 300582.878 75.7259724953 77.9681108429 78.2433989047 9.46574656192 9.74601385536 9.78042486309
48902528 256 333453.467 334181.063 344067.08 72.7709676148 74.9237377822 75.0872214983 9.09637095185 9.36546722278 9.38590268729
53792768 256 380234.445 381202.814 392435.429 70.1819845527 72.2499840098 72.4339879729 8.77274806908 9.03124800123 9.05424849661
59172032 128 216065.575 216917.501 225112.812 67.2908843234 69.8331859908 70.1085315974 8.41136054042 8.72914824885 8.76356644968
65089216 128 244035.927 244793.062 253652.402 65.6916282464 68.0690831671 68.2802712733 8.2114535308 8.50863539588 8.53503390917
71598080 128 274860.028 275687.379 285017.318 64.3087536176 66.485120017 66.6852456262 8.0385942022 8.31064000213 8.33565570327
78757888 128 308829.729 309543.602 319826.518 63.0404866178 65.1346666438 65.2852281848 7.88006082723 8.14183333048 8.16065352309
86633664 128 345332.937 346778.7 358483.524 61.8667707138 63.9549602787 64.2227126571 7.73334633923 7.99437003484 8.02783908214
95297024 128 387095.145 388134.802 400551.261 60.9061573869 62.854549549 63.0233637882 7.61326967337 7.85681869362 7.87792047353
104826688 128 431592.265 432830.464 437172.481 61.3845411006 62.0003312151 62.1782045329 7.67306763758 7.75004140189 7.77227556662
115309312 128 480910.441 483062.143 484748.631 60.8958581504 61.108460474 61.3818735368 7.61198226881 7.63855755925 7.6727341921
126840192 64 271055.823 272636.814 283323.219 57.3039676498 59.5500818022 59.8974203775 7.16299595622 7.44376022528 7.48717754719
139524160 64 301319.485 304648.118 307522.381 58.0741226766 58.6220344877 59.2696236687 7.25926533458 7.32775431096 7.40870295859
153476544 64 334925.248 338532.268 340854.147 57.634615289 58.0299117365 58.6548722418 7.20432691112 7.25373896706 7.33185903023
168824192 64 371355.018 376982.743 378300.319 57.1225967589 57.3222434641 58.1909373203 7.14032459486 7.16528043301 7.27386716503
185706560 64 413904.269 418021.637 418823.359 56.7552863736 56.8641371069 57.4298007059 7.0944107967 7.10801713836 7.17872508824
204277184 64 458387.453 464421.123 465390.232 56.1839887349 56.3012280387 57.0423107807 7.02299859186 7.03765350483 7.13028884759
224704896 64 507942.85 513898.653 515853.506 55.756578861 55.9686749909 56.6249267767 6.96957235762 6.99608437386 7.07811584709
247175360 32 290873.284 292513.612 293733.643 53.8556730459 54.0802970906 54.3852732793 6.73195913074 6.76003713632 6.79815915992
271892864 32 322076.338 324414.178 325029.21 53.5371676164 53.6386646332 54.0280090244 6.69214595205 6.70483307915 6.75350112805
299082112 32 355734.211 360022.545 360982.378 53.0254559074 53.1668236721 53.8077434672 6.62818198843 6.64585295901 6.7259679334
328990272 32 394848.381 396955.08 398961.39 52.7754763638 53.0422167868 53.3252215817 6.59693454547 6.63027709836 6.66565269771
361889280 32 435537.311 438955.284 440543.692 52.5734775928 52.7637205069 53.1777951855 6.5716846991 6.59546506336 6.64722439819
398078208 32 482107.504 483883.712 486648.598 52.3519546069 52.6510909133 52.8450710695 6.54399432586 6.58138636417 6.60563388368
437886016 32 532614.953 535071.862 536929.132 52.1944207415 52.3755910454 52.6171953419 6.52430259269 6.54694888067 6.57714941773
481674560 16 311877.021 313050.437 313830.457 49.1143723504 49.2367494124 49.4219993207 6.1392965438 6.15459367655 6.17774991509
529841984 16 344128.08 345417.423 346096.396 48.98907843 49.0853742719 49.2692822045 6.12363480376 6.13567178399 6.15866027556
582826176 16 379802.273 381070.981 381947.717 48.8298183283 48.9421618593 49.1056503814 6.10372729103 6.11777023242 6.13820629768
641108736 16 418049.977 419808.283 420141.465 48.829932918 48.8686869287 49.0742271994 6.10374161474 6.10858586609 6.13427839992
705219584 16 461076.978 462615.017 463284.168 48.7109818266 48.7814399851 48.9441628291 6.08887272833 6.09767999814 6.11802035364
775741504 16 508931.59 509646.018 511112.354 48.5680456239 48.7077839348 48.776158949 6.07100570298 6.08847299186 6.09701986862
853315648 16 561028.703 563813.037 564394.894 48.3811973253 48.4311268879 48.6714861289 6.04764966566 6.05389086099 6.08393576612
938647168 8 344300.479 346035.559 347009.955 43.2793194305 43.4011889743 43.6199064597 5.40991492881 5.42514862179 5.45248830746
1032511872 8 381146.161 381686.021 383216.233 43.1093166974 43.2821456461 43.343450997 5.38866458718 5.41026820576 5.41793137463
1135763008 8 420225.905 421221.971 423173.379 42.9427015729 43.1416435493 43.2439026528 5.36783769661 5.39270544366 5.4054878316
1249339264 8 463008.42 465908.085 467168.335 42.7884912705 42.9042312584 43.1729259351 5.34856140881 5.3630289073 5.39661574189
1374273152 8 510375.426 511856.105 513083.329 42.8553593329 42.9581091584 43.0827373573 5.35691991661 5.3697636448 5.38534216967
1511700416 8 563134.502 565526.195 567573.432 42.6151142607 42.7693833988 42.9510295855 5.32688928258 5.34617292485 5.36887869818
1662870400 8 621481.007 623391.893 624692.621 42.5904284853 42.6792948365 42.8105221243 5.32380356066 5.33491185456 5.35131526554
1829157440 8 684669.846 687100.164 687346.749 42.5789735422 42.5942541909 42.7454476212 5.32237169278 5.32428177386 5.34318095265
2012073152 4 452556.668 454133.147 454565.677 35.410912065 35.4446384774 35.5681097069 4.42636400812 4.43057980967 4.44601371336
2213280448 4 497769.365 498996.843 499519.626 35.4465423627 35.4836785691 35.5711798053 4.43081779534 4.43545982114 4.44639747567
2434608448 4 549237.306 550693.328 550947.177 35.3516061014 35.3679018679 35.461661783 4.41895076268 4.42098773348 4.43270772288
2678069248 4 604485.162 606021.636 606751.61 35.310254857 35.352787279 35.4426466203 4.41378185713 4.41909840988 4.43033082754
2945876160 4 665224.697 667102.896 668690.775 35.2435088999 35.3273976493 35.4271412145 4.40543861249 4.41592470616 4.42839265181
3240463744 4 735103.562 736407.811 737720.738 35.1402754683 35.2029263742 35.2653847595 4.39253443354 4.40036579677 4.40817309494
3564510080 4 812245.094 813840.694 814129.66 35.026460822 35.0388974774 35.1077289979 4.37830760275 4.37986218467 4.38846612473
3920961088 2 599943.424 601651.52 604445.008 25.9475124195 26.0679875819 26.1422056224 3.24343905244 3.25849844774 3.2677757028
4313057152 2 666063.223 669439.128 669713.304 25.7606180211 25.7711685595 25.9017883172 3.22007725264 3.22139606994 3.23772353965
4744362816 2 735210.852 742126.663 747684.821 25.3816190071 25.5717146549 25.812256732 3.17270237589 3.19646433186 3.2265320915
5218799040 2 815761.109 822632.234 826889.837 25.2454380571 25.376097966 25.5898398804 3.15567975713 3.17201224575 3.19872998505
5740678912 2 901999.407 914786.276 920031.115 24.9586294133 25.101727311 25.4575728873 3.11982867666 3.13771591388 3.18219661091
6314746752 2 1008272.807 1013751.076 1018862.696 24.7913552112 24.9163602446 25.0517388078 3.0989194014 3.11454503058 3.13146735098
6946221376 2 1107703.816 1122752.732 1132252.085 24.539487162 24.7471101268 25.0833165894 3.06743589525 3.09338876585 3.13541457367
7640843456 1 614625.135 619858.048 628201.085 24.3261071604 24.6535266603 24.8634265698 3.04076339505 3.08169083254 3.10792832122
8404927744 1 680819.353 685453.194 687250.425 24.4595781632 24.5237102039 24.6906252208 3.0574472704 3.06546377549 3.0863281526
9245420480 1 749877.342 758136.582 767574.246 24.0899705225 24.3898545447 24.658487361 3.01124631532 3.04873181809 3.08231092012
10169962496 1 817857.572 835874.62 846022.817 24.041816111 24.3337032915 24.8697642332 3.00522701387 3.04171291144 3.10872052915
11186958720 1 909668.762 931929.851 940045.539 23.8008867781 24.0081562105 24.5956752333 2.97511084726 3.00101952631 3.07445940416
12305654592 1 1005475.915 1021729.357 1031881.265 23.85091194 24.0878947202 24.4772737137 2.98136399249 3.01098684003 3.05965921421
13536220032 1 1118467.121 1130752.399 1138915.103 23.7703758539 23.941970044 24.2049493952 2.97129698174 2.9927462555 3.0256186744
14889841984 1 1230266.935 1247114.073 1261264.961 23.6109658865 23.8788773319 24.205872011 2.95137073581 2.98485966648 3.02573400138

META_DATA
HOSTNAME  ('qiang-gpu6', [], ['127.0.1.1'])
OPENMP_THREADS 8
TIMESTAMP_DATA  1614741680.75
MPI_PROCS      1
FLOPS          2
CONFIG  {'ERT_WORKING_SET_MIN': ['1'], 'ERT_CFLAGS': ['-O3'], 'ERT_CC': ['gcc'], 'ERT_MPI_CFLAGS': [], 'ERT_MPI_LDFLAGS': [], 'ERT_MEMORY_MAX': ['15000000000'], 'ERT_PROCS_THREADS': ['8,10'], 'ERT_LDFLAGS': [], 'ERT_LDLIBS': [], 'ERT_SPEC_GBYTES_DRAM': ['1.0'], 'ERT_RUN': ['export', 'KMP_AFFINITY=scatter;', 'export', 'OMP_NUM_THREADS=ERT_OPENMP_THREADS;', 'ERT_CODE'], 'ERT_FLOPS': ['1,2,4,8,16'], 'ERT_OPENMP_CFLAGS': ['-fopenmp'], 'ERT_SPEC_GFLOPS': ['1.0'], 'ERT_MPI': ['False'], 'ERT_TRIALS_MIN': ['1'], 'ERT_DRIVER': ['driver1'], 'ERT_RESULTS': ['Results.x86'], 'ERT_OPENMP': ['True'], 'ERT_MPI_PROCS': ['1'], 'ERT_KERNEL': ['kernel1'], 'ERT_OPENMP_THREADS': ['8,10'], 'ERT_LD': ['gcc'], 'ERT_NUM_EXPERIMENTS': ['6'], 'ERT_OPENMP_LDFLAGS': ['-fopenmp'], 'ERT_ALIGN': ['32'], 'ERT_GNUPLOT': ['gnuplot']}
UNAME  ('Linux', 'qiang-gpu6', '5.4.0-65-generic', '#73-Ubuntu SMP Mon Jan 18 17:25:17 UTC 2021', 'x86_64', 'x86_64')
TIMESTAMP_DATA  1614741913.2
TIMESTAMP_DATA  1614741758.19
TIMESTAMP_DATA  1614741991.18
TIMESTAMP_DATA  1614741835.63
ERT_VERSION  1.0.0
TIMESTAMP_DATA  1614741603.15
