80 134217728 3722001.232 3722545.005 3724632.093 5.76562622664 5.76885879181 5.76970160444 5.76562622664 5.76885879181 5.76970160444
160 67108864 1861020.874 1861188.386 1862111.658 11.5325181429 11.5382390313 11.5392775976 11.5325181429 11.5382390313 11.5392775976
240 33554432 932764.571 933625.835 943372.212 17.0729295978 17.2511586079 17.2670873881 17.0729295978 17.2511586079 17.2670873881
320 33554432 933330.429 933652.755 934771.151 22.9733624717 23.0008816072 23.00882497 22.9733624717 23.0008816072 23.00882497
400 33554432 938444.848 938584.227 938661.075 28.5976976301 28.6000391098 28.6042868233 28.5976976301 28.6000391098 28.6042868233
480 16777216 469356.129 469535.211 469760.664 34.2858152976 34.3022780458 34.3153660192 34.2858152976 34.3022780458 34.3153660192
560 16777216 481861.255 482009.732 482487.013 38.9450522267 38.9836152105 38.9956273202 38.9450522267 38.9836152105 38.9956273202
640 16777216 481998.243 482104.968 482373.501 44.5191048751 44.5439020657 44.5537650642 44.5191048751 44.5439020657 44.5537650642
720 16777216 591659.797 591775.934 591803.697 40.8229809352 40.8248961337 40.8329096594 40.8229809352 40.8248961337 40.8329096594
800 16777216 591455.897 591652.718 591722.282 45.3651086271 45.3704424628 45.3855405554 45.3651086271 45.3704424628 45.3855405554
880 16777216 706899.166 706941.792 707146.441 41.756414864 41.7685027171 41.7710213567 41.756414864 41.7685027171 41.7710213567
960 8388608 353438.173 353681.707 353788.782 45.5246977277 45.5384800549 45.569858013 45.5246977277 45.5384800549 45.569858013
1040 8388608 411080.068 411144.405 411353.879 42.4167742928 42.4383852189 42.4450271328 42.4167742928 42.4383852189 42.4450271328
1120 8388608 411280.334 411479.06 411598.093 45.6524999498 45.6657063424 45.6877714946 45.6524999498 45.6657063424 45.6877714946
1200 8388608 468893.789 468953.318 469056.291 42.9216270761 42.9310518281 42.9365021937 42.9216270761 42.9310518281 42.9365021937
1280 8388608 469277.16 469423.033 469557.696 45.7341806192 45.747300346 45.7615207184 45.7341806192 45.747300346 45.7615207184
1360 8388608 526451.91 526573.342 527567.869 43.2494378463 43.3311220681 43.3411168743 43.2494378463 43.3311220681 43.3411168743
1440 8388608 526846.284 527078.588 527244.208 45.8216338339 45.8360320264 45.8562426531 45.8216338339 45.8360320264 45.8562426531
1520 8388608 584042.914 584134.475 584174.214 43.6537041671 43.6566739534 43.6635180544 43.6537041671 43.6566739534 43.6635180544
1600 8388608 584569.454 584970.765 585429.942 45.8527035845 45.8886959932 45.9201989025 45.8527035845 45.8886959932 45.9201989025
1760 8388608 642314.037 642703.906 645403.507 45.7510686567 45.9432405566 45.9711269863 45.7510686567 45.9432405566 45.9711269863
1920 4194304 350223.372 350378.47 361263.887 44.5827217709 45.9677997909 45.9881568384 44.5827217709 45.9677997909 45.9881568384
2080 4194304 379088.856 379375.421 387806.924 44.9922462963 45.9921852449 46.0269521613 44.9922462963 45.9921852449 46.0269521613
2240 4194304 407620.29 408138.389 408457.203 46.0035513684 46.0394866703 46.0980043952 46.0035513684 46.0394866703 46.0980043952
2400 4194304 436716.783 437106.951 438289.458 45.9346188518 46.0588859407 46.1000355006 45.9346188518 46.0588859407 46.1000355006
2640 4194304 493455.117 493696.81 496202.704 44.6308029793 44.8573389 44.8793099049 44.6308029793 44.8573389 44.8793099049
2880 4194304 525811.246 526155.965 536870.732 45.0000150874 45.9164062504 45.9465087972 45.0000150874 45.9164062504 45.9465087972
3120 4194304 584393.259 584672.157 584719.475 44.7607067646 44.7643292855 44.7856927795 44.7607067646 44.7643292855 44.7856927795
3360 4194304 613162.459 613325.112 613935.208 45.9099307431 45.9555989614 45.9677895577 45.9099307431 45.9555989614 45.9677895577
3680 2097152 335623.191 335659.12 335902.149 45.9509972352 45.9842673722 45.9891900617 45.9509972352 45.9842673722 45.9891900617
4000 2097152 364678.634 364888.028 365129.535 45.9486686006 45.9790804647 46.0054810889 45.9486686006 45.9790804647 46.0054810889
4400 2097152 408723.78 408778.537 408971.777 45.1252106817 45.1465425153 45.152590828 45.1252106817 45.1465425153 45.152590828
4800 2097152 437642.601 437651.873 437749.481 45.9912805699 46.0015378479 46.0025124474 45.9912805699 46.0015378479 46.0025124474
5280 2097152 481052.839 481257.822 481282.179 46.0144299671 46.0167588092 46.0363671609 46.0144299671 46.0167588092 46.0363671609
5760 2097152 524844.824 524891.715 524933.291 46.0233546895 46.0270001404 46.0311123122 46.0233546895 46.0270001404 46.0311123122
6320 2097152 583222.607 583446.343 584317.48 45.3657509613 45.4334860404 45.4509152455 45.3657509613 45.4334860404 45.4509152455
6880 2097152 626613.16 626794.258 637531.793 45.2633293537 46.038729857 46.0520355493 45.2633293537 46.038729857 46.0520355493
7520 1048576 342255.37 342373.499 342523.917 46.0422827642 46.0625109305 46.0784093468 46.0422827642 46.0625109305 46.0784093468
8240 1048576 378987.657 379092.854 379249.564 45.5650688105 45.5839045703 45.5965574626 45.5650688105 45.5839045703 45.5965574626
9040 1048576 415440.558 415507.833 415518.306 45.6255568196 45.6267068255 45.6340954558 45.6255568196 45.6267068255 45.6340954558
9920 1048576 451286.236 451535.086 451582.308 46.0685626329 46.0733805302 46.0987864917 46.0685626329 46.0733805302 46.0987864917
10880 1048576 495116.106 495266.626 495400.898 46.0576754142 46.0701621353 46.0841679022 46.0576754142 46.0701621353 46.0841679022
11920 1048576 545982.583 546220.416 546359.41 45.7538597898 45.7655025476 45.7854382509 45.7538597898 45.7655025476 45.7854382509
13040 1048576 597134.913 597214.244 597348.216 45.7804365151 45.7907063583 45.7967897784 45.7804365151 45.7907063583 45.7967897784
14320 524288 327503.39 327751.732 329982.724 45.5042256091 45.8139709236 45.8487111233 45.5042256091 45.8139709236 45.8487111233
15680 524288 356475.707 356718.532 356721.26 46.0910899451 46.0914424261 46.1228391084 46.0910899451 46.0914424261 46.1228391084
17200 524288 392972.427 393158.457 396520.418 45.4844350537 45.8733797503 45.8950958409 45.4844350537 45.8733797503 45.8950958409
18880 524288 429193.082 429390.392 429410.768 46.1029772779 46.1051650173 46.1263606295 46.1029772779 46.1051650173 46.1263606295
20720 524288 473117.361 473220.951 473711.22 45.8644292191 45.91194594 45.9219984531 45.8644292191 45.91194594 45.9219984531
22720 524288 516344.875 516642.383 516764.134 46.1015870734 46.1124512892 46.1390203979 46.1015870734 46.1124512892 46.1390203979
24960 524288 567500.599 567590.41 575068.771 45.511873153 46.1115207355 46.1188182112 45.511873153 46.1115207355 46.1188182112
27440 524288 625696.678 625726.789 626576.928 45.9208185846 45.9832085597 45.9854214537 45.9208185846 45.9832085597 45.9854214537
30160 262144 343634.295 343799.288 343883.321 45.9822419826 45.9934811732 46.0155645408 45.9822419826 45.9934811732 46.0155645408
33120 262144 376272.532 376570.727 376679.6 46.0986434094 46.111971311 46.148514928 46.0986434094 46.111971311 46.148514928
36400 262144 414538.61 414778.658 415068.667 45.9781349865 46.0102824288 46.0369257281 45.9781349865 46.0102824288 46.0369257281
40000 262144 454413.935 454681.571 454770.633 46.1144992183 46.1235320224 46.1506973812 46.1144992183 46.1235320224 46.1506973812
44000 262144 499840.047 500078.05 500089.314 46.1291040504 46.1301430847 46.1521083364 46.1291040504 46.1301430847 46.1521083364
48400 262144 550856.257 551005.491 552148.329 45.9578302916 46.0531512199 46.0656276071 45.9578302916 46.0531512199 46.0656276071
53200 262144 605544.501 605603.088 605732.232 46.0469496693 46.0567691161 46.0612251518 46.0469496693 46.0567691161 46.0612251518
58480 131072 332622.473 332677.3 332882.361 46.0528490424 46.0812358403 46.0888315264 46.0528490424 46.0812358403 46.0888315264
64320 131072 365540.551 365567.877 365639.664 46.1139852705 46.1230407288 46.1264886587 46.1139852705 46.1230407288 46.1264886587
70720 131072 401903.308 402000.503 402034.423 46.11252823 46.116419113 46.1275717591 46.11252823 46.116419113 46.1275717591
77760 131072 441589.934 441861.211 441883.705 46.1305026851 46.1328510685 46.1611913464 46.1305026851 46.1328510685 46.1611913464
85520 131072 486437.108 486600.63 488478.742 45.8946376831 46.0717752873 46.0872628985 45.8946376831 46.0717752873 46.0872628985
94000 131072 534319.247 534538.878 535314.345 46.0318992572 46.0986787195 46.1176275014 46.0318992572 46.0986787195 46.1176275014
103360 131072 587186.69 587311.373 587356.306 46.1307788189 46.1343081126 46.1441042541 46.1307788189 46.1343081126 46.1441042541
113680 131072 646251.936 646274.416 646290.28 46.1101316888 46.1112635472 46.1128675365 46.1101316888 46.1112635472 46.1128675365
125040 65536 355261.942 355529.886 364426.417 44.9727081119 46.0980736792 46.1328415527 44.9727081119 46.0980736792 46.1328415527
137520 65536 390735.572 390784.693 390982.829 46.1018236686 46.1251982559 46.1309968471 46.1018236686 46.1251982559 46.1309968471
151200 65536 429287.182 429627.306 429669.013 46.1240764411 46.1285540356 46.1651016638 46.1240764411 46.1285540356 46.1651016638
166320 65536 472447.113 472712.997 473363.256 46.0532049408 46.1165552425 46.1425087383 46.0532049408 46.1165552425 46.1425087383
182880 65536 519310.93 519543.934 519614.204 46.1312396302 46.1374790298 46.1581799559 46.1312396302 46.1374790298 46.1581799559
201120 65536 571001.679 571243.049 571261.919 46.1455590916 46.1470834282 46.1665904138 46.1455590916 46.1470834282 46.1665904138
221200 65536 628512.826 628684.519 628722.872 46.1143179153 46.1171311266 46.1297291012 46.1143179153 46.1171311266 46.1297291012
243280 32768 345484.291 345789.515 428022.736 37.2494186384 46.1078123783 46.148547113 37.2494186384 46.1078123783 46.148547113
267600 32768 379985.197 380219.045 380280.337 46.1171191189 46.1245532822 46.1529389525 46.1171191189 46.1245532822 46.1529389525
294320 32768 417912.233 418167.142 418418.842 46.0986781279 46.1264254952 46.1545606874 46.0986781279 46.1264254952 46.1545606874
323680 32768 459502.853 459723.497 460133.984 46.1011210161 46.142284696 46.1644412902 46.1011210161 46.142284696 46.1644412902
356000 32768 505482.653 505757.976 763382.643 30.5624135077 46.1303965674 46.1555225714 30.5624135077 46.1303965674 46.1555225714
391600 32768 556366.091 557337.304 808243.55 31.7526785088 46.0473350982 46.1277170107 31.7526785088 46.0473350982 46.1277170107
430720 32768 611565.953 611784.513 784807.275 35.9676404886 46.1398831127 46.1563724755 35.9676404886 46.1398831127 46.1563724755
473760 16384 336514.97 336555.117 406426.002 38.196787616 46.1266725593 46.132175576 38.196787616 46.1266725593 46.132175576
521120 16384 370146.973 370212.828 370283.188 46.1162178392 46.1249823574 46.1331887212 46.1162178392 46.1249823574 46.1331887212
573200 16384 406935.451 407173.359 467946.791 40.1383617993 46.1292891218 46.1562578385 40.1383617993 46.1292891218 46.1562578385
630480 16384 447594.261 447923.543 448509.322 46.0627407874 46.1229800551 46.1569113818 46.0627407874 46.1229800551 46.1569113818
693520 16384 492357.427 492655.707 502023.397 45.2673391236 46.1280830347 46.1560283521 45.2673391236 46.1280830347 46.1560283521
762800 16384 541790.363 541825.556 551345.588 45.3353231513 46.1318779139 46.1348744957 45.3353231513 46.1318779139 46.1348744957
839040 16384 595588.278 595839.757 597775.351 45.9933027918 46.1427126958 46.1621958248 45.9933027918 46.1427126958 46.1621958248
922880 8192 327548.556 327758.55 347955.575 43.4551621137 46.1329412154 46.1625174131 43.4551621137 46.1329412154 46.1625174131
1015120 8192 360294.526 360438.89 360573.53 46.125754378 46.1429844044 46.1614731277 46.125754378 46.1429844044 46.1614731277
1116560 8192 396393.541 396527.878 397200.728 46.0566100473 46.1347614001 46.150396381 46.0566100473 46.1347614001 46.150396381
1228160 8192 436121.095 436208.801 436301.778 46.1198520259 46.1296823766 46.1389592723 46.1198520259 46.1296823766 46.1389592723
1350960 8192 479458.095 479721.591 479946.442 46.1179137984 46.1395297924 46.1648867144 46.1179137984 46.1395297924 46.1648867144
1486000 8192 527611.963 527709.835 527778.576 46.1303757051 46.1363847805 46.1449430782 46.1303757051 46.1363847805 46.1449430782
1634560 8192 580286.669 580339.333 580547.733 46.1299381906 46.146503463 46.1506914956 46.1299381906 46.146503463 46.1506914956
1798000 8192 638114.658 638361.613 638442.522 46.141087075 46.1469352168 46.1647944154 46.141087075 46.1469352168 46.1647944154
1977760 4096 350915.985 351169.851 351249.476 46.1262180502 46.1366768071 46.1700538378 46.1262180502 46.1366768071 46.1700538378
2175520 4096 386248.337 386289.359 386464.546 46.1151223947 46.1360361728 46.1409361097 46.1151223947 46.1360361728 46.1409361097
2393040 4096 424638.822 424718.817 424906.534 46.1366962175 46.1570876903 46.1657829298 46.1366962175 46.1570876903 46.1657829298
2632320 4096 467057.634 467294.401 467505.027 46.1256332972 46.1464237403 46.1698168924 46.1256332972 46.1464237403 46.1698168924
2895520 4096 513772.006 513999.39 514837.805 46.0729565887 46.1481089306 46.1685330516 46.0729565887 46.1481089306 46.1685330516
3185040 4096 565403.909 565487.208 567982.456 45.9377704441 46.1404737559 46.1472714721 45.9377704441 46.1404737559 46.1472714721
3503520 4096 621647.88 621912.819 622080.869 46.1368244391 46.1492912884 46.1689595724 46.1368244391 46.1492912884 46.1689595724
3853840 2048 341898.959 342117.43 342777.204 46.0512789526 46.1400889163 46.1695721045 46.0512789526 46.1400889163 46.1695721045
4239200 2048 376034.546 376269.402 376299.139 46.1435103098 46.147157084 46.1759787357 46.1435103098 46.147157084 46.1759787357
4663120 2048 413873.156 413895.947 413947.076 46.1415012387 46.1472011467 46.1497423621 46.1415012387 46.1472011467 46.1497423621
5129360 2048 455007.058 455230.038 456219.279 46.0521059216 46.1521797909 46.1747970512 46.0521059216 46.1521797909 46.1747970512
5642240 2048 500704.242 500759.068 500785.691 46.1487128233 46.1511663329 46.1562197829 46.1487128233 46.1511663329 46.1562197829
6206400 2048 550623.11 550974.902 560588.713 45.3477100243 46.1389698655 46.1684479607 45.3477100243 46.1389698655 46.1684479607
6827040 2048 605790.101 605890.455 608883.501 45.9259542984 46.1528245069 46.1604700933 45.9259542984 46.1528245069 46.1604700933
7509680 1024 332990.052 333049.178 333285.896 46.1460410554 46.1788398109 46.1870393654 46.1460410554 46.1788398109 46.1870393654
8260640 1024 366277.109 366354.971 366730.65 46.1313793107 46.1786847707 46.1885012858 46.1313793107 46.1786847707 46.1885012858
9086640 1024 402932.299 402997.509 403230.884 46.1508268796 46.1775527253 46.1850260359 46.1508268796 46.1775527253 46.1850260359
9995280 1024 443285.946 443490.215 444527.997 46.0495932273 46.1573508223 46.1786204248 46.0495932273 46.1573508223 46.1786204248
10994800 1024 487845.07 487883.095 487923.285 46.1493662882 46.1531679018 46.1567653026 46.1493662882 46.1531679018 46.1567653026
12094240 1024 536449.625 536663.973 536699.508 46.1505985208 46.153654365 46.1720958795 46.1505985208 46.153654365 46.1720958795
13303600 1024 590324.582 590408.208 590723.531 46.1227145529 46.1473475992 46.1538848809 46.1227145529 46.1473475992 46.1538848809
14633920 1024 649206.425 649548.437 649754.979 46.1254921142 46.1401589979 46.1644663483 46.1254921142 46.1401589979 46.1644663483
16097280 512 357010.584 357574.683 357681.688 46.0845921752 46.0983830894 46.1712214112 46.0845921752 46.0983830894 46.1712214112
17706960 512 393210.833 393723.496 393841.984 46.0385834335 46.0524383843 46.1124809346 46.0385834335 46.0524383843 46.1124809346
19477600 512 433410.265 434086.259 434545.696 45.8986536597 45.9472328056 46.0188971297 45.8986536597 45.9472328056 46.0188971297
21425360 512 478188.348 478486.517 479898.102 45.717139844 45.8520101623 45.8806006708 45.717139844 45.8520101623 45.8806006708
23567840 512 526983.083 527313.025 527363.531 45.7624897085 45.7668728361 45.7955272921 45.7624897085 45.7668728361 45.7955272921
25924560 512 580445.188 580640.063 581012.162 45.6905228087 45.719803251 45.7351529289 45.6905228087 45.719803251 45.7351529289
28516960 512 639034.114 639217.312 639378.904 45.6714584377 45.6830040298 45.6961004119 45.6714584377 45.6830040298 45.6961004119
31368640 256 351513.046 351701.196 352409.603 45.5740806813 45.6658773489 45.690320353 45.5740806813 45.6658773489 45.690320353
34505440 256 387187.859 387225.41 390067.786 45.2915772952 45.6240340219 45.62845882 45.2915772952 45.6240340219 45.62845882
37955920 256 426134.153 426250.96 426373.842 45.5783848016 45.5915243921 45.6040214172 45.5783848016 45.5915243921 45.6040214172
41751440 256 468732.31 469106.431 469851.905 45.4967555788 45.569056119 45.6054272854 45.4967555788 45.569056119 45.6054272854
45926560 256 515822.073 515987.552 516766.186 45.5029747631 45.5716395267 45.5862591983 45.5029747631 45.5716395267 45.5862591983
50519200 256 567508.798 567645.374 567909.232 45.5457121359 45.5668831012 45.5778491737 45.5457121359 45.5668831012 45.5778491737
55571120 256 624661.647 624901.62 625182.375 45.5105815163 45.5310284521 45.5485198693 45.5105815163 45.5310284521 45.5485198693
61128160 128 344458.351 344622.689 345678.956 45.2697761561 45.4085278175 45.4301918202 45.2697761561 45.4085278175 45.4301918202
67240960 128 379349.949 379514.53 379730.706 45.3312979119 45.3571191596 45.3767973487 45.3312979119 45.3571191596 45.3767973487
73965040 128 417472.458 417688.766 418095.336 45.2888339324 45.3329171894 45.356405859 45.2888339324 45.3329171894 45.356405859
81361520 128 459476.223 459608.072 459951.758 45.2842037403 45.3180663894 45.3310706352 45.2842037403 45.3180663894 45.3310706352
89497600 128 505823.015 505897.939 506180.058 45.2633114203 45.2885529546 45.2952612289 45.2633114203 45.2885529546 45.2952612289
98447360 128 556859.937 557037.075 559657.293 45.0320660076 45.2438900229 45.2582821737 45.0320660076 45.2438900229 45.2582821737
108292080 128 612895.099 613022.691 613067.783 45.2197509782 45.2230771993 45.2324917025 45.2197509782 45.2230771993 45.2324917025
119121280 64 339961.649 340066.811 340478.036 44.7826944115 44.8368477805 44.8507173819 44.7826944115 44.8368477805 44.8507173819
131033360 64 374122.122 374341.282 374402.73 44.7974032668 44.804756746 44.831003284 44.7974032668 44.804756746 44.831003284
144136640 64 411899.165 412177.708 412509.746 44.7249794675 44.7610085696 44.7912777876 44.7249794675 44.7610085696 44.7912777876
158550240 64 453416.097 453782.103 453875.386 44.713662265 44.7228539553 44.758955084 44.713662265 44.7228539553 44.758955084
174405200 64 499081.312 499474.98 499955.119 44.6517392294 44.6946623833 44.7299168757 44.6517392294 44.6946623833 44.7299168757
191845680 64 549622.887 549973.483 552259.273 44.4650696522 44.6498745831 44.6783560525 44.4650696522 44.6498745831 44.6783560525
211030240 64 604710.472 605016.47 605158.834 44.6360016617 44.6465047803 44.6690969823 44.6360016617 44.6465047803 44.6690969823
232133200 64 665612.564 665919.527 665975.98 44.6157977049 44.6195799872 44.6401573634 44.6157977049 44.6195799872 44.6401573634
255346480 32 373128.799 373374.239 373660.179 43.7353928474 43.7688865835 43.7976772734 43.7353928474 43.7688865835 43.7976772734
280881120 32 410635.308 411308.793 412050.665 43.6266537272 43.7053425211 43.7770238696 43.6266537272 43.7053425211 43.7770238696
308969200 32 452079.25 452441.743 452552.093 43.6944809357 43.7051379673 43.74018228 43.6944809357 43.7051379673 43.74018228
339866080 32 497836.91 498099.285 498543.447 43.6299569293 43.6688623635 43.6918771652 43.6299569293 43.6688623635 43.6918771652
373852640 32 547661.646 548092.512 548325.065 43.6357381547 43.6542525872 43.6885970284 43.6357381547 43.6542525872 43.6885970284
411237840 32 602965.031 603236.386 611059.833 43.0714315336 43.6300302349 43.649665249 43.0714315336 43.6300302349 43.649665249
452361600 32 663084.592 663788.679 664112.503 43.5937318891 43.6149987427 43.6613107125 43.5937318891 43.6149987427 43.6613107125
497597760 16 379182.302 379550.871 379811.928 41.9237184147 41.9525537593 41.9933320622 41.9237184147 41.9525537593 41.9933320622
547357520 16 417404.24 417712.811 417967.426 41.9062337169 41.9317774767 41.962776037 41.9062337169 41.9317774767 41.962776037
602093200 16 459415.134 459895.714 460218.393 41.8648682735 41.8942421368 41.9380664112 41.8648682735 41.8942421368 41.9380664112
662302480 16 505213.996 505994.073 507369.447 41.7716902059 41.8852324383 41.9499054417 41.7716902059 41.8852324383 41.9499054417
728532720 16 556026.026 556494.671 556984.665 41.8558148993 41.8926689776 41.9279780979 41.8558148993 41.8926689776 41.9279780979
801385920 16 611666.728 612335.265 612379.424 41.8765693865 41.8795893456 41.9253627279 41.8765693865 41.8795893456 41.9253627279
881524480 16 673607.701 673964.926 674039.225 41.8503587236 41.8549723758 41.877168741 41.8503587236 41.8549723758 41.877168741
969676880 8 399208.116 399673.877 412463.62 37.6150267022 38.8187243971 38.8640146785 37.6150267022 38.8187243971 38.8640146785
1066644560 8 439048.02 439805.97 440392.652 38.752492537 38.8041866735 38.8711762326 38.752492537 38.8041866735 38.8711762326
1173308960 8 483479.946 484081.646 484390.436 38.755809291 38.7805311668 38.8287942764 38.755809291 38.7805311668 38.8287942764
1290639840 8 532736.778 533083.306 533926.794 38.6761587395 38.7373553206 38.7625527142 38.6761587395 38.7373553206 38.7625527142
1419703760 8 586360.411 586779.613 587098.156 38.6907366815 38.7117405867 38.7394164645 38.6907366815 38.7117405867 38.7394164645
1561674080 8 645128.146 646190.315 646357.104 38.6578643994 38.6678424297 38.7315069648 38.6578643994 38.6678424297 38.7315069648
1717841440 8 710482.421 711876.102 719021.484 38.2262055469 38.6098970913 38.6856341939 38.2262055469 38.6098970913 38.6856341939
1889625520 4 448676.798 449423.945 449787.332 33.6092261487 33.6364012825 33.6924133973 33.6092261487 33.6364012825 33.6924133973
2078588000 4 494127.124 494887.821 495412.941 33.5653403935 33.6009562054 33.6526840814 33.5653403935 33.6009562054 33.6526840814
2286446800 4 543285.544 544199.737 545890.345 33.5077814941 33.6118765893 33.668435691 33.5077814941 33.6118765893 33.668435691
2515091440 4 599443.164 599809.312 600378.635 33.5134036207 33.5452136495 33.5657035201 33.5134036207 33.5452136495 33.5657035201
2766600560 4 658988.163 660276.083 660523.317 33.5079836099 33.5205303506 33.5860425463 33.5079836099 33.5205303506 33.5860425463
3043260560 4 724257.96 726000.766 726788.399 33.4981743152 33.5345162432 33.6152114642 33.4981743152 33.5345162432 33.6152114642
3347586560 4 797854.399 799322.114 799624.938 33.4915673678 33.5042556823 33.5658893572 33.4915673678 33.5042556823 33.5658893572
3682345200 4 877036.586 878715.492 880204.766 33.4680778132 33.5248005392 33.5889768685 33.4680778132 33.5248005392 33.5889768685
4050579680 2 608528.604 610237.005 611681.186 26.4881756883 26.550862349 26.6254020164 26.4881756883 26.550862349 26.6254020164
4455637600 2 666931.215 669779.214 671428.92 26.5442102196 26.6095901865 26.7232212245 26.5442102196 26.6095901865 26.7232212245
4901201360 2 734865.759 736521.772 737720.415 26.574844672 26.6180935653 26.6780771861 26.574844672 26.6180935653 26.6780771861
5391321440 2 806550.309 810210.899 821234.035 26.2596103436 26.6168793664 26.7376821004 26.2596103436 26.6168793664 26.7376821004
5930453520 2 887849.108 890282.212 890937.512 26.6256766165 26.6452746784 26.7182946587 26.6256766165 26.6452746784 26.7182946587
6523498800 2 977004.896 979501.267 1006155.207 25.9343638223 26.6400831516 26.7081519313 25.9343638223 26.6400831516 26.7081519313
7175848640 2 1071224.012 1074161.392 1077138.044 26.6478328566 26.7216777421 26.7949506718 26.6478328566 26.7216777421 26.7949506718
7893433440 1 588936.666 590887.574 591260.005 26.7003801145 26.7172091184 26.805712382 26.7003801145 26.7172091184 26.805712382
8682776720 1 648280.45 650881.269 651475.235 26.6557384027 26.6800632728 26.7871003051 26.6557384027 26.6800632728 26.7871003051
9551054320 1 713197.228 715882.932 717300.578 26.6305496271 26.6832854733 26.7837673648 26.6305496271 26.6832854733 26.7837673648
10506159680 1 783424.684 785505.906 795133.063 26.4261673143 26.7500463071 26.8211096601 26.4261673143 26.7500463071 26.8211096601
11556775600 1 859731.298 863902.416 865298.568 26.7116485047 26.7548171783 26.8846222695 26.7116485047 26.7548171783 26.8846222695
12712453120 1 946011.225 949570.557 952177.849 26.7018459489 26.7751627855 26.8759033383 26.7018459489 26.7751627855 26.8759033383
13983698400 1 1041466.698 1044939.349 1047609.036 26.6964066163 26.7646125364 26.8538560606 26.6964066163 26.7646125364 26.8538560606

META_DATA
HOSTNAME  ('qiang-gpu6', [], ['127.0.1.1'])
TIMESTAMP_DATA  1614746833.8
TIMESTAMP_DATA  1614747236.82
MPI_PROCS      1
OPENMP_THREADS 10
CONFIG  {'ERT_WORKING_SET_MIN': ['1'], 'ERT_CFLAGS': ['-O3'], 'ERT_CC': ['gcc'], 'ERT_MPI_CFLAGS': [], 'ERT_MPI_LDFLAGS': [], 'ERT_MEMORY_MAX': ['15000000000'], 'ERT_PROCS_THREADS': ['8,10'], 'ERT_LDFLAGS': [], 'ERT_LDLIBS': [], 'ERT_SPEC_GBYTES_DRAM': ['1.0'], 'ERT_RUN': ['export', 'KMP_AFFINITY=scatter;', 'export', 'OMP_NUM_THREADS=ERT_OPENMP_THREADS;', 'ERT_CODE'], 'ERT_FLOPS': ['1,2,4,8,16'], 'ERT_OPENMP_CFLAGS': ['-fopenmp'], 'ERT_SPEC_GFLOPS': ['1.0'], 'ERT_MPI': ['False'], 'ERT_TRIALS_MIN': ['1'], 'ERT_DRIVER': ['driver1'], 'ERT_RESULTS': ['Results.x86'], 'ERT_OPENMP': ['True'], 'ERT_MPI_PROCS': ['1'], 'ERT_KERNEL': ['kernel1'], 'ERT_OPENMP_THREADS': ['8,10'], 'ERT_LD': ['gcc'], 'ERT_NUM_EXPERIMENTS': ['6'], 'ERT_OPENMP_LDFLAGS': ['-fopenmp'], 'ERT_ALIGN': ['32'], 'ERT_GNUPLOT': ['gnuplot']}
TIMESTAMP_DATA  1614746632.21
UNAME  ('Linux', 'qiang-gpu6', '5.4.0-65-generic', '#73-Ubuntu SMP Mon Jan 18 17:25:17 UTC 2021', 'x86_64', 'x86_64')
TIMESTAMP_DATA  1614747440.66
FLOPS          16
TIMESTAMP_DATA  1614747035.3
ERT_VERSION  1.0.0
TIMESTAMP_DATA  1614746430.6
