64 134217728 5299748.899 5299840.643 5299921.352 3.2415328536 3.24158221751 3.24163833257 1.6207664268 1.62079110876 1.62081916629
128 67108864 3273702.054 3274149.419 3274190.558 5.24705843465 5.24712436284 5.2478414042 2.62352921732 2.62356218142 2.6239207021
192 67108864 3372999.407 3374460.053 3374635.513 7.63632210848 7.63671917025 7.64002618041 3.81816105424 3.81835958513 3.82001309021
256 33554432 1695417.983 1695602.505 1695839.75 10.1305970591 10.1320145101 10.133117235 5.06529852953 5.06600725504 5.06655861748
320 33554432 2006597.799 2007114.971 2007216.328 10.6988151603 10.6993554382 10.7021130446 5.34940758015 5.34967771908 5.35105652231
384 33554432 2528985.658 2530543.276 2530831.483 10.1823467699 10.1835064511 10.1897785361 5.09117338493 5.09175322556 5.09488926805
448 16777216 1403325.488 1403667.823 1404313.759 10.7044351304 10.709361068 10.7119735689 5.35221756522 5.35468053399 5.35598678444
512 16777216 1646065.778 1646215.544 1646349.335 10.4351299076 10.43597799 10.4369274993 5.2175649538 5.21798899501 5.21846374963
576 16777216 1781934.643 1782247.717 1782309.532 10.843993417 10.8443695271 10.8462748103 5.42199670848 5.42218476356 5.42313740516
640 16777216 2052835.102 2053440.421 2053544.078 10.4574509552 10.4579788439 10.4610625856 5.22872547759 5.22898942194 5.23053129281
704 16777216 2173015.489 2173306.894 2173426.642 10.8686990725 10.8692979317 10.8707555227 5.43434953624 5.43464896587 5.43537776136
768 16777216 2433037.161 2433137.584 2433925.718 10.5877527755 10.5911823258 10.5916194742 5.29387638773 5.29559116292 5.29580973712
832 16777216 2576656.324 2576788.623 2576933.117 10.8335320152 10.8341395079 10.8346957893 5.41676600759 5.41706975396 5.41734789463
896 8388608 1415267.725 1415988.64 1416055.354 10.6156764942 10.6161766496 10.6215843621 5.30783824712 5.30808832478 5.31079218103
960 8388608 1485521.957 1485646.599 1485769.725 10.840258143 10.8411565515 10.8420661735 5.42012907148 5.42057827576 5.42103308676
1024 8388608 1618758.365 1618851.229 1619009.576 10.6113450091 10.6123829517 10.6129917568 5.30567250456 5.30619147586 5.3064958784
1088 8388608 1683926.316 1684000.837 1684200.623 10.8381452653 10.839431078 10.8399107696 5.41907263266 5.41971553901 5.41995538479
1152 8388608 1819530.461 1819640.426 1819664.969 10.6213798481 10.6215231074 10.622165029 5.31068992404 5.31076155372 5.31108251449
1216 8388608 1882429.516 1883311.695 1883442.188 10.831813573 10.8325640998 10.8376406567 5.41590678652 5.4162820499 5.41882032836
1280 8388608 2012471.602 2013163.876 2014144.857 10.662011923 10.6672073426 10.6708767759 5.3310059615 5.33360367132 5.33543838796
1408 8388608 2203577.692 2203746.354 2203909.458 10.7183714114 10.7191647011 10.7199851468 5.35918570571 5.35958235056 5.35999257339
1536 8388608 2406126.653 2406967.375 2408105.628 10.7012763379 10.7063369631 10.7100778522 5.35063816893 5.35316848156 5.35503892612
1664 8388608 2603131.769 2603348.969 2603773.954 10.7218552444 10.723605539 10.7245002948 5.36092762221 5.36180276952 5.36225014739
1792 4194304 1396680.105 1396730.945 1396889.432 10.7613281278 10.7625492152 10.7629409785 5.3806640639 5.38127460762 5.38147048926
1920 4194304 1499942.651 1500404.228 1501188.339 10.7289185118 10.7345254428 10.7378287758 5.3644592559 5.36726272142 5.36891438791
2112 4194304 1628710.203 1629262.307 1630531.634 10.8656218172 10.8740870146 10.8777731381 5.43281090859 5.43704350732 5.43888656907
2304 4194304 1799950.33 1800513.368 1801132.868 10.7306646697 10.7343567537 10.7377145413 5.36533233483 5.36717837687 5.36885727063
2496 4194304 1935022.408 1935063.317 1935138.701 10.8198784703 10.8202999788 10.8205287347 5.40993923515 5.41014998942 5.41026436734
2688 4194304 2090938.573 2091097.199 2091235.7 10.7824184065 10.7831325654 10.783950612 5.39120920325 5.39156628271 5.39197530601
2944 4194304 2294618.389 2295870.476 2296119.753 10.7555635632 10.7567313619 10.7626009058 5.37778178158 5.37836568094 5.38130045292
3200 4194304 2475275.129 2475342.712 2475458.23 10.8438693389 10.8443753949 10.8446714814 5.42193466945 5.42218769746 5.42233574068
3520 4194304 2698616.941 2699598.48 2700012.662 10.9362080318 10.9378859037 10.9418642236 5.46810401588 5.46894295184 5.47093211181
3840 2097152 1488219.154 1488793.748 1488891.37 10.8175302003 10.8182395188 10.8224163872 5.40876510017 5.40911975941 5.4112081936
4224 2097152 1641846.573 1667534.924 1669178.641 10.6140467298 10.6245091728 10.7907403696 5.30702336491 5.3122545864 5.39537018481
4608 2097152 1801603.485 1802202.628 1802595.258 10.721959212 10.7242951107 10.7278615927 5.36097960599 5.36214755536 5.36393079635
5056 2097152 1981032.91 1981522.468 1981574.178 10.7017951987 10.7020744738 10.7047191982 5.35089759935 5.35103723689 5.35235959911
5504 2097152 2162310.875 2163070.252 2167397.862 10.6512281943 10.6725378867 10.6762859508 5.32561409715 5.33626894334 5.33814297539
6016 2097152 2356187.31 2359309.489 2359451.898 10.6944044443 10.6950499634 10.7092219523 5.34720222213 5.3475249817 5.35461097615
6592 2097152 2567134.51 2572790.507 2573085.675 10.7454066674 10.7466394535 10.7703168106 5.37270333371 5.37331972673 5.38515840528
7232 1048576 1410120.989 1410199.557 1410238.056 10.7546404662 10.7549340721 10.7555333069 5.37732023309 5.37746703604 5.37776665347
7936 1048576 1552667.301 1553331.581 1553803.317 10.7111357595 10.714388657 10.7189726101 5.35556787977 5.35719432849 5.35948630504
8704 1048576 1687856.327 1695292.509 1695622.867 10.7651361416 10.7672339205 10.8146710807 5.38256807078 5.38361696023 5.40733554035
9536 1048576 1846843.667 1847436.656 1847797.095 10.8228557811 10.8249673444 10.8284430509 5.41142789057 5.41248367219 5.41422152544
10432 1048576 2027937.257 2029639.329 2029708.497 10.7786362901 10.7790036148 10.7880505615 5.38931814503 5.38950180739 5.39402528073
11456 1048576 2212891.53 2213493.567 2213612.9 10.8532857357 10.8538708538 10.8568237468 5.42664286787 5.42693542691 5.4284118734
12544 1048576 2439985.072 2441522.403 2443374.336 10.7665347468 10.7747013321 10.781490014 5.3832673734 5.38735066606 5.39074500698
13760 1048576 2654530.086 2658058.755 2658660.22 10.853892236 10.8563482525 10.8707796051 5.426946118 5.42817412627 5.43538980255
15104 524288 1463023.747 1465060.828 1465494.603 10.8070625928 10.8102623463 10.8253143098 5.40353129639 5.40513117316 5.41265715491
16576 524288 1598831.428 1599535.499 1599875.716 10.8640912554 10.8664020191 10.8711872131 5.43204562772 5.43320100956 5.43559360656
18176 524288 1754313.017 1754811.789 1758417.976 10.8386729641 10.8609467383 10.8640346342 5.41933648203 5.43047336913 5.43201731712
19968 524288 1932828.82 1933788.578 1935201.591 10.8195268469 10.8274326398 10.8328090679 5.40976342345 5.41371631992 5.41640453395
21952 524288 2114714.089 2115883.83 2117369.274 10.871197875 10.8788299365 10.8848474939 5.43559893748 5.43941496826 5.44242374696
24128 524288 2310183.876 2310386.8 2310559.681 10.9497460447 10.9505653893 10.9515272749 5.47487302233 5.47528269466 5.47576363744
26496 524288 2559475.947 2559699.376 2560011.801 10.8527115715 10.854036203 10.8549837042 5.42635578577 5.42701810152 5.4274918521
29120 262144 1394478.588 1394580.132 1395245.59 10.9423507011 10.9475721113 10.9483692983 5.47117535057 5.47378605563 5.47418464915
32000 262144 1541479.645 1543411.21 1544293.265 10.8640090456 10.870217795 10.8838388197 5.43200452279 5.43510889752 5.44191940984
35200 262144 1702072.072 1702626.511 1703464.935 10.8337643005 10.8390991687 10.8426299354 5.41688215026 5.41954958435 5.42131496768
38720 262144 1864406.257 1865226.814 1865568.67 10.8816317976 10.8836261669 10.8884162364 5.44081589878 5.44181308344 5.44420811821
42560 262144 2036517.089 2037450.952 2038293.911 10.9472422792 10.9517715055 10.9567935376 5.47362113962 5.47588575276 5.47839676881
46784 262144 2254885.949 2255156.416 2256088.669 10.8720415687 10.8765359325 10.8778405413 5.43602078434 5.43826796624 5.43892027064
51456 262144 2481277.004 2482509.826 2482896.345 10.8654408318 10.8671325469 10.8725318796 5.43272041588 5.43356627343 5.43626593978
56576 262144 2715532.178 2716256.53 2717176.494 10.9165223361 10.9202196333 10.9231325367 5.45826116807 5.46010981665 5.46156626836
62208 131072 1498391.494 1498950.664 1499272.465 10.8769115239 10.8792466248 10.8833065439 5.43845576194 5.43962331238 5.44165327196
68416 131072 1644423.775 1645566.566 1646777.521 10.8908724313 10.898886909 10.9064610818 5.44543621567 5.44944345448 5.45323054089
75200 131072 1791186.09 1791441.1 1791485.341 11.003845998 11.0041177463 11.0056843954 5.50192299899 5.50205887316 5.50284219771
82688 131072 1996593.127 1997845.329 1998086.012 10.8484634504 10.8497703788 10.8565750222 5.42423172522 5.4248851894 5.42828751108
90944 131072 2181259.464 2182422.916 2182502.923 10.9234327637 10.9238332136 10.929659827 5.46171638186 5.46191660682 5.46482991351
100032 131072 2404604.889 2406454.183 2429661.046 10.7927764867 10.8968576228 10.905237999 5.39638824337 5.44842881141 5.45261899948
110016 131072 2639616.619 2640807.24 2666327.748 10.8163875674 10.9209160999 10.9258420698 5.40819378368 5.46045804994 5.4629210349
120960 65536 1460532.459 1461521.782 1475822.814 10.7427998603 10.8479184609 10.8552665313 5.37139993013 5.42395923046 5.42763326563
133056 65536 1585517.4 1608381.687 1617405.485 10.7826492452 10.8431451147 10.9995109685 5.39132462259 5.42157255736 5.49975548423
146304 65536 1765247.954 1769430.096 1781244.649 10.7657069447 10.8375899852 10.8632658911 5.38285347236 5.41879499262 5.43163294554
160896 65536 1925172.6 1946418.461 1955988.082 10.781742847 10.8347515884 10.954321972 5.39087142352 5.4173757942 5.47716098598
176960 65536 2106028.355 2131397.246 2151054.47 10.7828515937 10.8822985314 11.0133850121 5.39142579686 5.44114926571 5.50669250605
194624 65536 2334122.712 2342470.283 2364009.893 10.7908841683 10.8901090926 10.9290556134 5.39544208413 5.44505454629 5.46452780671
214080 65536 2549576.478 2592677.779 2598657.204 10.797843485 10.8227462692 11.0057078115 5.39892174251 5.41137313462 5.50285390576
235456 32768 1410376.782 1424262.171 1426167.434 10.8197986072 10.8342724606 10.9409376366 5.40989930359 5.41713623032 5.47046881831
258944 32768 1548417.826 1562936.296 1571299.849 10.8000735791 10.8578667137 10.9596736094 5.40003678954 5.42893335686 5.47983680472
284800 32768 1736043.879 1738268.905 1738443.029 10.736419019 10.737494496 10.7512563627 5.3682095095 5.368747248 5.37562818134
313280 32768 1907124.037 1908668.348 1909009.009 10.7548565686 10.756776106 10.7654865031 5.37742828431 5.37838805299 5.38274325153
344576 32768 2098009.708 2098526.233 2098593.961 10.7606012195 10.760948508 10.7635978279 5.38030060976 5.380474254 5.38179891396
379008 32768 2307841.979 2308174.153 2308404.52 10.7601020847 10.7611759952 10.7627248807 5.38005104235 5.3805879976 5.38136244033
416896 32768 2523345.4 2525178.927 2525346.065 10.8189909631 10.8197070567 10.8275689313 5.40949548156 5.40985352837 5.41378446565
458560 16384 1387469.185 1388188.408 1391667.522 10.7971867148 10.8242469058 10.8298578754 5.39859335742 5.41212345291 5.41492893768
504384 16384 1525894.748 1526269.207 1529055.168 10.809063831 10.828794053 10.8314514705 5.40453191549 5.41439702649 5.41572573523
554816 16384 1677964.322 1678462.501 1678700.503 10.8299310422 10.8314667007 10.8346825076 5.4149655211 5.41573335036 5.41734125381
610240 16384 1845183.899 1845488.109 1845650.633 10.8343063213 10.8352604509 10.8370468281 5.41715316064 5.41763022544 5.41852341407
671232 16384 2029256.89 2029517.738 2030766.406 10.8308518946 10.8375156148 10.8389087081 5.41542594732 5.41875780738 5.41945435405
738304 16384 2231734.899 2231846.645 2232125.02 10.8384365818 10.8397884443 10.8403312073 5.41921829092 5.41989422217 5.42016560364
812096 16384 2454313.749 2454957.538 2455585.879 10.8368279666 10.839601629 10.8424449559 5.41841398331 5.41980081449 5.42122247794
893248 16384 2698926.235 2699467.864 2699628.849 10.8422128008 10.8428593851 10.8450353642 5.42110640039 5.42142969256 5.42251768211
982528 8192 1484320.348 1484588.987 1484658.942 10.8427183487 10.8432292661 10.8451917227 5.42135917436 5.42161463306 5.42259586136
1080768 8192 1632469.911 1632639.215 1632842.077 10.8444675461 10.8458150149 10.846939838 5.42223377307 5.42290750746 5.42346991901
1188800 8192 1795629.774 1795806.845 1795820.02 10.8459082665 10.8459878379 10.8470573846 5.42295413323 5.42299391893 5.42352869228
1307648 8192 1974541.928 1975081.902 1975223.198 10.8466247529 10.847400713 10.8503671298 5.42331237647 5.4237003565 5.4251835649
1438400 8192 2171965.687 2172242.185 2172535.16 10.8475784576 10.849041494 10.8504226108 5.4237892288 5.42452074698 5.42521130538
1582208 8192 2388901.684 2389303.724 2389566.928 10.8483656885 10.8495607367 10.8513866626 5.42418284423 5.42478036836 5.4256933313
1740416 8192 2627683.975 2628144.429 2628216.525 10.8495534796 10.8498511076 10.8517523474 5.42477673981 5.42492555382 5.42587617371
1914432 4096 1444920.805 1445107.908 1445258.635 10.8513635997 10.8524954138 10.853900705 5.42568179985 5.42624770689 5.42695035248
2105856 4096 1589393.615 1589671.745 1589755.144 10.8514650304 10.8520343312 10.8539333424 5.4257325152 5.42601716558 5.42696667119
2316416 4096 1748238.041 1748472.025 1748523.866 10.8526284605 10.8529502335 10.8544027913 5.42631423025 5.42647511675 5.42720139563
2548032 4096 1922870.727 1923242.715 1923296.797 10.8529677669 10.8532729547 10.8553725692 5.42648388344 5.42663647734 5.4276862846
2802816 4096 2114864.266 2115449.453 2115629.632 10.8528772356 10.8538016068 10.8568048745 5.42643861778 5.42690080338 5.42840243725
3083072 4096 2326399.557 2326963.984 2326976.794 10.8537935957 10.8538533461 10.8564866891 5.42689679784 5.42692667305 5.42824334453
3391360 4096 2559732.48 2560382.376 2560909.008 10.8484999011 10.8507312737 10.8534861893 5.42424995055 5.42536563687 5.42674309465
3730496 2048 1409762.234 1410209.136 1410484.379 10.8332370379 10.8353514567 10.8387863198 5.41661851896 5.41767572835 5.41939315988
4103488 2048 1558316.173 1560483.434 1561255.619 10.7656213649 10.7709485931 10.7859285164 5.38281068246 5.38547429655 5.39296425822
4513792 2048 1712276.254 1714475.998 1714746.299 10.7820568225 10.7837567009 10.7976104842 5.39102841125 5.39187835046 5.39880524209
4965120 2048 1882852.237 1883747.869 1884153.611 10.7937757311 10.7961006113 10.8012360823 5.39688786553 5.39805030564 5.40061804117
5461632 2048 2071211.973 2072104.656 2072582.963 10.793702868 10.7961943945 10.8008475055 5.39685143402 5.39809719727 5.40042375276
6007744 2048 2278174.618 2281461.358 2284801.021 10.7701805093 10.7859461821 10.8015071494 5.38509025465 5.39297309107 5.40075357472
6608512 2048 2511486.148 2518362.265 2526028.866 10.7158178263 10.748439781 10.7778675879 5.35790891314 5.37421989048 5.38893379395
7269312 2048 2763290.006 2771101.432 2779921.008 10.7107726681 10.7448618113 10.7752360003 5.35538633406 5.37243090566 5.38761800016
7996224 1024 1521365.068 1525176.998 1528293.229 10.7153957377 10.7372893595 10.7641926954 5.35769786886 5.36864467976 5.3820963477
8795840 1024 1673362.988 1679793.104 1681266.171 10.7144725985 10.7238684795 10.7650763458 5.35723629926 5.36193423973 5.38253817288
9675392 1024 1836574.539 1840677.772 1846314.577 10.7323004773 10.7651665693 10.7892178592 5.36615023865 5.38258328465 5.39460892962
10642880 1024 2018510.24 2020032.93 2022248.941 10.7784050708 10.7902291672 10.7983689198 5.38920253538 5.3951145836 5.39918445992
11707136 1024 2222198.664 2223317.342 2223331.601 10.7839129877 10.7839821491 10.7894109183 5.39195649385 5.39199107457 5.39470545915
12877824 1024 2445756.346 2446404.726 2447194.027 10.7771526332 10.7806297428 10.7834877318 5.38857631659 5.39031487139 5.39174386589
14165568 1024 2690463.159 2692546.154 2693025.694 10.7726722878 10.7745908908 10.782932733 5.38633614388 5.38729544541 5.39146636648
15582080 512 1479600.561 1480734.447 1481156.743 10.7726950543 10.7757673581 10.7840253245 5.38634752716 5.38788367905 5.39201266226
17140288 512 1627937.301 1628655.458 1629028.714 10.7743066535 10.776775914 10.7815300388 5.38715332675 5.38838795701 5.3907650194
18854272 512 1790762.792 1791834.756 1792001.819 10.7738587781 10.7748632866 10.7813132003 5.38692938905 5.38743164328 5.39065660015
20739648 512 1969681.756 1971036.772 1971251.561 10.7735613111 10.7747353341 10.7821476679 5.38678065554 5.38736766703 5.39107383396
22813568 512 2166650.695 2168088.813 2168480.831 10.7730228914 10.7749707908 10.7821226956 5.38651144572 5.38748539541 5.3910613478
25094912 512 2383321.071 2385002.567 2385378.263 10.7727945234 10.774491501 10.7820931895 5.38639726172 5.3872457505 5.39104659475
27604352 512 2621872.259 2623280.05 2623689.522 10.7737048195 10.7753865044 10.7811722524 5.38685240974 5.38769325219 5.39058612619
30364736 256 1442415.45 1443156.152 1443380.999 10.7710610315 10.7727391873 10.7782711507 5.38553051577 5.38636959363 5.38913557533
33401152 256 1586168.55 1587249.389 1587503.31 10.7725065619 10.7742298989 10.7815716205 5.38625328095 5.38711494946 5.39078581025
36741248 256 1744848.939 1746325.034 1746449.827 10.7712908125 10.7720605327 10.7811734045 5.38564540623 5.38603026635 5.39058670225
40415360 256 1919487.585 1920675.221 1921279.703 10.7702508321 10.7736404853 10.7803064118 5.38512541607 5.38682024263 5.39015320591
44456896 256 2111362.089 2112809.488 2113639.718 10.7690684264 10.7733001396 10.7806855445 5.38453421322 5.3866500698 5.39034277223
48902528 256 2322617.399 2324024.011 2324727.262 10.7703362649 10.7735953749 10.7801200261 5.38516813247 5.38679768744 5.39006001307
53792768 256 2554775.077 2556528.565 2557330.899 10.7697823644 10.7731623237 10.7805565601 5.3848911822 5.38658116187 5.39027828006
59172032 128 1405610.491 1406292.152 1407445.243 10.7627918509 10.7716168155 10.7768405892 5.38139592547 5.38580840775 5.38842029459
65089216 128 1545927.489 1546835.306 1548267.829 10.76224603 10.7722129378 10.7785387184 5.38112301499 5.38610646892 5.38926935919
71598080 128 1700624.177 1701565.561 1703152.028 10.7618745589 10.7719084707 10.7778712827 5.38093727943 5.38595423535 5.38893564136
78757888 128 1870690.734 1871580.059 1873435.921 10.7620544167 10.7727260883 10.7778474344 5.38102720835 5.38636304417 5.3889237172
86633664 128 2057748.545 2058797.081 2060942.971 10.7611992646 10.772415693 10.7779048309 5.38059963232 5.38620784648 5.38895241547
95297024 128 2263664.809 2264859.566 2266725.113 10.7626804874 10.7715456226 10.7772308192 5.3813402437 5.38577281131 5.38861540962
104826688 128 2489945.286 2491316.966 2493406.494 10.7626382592 10.7716651451 10.7775991219 5.38131912959 5.38583257254 5.38879956096
115309312 128 2738721.619 2740302.054 2742610.799 10.7631691244 10.7722372535 10.7784535921 5.38158456219 5.38611862676 5.38922679604
126840192 64 1507297.87 1508070.275 1510729.965 10.7468210416 10.7657745432 10.7712913944 5.37341052079 5.38288727162 5.38564569722
139524160 64 1658091.605 1659080.567 1661954.416 10.7458377366 10.7644516097 10.7708720231 5.37291886831 5.38222580483 5.38543601154
153476544 64 1823834.594 1824948.725 1827657.716 10.7487290755 10.7646847075 10.7712605609 5.37436453774 5.38234235376 5.38563028046
168824192 64 2006091.624 2007182.96 2010730.983 10.7470848953 10.7660821194 10.771938987 5.37354244767 5.38304105969 5.38596949349
185706560 64 2206910.759 2208124.908 2211823.404 10.7469880448 10.7649886987 10.7709111404 5.3734940224 5.38249434936 5.3854555702
204277184 64 2427831.955 2428880.287 2433102.747 10.7465579019 10.7652401363 10.7698885412 5.37327895097 5.38262006817 5.38494427058
224704896 64 2670691.32 2671693.533 2675989.522 10.7482583364 10.7655411568 10.7695810716 5.37412916821 5.38277057842 5.38479053581
247175360 32 1470225.972 1471822.409 1476579.375 10.7134254398 10.7480514927 10.7597222068 5.3567127199 5.37402574634 5.37986110342
271892864 32 1617015.833 1618800.03 1624332.281 10.7127978059 10.749408805 10.7612695812 5.35639890297 5.37470440249 5.38063479061
299082112 32 1779126.543 1780429.983 1786630.541 10.7136057113 10.7509171103 10.7587935458 5.35680285564 5.37545855517 5.3793967729
328990272 32 1957155.152 1958624.557 1965270.127 10.7137319795 10.7500834362 10.7581544501 5.35686598975 5.37504171812 5.37907722504
361889280 32 2152796.626 2154445.674 2161790.582 10.7137639107 10.7502891345 10.7585238848 5.35688195537 5.37514456723 5.37926194241
398078208 32 2367915.37 2369809.822 2378185.294 10.7127923868 10.7506539451 10.7592550117 5.35639619341 5.37532697255 5.37962750586
437886016 32 2605252.848 2606801.519 2616080.332 10.7124787726 10.7506094422 10.757000053 5.35623938631 5.37530472108 5.3785000265
481674560 16 1435447.691 1437741.286 1447894.487 10.645517376 10.7206950723 10.7378248728 5.32275868801 5.36034753613 5.36891243639
529841984 16 1579001.971 1581432.519 1592837.886 10.6444878271 10.7212563826 10.7377595465 5.32224391353 5.36062819131 5.36887977323
582826176 16 1736819.482 1739592.157 1752051.605 10.644913414 10.7211552759 10.7382706293 5.32245670698 5.36057763797 5.36913531466
641108736 16 1910596.024 1913162.699 1927063.236 10.645981496 10.7233323976 10.7377380117 5.32299074798 5.36166619878 5.36886900587
705219584 16 2101610.288 2104740.746 2119892.66 10.6453629063 10.721998294 10.737969269 5.32268145313 5.36099914702 5.36898463451
775741504 16 2311883.925 2315105.632 2332072.665 10.6444917007 10.7225034508 10.737445708 5.32224585035 5.36125172538 5.36872285402
853315648 16 2542879.989 2546910.352 2565288.451 10.6444562698 10.721264969 10.7382577448 5.32222813488 5.36063248448 5.3691288724
938647168 8 1403622.761 1428524.129 1428531.93 10.5131389594 10.5131963704 10.6997087147 5.25656947969 5.25659818519 5.34985435734
1032511872 8 1544034.159 1571199.01 1571544.966 10.5120695299 10.5143841403 10.6993681815 5.25603476496 5.25719207015 5.34968409076
1135763008 8 1698796.081 1728425.927 1728632.056 10.5124789656 10.5137326652 10.6971097539 5.25623948281 5.25686633258 5.34855487696
1249339264 8 1868569.311 1901038.201 1901298.416 10.5135669686 10.5150060706 10.6977183593 5.25678348432 5.25750303531 5.34885917967
1374273152 8 2055118.996 2091219.291 2091609.393 10.5126561898 10.5146172506 10.6993173995 5.25632809491 5.25730862532 5.34965869976
1511700416 8 2260829.984 2300364.493 2300768.675 10.5126634063 10.5145105176 10.6983748567 5.25633170314 5.25725525881 5.34918742833
1662870400 8 2486749.987 2530515.988 2530575.785 10.5137836842 10.5140321287 10.6990757169 5.25689184211 5.25701606435 5.34953785847
1829157440 8 2735516.026 2783337.416 2783849.581 10.5129670941 10.5149015968 10.6987196426 5.25648354705 5.25745079841 5.3493598213
2012073152 4 1515394.963 1568397.659 1569017.511 10.2590220333 10.2630765378 10.6220395402 5.12951101666 5.13153826889 5.3110197701
2213280448 4 1667073.315 1725160.059 1725765.671 10.2599349851 10.2635367029 10.6211547055 5.12996749256 5.13176835147 5.31057735274
2434608448 4 1834094.354 1897892.982 1898459.449 10.2593013479 10.2623634571 10.6193378446 5.12965067393 5.13118172856 5.3096689223
2678069248 4 2017172.571 2087592.943 2088063.819 10.2604881082 10.2628024567 10.6210813552 5.1302440541 5.13140122835 5.31054067758
2945876160 4 2219110.791 2296156.41 2297270.715 10.2586992147 10.2636776734 10.620023739 5.12934960737 5.13183883671 5.31001186952
3240463744 4 2440843.656 2525832.353 2526446.021 10.2609395714 10.2634325359 10.6207990374 5.13046978572 5.13171626795 5.31039951868
3564510080 4 2684994.492 2778411.748 2779730.055 10.2585790979 10.2634466114 10.6205359918 5.12928954895 5.13172330568 5.31026799589
3920961088 2 1498183.763 1601334.311 1602921.923 9.78453418532 9.79423487292 10.4685718397 4.89226709266 4.89711743646 5.23428591984
4313057152 2 1647953.819 1761512.963 1762491.239 9.78854715771 9.79398333727 10.468878684 4.89427357885 4.89699166863 5.23443934202
4744362816 2 1812806.911 1937469.917 1938786.374 9.78831475117 9.7949656392 10.4685452978 4.89415737559 4.8974828196 5.23427264891
5218799040 2 1994945.238 2131465.35 2133028.245 9.78664779003 9.79382384049 10.4640447078 4.89332389501 4.89691192024 5.23202235389
5740678912 2 2193467.462 2344254.868 2346199.184 9.78719786649 9.79531533088 10.4686830536 4.89359893324 4.89765766544 5.23434152679
6314746752 2 2412748.284 2578913.334 2580733.035 9.78752419 9.79443034203 10.4689690075 4.893762095 4.89721517102 5.23448450373
6946221376 2 2654132.901 2837258.5 2838587.448 9.78827885806 9.79286360548 10.4685358798 4.89413942903 4.89643180274 5.23426793992
7640843456 1 1459702.677 1560290.788 1561117.537 9.78894064656 9.79412749824 10.469040821 4.89447032328 4.89706374912 5.23452041049
8404927744 1 1605688.547 1716122.951 1717477.311 9.78752696198 9.79525125412 10.4689390227 4.89376348099 4.89762562706 5.23446951135
9245420480 1 1766378.18 1887985.564 1888937.349 9.78901760283 9.79395251351 10.4682231525 4.89450880141 4.89697625675 5.23411157627
10169962496 1 1943230.305 2076571.435 2078200.64 9.78727683964 9.79495559323 10.4670686432 4.89363841982 4.89747779662 5.2335343216
11186958720 1 2137396.745 2284636.442 2286154.955 9.78670207418 9.79320693161 10.4678354603 4.89335103709 4.8966034658 5.23391773014
12305654592 1 2350735.187 2513025.656 2514125.371 9.78921316649 9.7934969845 10.4696221506 4.89460658325 4.89674849225 5.2348110753
13536220032 1 2585900.906 2764147.297 2765220.493 9.79033684024 9.79413799452 10.4692488414 4.89516842012 4.89706899726 5.23462442068
14889841984 1 2844837.371 3040714.259 3042834.198 9.78682439798 9.79364762074 10.4679741175 4.89341219899 4.89682381037 5.23398705873

META_DATA
TIMESTAMP_DATA  1614756043.14
OPENMP_THREADS 8
FLOPS          8
CONFIG  {'ERT_WORKING_SET_MIN': ['1'], 'ERT_CFLAGS': ['-O3'], 'ERT_CC': ['gcc'], 'ERT_MPI_CFLAGS': [], 'ERT_MPI_LDFLAGS': [], 'ERT_MEMORY_MAX': ['15000000000'], 'ERT_PROCS_THREADS': ['8,10,16'], 'ERT_LDFLAGS': [], 'ERT_LDLIBS': [], 'ERT_SPEC_GBYTES_DRAM': ['0'], 'ERT_RUN': ['export', 'KMP_AFFINITY=scatter;', 'export', 'OMP_NUM_THREADS=ERT_OPENMP_THREADS;', 'ERT_CODE'], 'ERT_FLOPS': ['1,2,4,8,16'], 'ERT_OPENMP_CFLAGS': ['-fopenmp'], 'ERT_SPEC_GFLOPS': ['0'], 'ERT_MPI': ['False'], 'ERT_TRIALS_MIN': ['1'], 'ERT_DRIVER': ['driver1'], 'ERT_RESULTS': ['Results.arm'], 'ERT_OPENMP': ['True'], 'ERT_MPI_PROCS': ['1'], 'ERT_KERNEL': ['kernel1'], 'ERT_OPENMP_THREADS': ['8,10,16'], 'ERT_LD': ['gcc'], 'ERT_NUM_EXPERIMENTS': ['4'], 'ERT_OPENMP_LDFLAGS': ['-fopenmp'], 'ERT_ALIGN': ['32'], 'ERT_GNUPLOT': ['gnuplot']}
MPI_PROCS      1
UNAME  ('Linux', 'localhost.localdomain', '5.4.44-mlnx.14.gd7fb187', '#1 SMP PREEMPT Tue Sep 15 16:18:01 UTC 2020', 'aarch64', 'aarch64')
HOSTNAME  localhost.localdomain
TIMESTAMP_DATA  1614756804.1
TIMESTAMP_DATA  1614755286.62
TIMESTAMP_DATA  1614754529.9
ERT_VERSION  1.0.0
