80 134217728 1177729.261 1184978.229 1186384.047 18.1010833164 18.122557828 18.2341028546 1.13131770728 1.13265986425 1.13963142842
160 67108864 546887.209 547996.38 549576.452 39.075248588 39.1879166793 39.2673957748 2.44220303675 2.44924479246 2.45421223593
240 33554432 306811.564 307692.393 308112.893 52.2734612083 52.3448994074 52.4951770071 3.26709132552 3.27155621296 3.28094856294
320 33554432 577001.773 603985.048 604503.66 35.5247418684 35.555245202 37.217973124 2.22029636677 2.22220282513 2.32612332025
400 33554432 657367.031 657654.477 658401.818 40.7707647004 40.8170955096 40.8349435462 2.54817279378 2.55106846935 2.55218397164
480 16777216 178764.178 178765.808 178807.679 90.0751435849 90.096241223 90.0970627348 5.62969647405 5.63101507644 5.63106642092
560 16777216 183895.148 184955.834 184969.568 101.586883308 101.5944267 102.180411633 6.34918020677 6.34965166873 6.38627572708
640 16777216 199800.928 199823.595 199824.764 107.468344014 107.468972721 107.481164852 6.71677150085 6.71681079504 6.71757280327
720 16777216 224475.545 225119.994 225262.338 107.249135628 107.316949555 107.625046817 6.70307097674 6.70730934721 6.72656542609
800 16777216 235855.903 236419.42 236485.795 113.510181869 113.542049972 113.813329489 7.09438636684 7.09637812325 7.11333309305
880 16777216 260918.824 261093.881 261294.598 113.00616387 113.093037826 113.168914789 7.06288524189 7.06831486411 7.07305717429
960 8388608 136738.733 136763.491 136768.034 117.762366607 117.766278429 117.787601264 7.36014791293 7.3603924018 7.36172507902
1040 8388608 148979.849 149005.616 149013.403 117.092182909 117.09830212 117.118555007 7.31826143183 7.31864388252 7.31990968792
1120 8388608 153988.297 154048.562 154084.88 121.94890193 121.977652216 122.025389501 7.62180637062 7.6236032635 7.6265868438
1200 8388608 166932.01 167249.488 167292.87 120.343797079 120.375012448 120.603946481 7.52148731742 7.52343827803 7.53774665506
1280 8388608 173505.862 173543.966 173651.461 123.666316173 123.74291642 123.770091872 7.72914476084 7.73393227627 7.73563074197
1360 8388608 185498.442 185513.147 185529.851 122.982978949 122.994052599 123.003802695 7.68643618433 7.68712828746 7.68773766844
1440 8388608 189316.93 189345.844 189380.355 127.569678703 127.592930109 127.612417125 7.97310491893 7.97455813184 7.97577607032
1520 8388608 205047.873 205110.377 205119.932 124.324184741 124.329976342 124.367875399 7.7702615463 7.7706235214 7.77299221241
1600 8388608 210309.269 210356.899 210978.118 127.233790189 127.609532787 127.638433283 7.95211188679 7.97559579921 7.97740208017
1760 8388608 226499.215 227006.506 227057.55 130.045885548 130.075127274 130.366456943 8.12786784672 8.12969545463 8.14790355896
1920 4194304 123556.43 123579.786 123580.81 130.328708478 130.329788401 130.354424776 8.14554427989 8.14561177505 8.14715154849
2080 4194304 131440.596 131443.645 131492.943 132.693848369 132.743615258 132.746694484 8.29336552305 8.29647595363 8.29666840525
2240 4194304 141967.378 142002.67 142031.236 132.29823558 132.324849385 132.357744326 8.26863972373 8.27030308655 8.27235902039
2400 4194304 149853.81 149897.441 149946.505 134.265611593 134.309559027 134.348664208 8.39160072454 8.39434743919 8.39679151301
2640 4194304 168227.699 168257.36 168292.83 131.591613974 131.619354541 131.642560955 8.22447587339 8.22620965882 8.22766005971
2880 4194304 178808.669 178863.177 178870.644 135.065153788 135.070792352 135.111967306 8.44157211174 8.441924522 8.44449795664
3120 4194304 194548.97 194583.283 194599.471 134.493977941 134.505166921 134.528889873 8.40587362131 8.40657293258 8.40805561705
3360 4194304 205066.448 205073.872 205094.204 137.428178516 137.4418038 137.446779592 8.58926115728 8.59011273752 8.59042372451
3680 2097152 111726.033 111742.694 111752.081 138.118579823 138.130182542 138.150781027 8.63241123895 8.6331364089 8.63442381419
4000 2097152 120935.79 120949.211 120962.038 138.698192238 138.712901567 138.728295404 8.66863701486 8.66955634791 8.67051846273
4400 2097152 134057.601 134115.423 134141.161 137.578484206 137.6048868 137.664238822 8.59865526287 8.60030542498 8.60401492639
4800 2097152 144604.543 144626.893 144634.938 139.196375913 139.204118836 139.225634149 8.69977349456 8.70025742723 8.70160213431
5280 2097152 184009.814 184038.352 184065.425 120.315508032 120.33320707 120.351869493 7.519719252 7.52082544186 7.52199184333
5760 2097152 195859.27 195874.774 195891.643 123.329360406 123.339981697 123.349745151 7.70808502535 7.70874885604 7.70935907195
6320 2097152 211666.443 211751.22 212749.102 124.597476703 125.184644887 125.234784051 7.78734229393 7.82404030541 7.8271740032
6880 2097152 227391.615 227426.306 227504.66 126.84052942 126.884229127 126.90358666 7.92753308877 7.93026432043 7.93147416627
7520 1048576 122908.404 122917.847 122954.22 128.26386146 128.301816416 128.311673789 8.01649134125 8.01886352598 8.01947961183
8240 1048576 133425.328 133462.553 133477.812 129.463708021 129.478509826 129.514633683 8.09148175129 8.09240686412 8.09466460521
9040 1048576 145252.605 145284.466 145305.238 130.471924763 130.490578945 130.51920191 8.15449529769 8.15566118404 8.1574501194
9920 1048576 157733.596 157745.038 157751.292 131.876877687 131.882106111 131.891672843 8.24230485542 8.24263163194 8.24322955269
10880 1048576 171572.205 171598.479 171601.841 132.964854147 132.967459228 132.987821425 8.31030338422 8.31046620174 8.31173883905
11920 1048576 186655.612 186668.021 186739.744 133.865728337 133.91716324 133.92606615 8.36660802105 8.36982270252 8.37037913438
13040 1048576 202426.769 202471.537 202477.369 135.061326681 135.065216994 135.095087547 8.44133291756 8.44157606212 8.44344297171
14320 524288 110454.393 110470.736 110473.092 135.92095639 135.923855165 135.943966665 8.49505977437 8.49524094779 8.49649791657
15680 524288 120267.169 120284.97 120298.184 136.674313222 136.689327686 136.709559364 8.54214457635 8.54308298036 8.54434746028
17200 524288 131121.45 131147.133 131151.787 137.51629019 137.521170211 137.548106736 8.59476813686 8.5950731382 8.59675667101
18880 524288 143278.203 143292.582 143354.625 138.098892031 138.158686261 138.17255148 8.63118075193 8.63491789128 8.63578446751
20720 524288 156437.163 156452.958 156471.551 138.852683323 138.869184691 138.883205904 8.67829270766 8.67932404321 8.68020036901
22720 524288 170903.186 170921.198 170977.688 139.337752187 139.383803757 139.398493835 8.70860951167 8.71148773483 8.71240586469
24960 524288 186969.059 186984.43 187011.073 139.95137582 139.971317184 139.982824431 8.74696098878 8.748207324 8.74892652693
27440 524288 204715.382 204737.203 206431.772 139.382252844 140.535891955 140.550871942 8.71139080277 8.78349324719 8.78442949636
30160 262144 112230.433 112251.515 112262.757 140.852821564 140.866927988 140.893389229 8.80330134775 8.80418299922 8.80583682681
33120 262144 122744.514 122762.003 122799.032 141.405174595 141.447826979 141.467980883 8.83782341216 8.84048918622 8.84174880516
36400 262144 134616.118 134622.19 134638.921 141.742692665 141.760308609 141.766702855 8.85891829154 8.86001928805 8.86041892844
40000 262144 147538.512 147569.195 147591.35 142.09179603 142.113128692 142.142683396 8.88073725188 8.88207054325 8.88391771228
44000 262144 161842.739 161875.43 161915.949 142.473129685 142.5087921 142.53757779 8.90457060533 8.90679950626 8.90859861189
48400 262144 177813.595 177849.196 177856.488 142.674239694 142.680089484 142.708656219 8.91713998086 8.91750559277 8.91929101372
53200 262144 195018.758 195058.627 195061.06 142.991746277 142.993529838 143.022762969 8.9369841423 8.93709561485 8.93892268558
58480 131072 106964.398 106985.661 107008.892 143.260815372 143.291923205 143.3204076 8.95380096077 8.95574520028 8.95752547497
64320 131072 117479.418 117496.94 117501.964 143.49634258 143.502478277 143.523881605 8.96852141127 8.96890489233 8.97024260028
70720 131072 129001.86 129032.629 129033.788 143.674179975 143.675470489 143.709739379 8.97963624845 8.97971690556 8.98185871118
77760 131072 141632.862 141675.172 141715.832 143.839380204 143.88066132 143.923642805 8.98996126276 8.99254133251 8.99522767534
85520 131072 155613.467 155639.432 155658.495 144.023972993 144.04161331 144.06564748 9.00149831206 9.0026008319 9.00410296752
94000 131072 170858.428 170886.061 171317.205 143.83573442 144.198630689 144.221951989 8.98973340127 9.01241441805 9.01387199934
103360 131072 187670.739 187691.958 187760.296 144.307419711 144.359961549 144.376283614 9.01921373196 9.02249759683 9.0235177259
113680 131072 206204.547 206249.66 206304.385 144.449328695 144.48765598 144.519266687 9.02808304341 9.03047849873 9.03245416795
125040 65536 113349.771 113367.841 113415.526 144.506166466 144.566948929 144.58999551 9.03163540413 9.03543430804 9.0368747194
137520 65536 124518.487 124538.332 125065.57 144.124569536 144.734726654 144.757793596 9.00778559599 9.04592041589 9.04736209973
151200 65536 136819.774 136850.212 136926.4 144.735320581 144.815898422 144.848115302 9.04595753631 9.05099365137 9.0530072064
166320 65536 150408.536 150433.598 150463.401 144.885034468 144.91373822 144.937884642 9.05531465423 9.05710863872 9.05861779015
182880 65536 165291.427 165307.118 165313.848 144.999633425 145.005536664 145.019301939 9.06247708903 9.06284604151 9.06370637117
201120 65536 181678.971 181711.1 181727.6 145.05887185 145.0720437 145.097698952 9.06617949062 9.06700273126 9.06860618448
221200 65536 199785.024 199814.088 213239.729 135.964937378 145.100511632 145.121620327 8.49780858613 9.06878197697 9.07010127045
243280 32768 109814.941 109913.928 116547.962 136.798600391 145.055302545 145.186055147 8.54991252442 9.06595640909 9.07412844669
267600 32768 125048.722 129985.421 130015.967 134.886768177 134.918465972 140.244804741 8.43042301104 8.43240412323 8.76530029631
294320 32768 132798.155 141390.06 141850.601 135.977961207 136.420873716 145.247164917 8.49862257545 8.52630460727 9.07794780733
323680 32768 146002.242 155311.97 155760.172 136.188168051 136.581182249 145.290183147 8.51176050319 8.53632389055 9.08063644666
356000 32768 175390.786 175410.071 175471.62 132.96062349 133.007277558 133.021902302 8.31003896812 8.31295484739 8.31386889389
391600 32768 194160.193 194277.888 194358.162 132.04435222 132.098911843 132.178986864 8.25277201376 8.2561819902 8.26118667898
430720 32768 214418.559 214860.09 214860.438 131.376749404 131.37696219 131.647493816 8.21104683776 8.21106013685 8.2279683635
473760 16384 114324.771 116167.39 116193.378 133.606303106 133.636192394 135.790061456 8.35039394414 8.35226202465 8.48687884098
521120 16384 124672.207 125032.186 125357.321 136.219089749 136.57331529 136.967657595 8.51369310932 8.53583220564 8.56047859969
573200 16384 136747.279 137122.758 137547.43 136.553751677 136.976661453 137.352770288 8.5346094798 8.56104134078 8.584548143
630480 16384 150416.946 150751.645 151213.674 136.625002842 137.043736007 137.348677721 8.53906267763 8.56523350044 8.58429235759
693520 16384 164837.786 165310.336 166549.942 136.447140642 137.470311354 137.864405434 8.52794629013 8.59189445964 8.61652533965
762800 16384 181052.37 181638.935 182966.51 136.612052118 137.610531575 138.056355738 8.53825325739 8.60065822341 8.62852223365
839040 16384 198923.157 199562.195 200991.383 136.790255929 137.769895345 138.212479304 8.54939099553 8.61061845907 8.63827995652
922880 8192 109323.544 109574.223 109593.609 137.9685007 137.992910249 138.309328135 8.62303129373 8.62455689054 8.64433300845
1015120 8192 119962.48 120208.096 120215.673 138.349066016 138.357786484 138.641065773 8.64681662598 8.64736165524 8.66506661083
1116560 8192 131862.366 132247.734 132284.255 138.290978318 138.329168196 138.733435437 8.64318614487 8.64557301224 8.6708397148
1228160 8192 144861.29 145243.552 145286.164 138.500273433 138.540907069 138.906490754 8.65626708955 8.65880669181 8.68165567213
1350960 8192 159269.793 159588.108 159613.63 138.673173713 138.695350909 138.972546037 8.66707335708 8.66845943183 8.68578412731
1486000 8192 175216.286 175591.509 175702.778 138.56709767 138.654905005 138.951832366 8.66044360437 8.66593156278 8.68448952285
1634560 8192 192334.273 192663.436 192700.457 138.975441247 139.002145898 139.240035706 8.68596507791 8.6876341186 8.70250223162
1798000 8192 211294.519 211765.792 211790.513 139.092311467 139.10854875 139.418817579 8.6932694667 8.69428429687 8.71367609872
1977760 4096 116331.811 116592.273 116653.15 138.888747711 138.961266498 139.272394891 8.68054673191 8.68507915615 8.7045246807
2175520 4096 127820.016 128106.462 128155.309 139.064545816 139.117571134 139.429335074 8.6915341135 8.69484819587 8.71433344211
2393040 4096 140526.576 140844.622 140928.753 139.104215873 139.187307273 139.50232218 8.69401349205 8.69920670453 8.71889513625
2632320 4096 154610.559 154900.457 154900.537 139.211689369 139.211761267 139.472786202 8.70073058559 8.70073507917 8.71704913763
2895520 4096 169758.387 170062.671 170213.251 139.35518945 139.47857987 139.728588727 8.70969934062 8.71741124188 8.73303679541
3185040 4096 186672.867 186852.462 221620.765 117.731962887 139.638768474 139.773112715 7.35824768045 8.72742302962 8.73581954468
3503520 4096 205470.202 205927.902 241964.926 118.615686639 139.373225101 139.683689219 7.41348041493 8.71082656881 8.73023057621
3853840 2048 113086.944 113288.914 140674.312 112.211877318 139.336922587 139.585774287 7.0132423324 8.7085576617 8.72411089294
4239200 2048 124542.714 124798.851 158652.338 109.445366005 139.133998918 139.420144642 6.84033537533 8.69587493237 8.71375904013
4663120 2048 137660.518 138068.279 237561.833 80.4007078023 138.338361703 138.748130528 5.02504423764 8.64614760643 8.67175815799
5129360 2048 157734.139 157945.04 306008.892 68.6576733855 133.020059129 133.197915766 4.29110458659 8.31375369559 8.3248697354
5642240 2048 544898.348 551905.054 559500.043 41.3058324644 41.8742587561 42.4127089481 2.58161452903 2.61714117226 2.65079430925
6206400 2048 724892.606 731937.077 732460.701 34.7068646349 34.7316937464 35.0692146527 2.16917903968 2.17073085915 2.1918259158
6827040 2048 802291.434 809382.157 809421.176 34.5475960713 34.5492615548 34.8546109991 2.15922475446 2.15932884718 2.17841318745
7509680 1024 443240.173 446317.332 446442.361 34.4497430879 34.4593936585 34.6986252079 2.15310894299 2.15371210366 2.16866407549
8260640 1024 488715.466 491223.577 491605.682 34.4133343845 34.4401032689 34.6168515158 2.15083339903 2.15250645431 2.16355321974
9086640 1024 539577.231 540826.715 541330.396 34.377228505 34.4092445951 34.4889251266 2.14857678156 2.15057778719 2.15555782042
9995280 1024 595043.41 596500.819 596808.031 34.2996950053 34.3173601577 34.4014118903 2.14373093783 2.14483500986 2.15008824314
10994800 1024 659506.301 660810.599 661295.051 34.0503839639 34.0753469059 34.1427373262 2.12814899775 2.12970918162 2.13392108289
12094240 1024 732261.402 734101.739 735004.995 33.6990955007 33.7405596583 33.8253572459 2.10619346879 2.10878497864 2.11408482787
13303600 1024 813723.569 855743.998 856500.651 31.8105686997 31.8386957591 33.4828359875 1.98816054373 1.98991848494 2.09267724922
14633920 1024 908320.802 1048302.004 1090483.155 27.4834764963 28.5893454803 32.9952458361 1.71771728102 1.78683409252 2.06220286475
16097280 512 505238.643 639479.816 642264.689 25.6648310304 25.7765988974 32.625403754 1.6040519394 1.61103743109 2.03908773463
17706960 512 613601.251 719594.019 721353.508 25.1359795702 25.1974398915 29.5500164161 1.57099872314 1.57483999322 1.84687602601
19477600 512 806863.014 853476.956 855967.979 23.3011781858 23.3691867833 24.7192671543 1.45632363661 1.46057417396 1.54495419714
21425360 512 1021645.809 1024713.754 1026466.768 21.3738713458 21.4104363822 21.4747307205 1.33586695911 1.33815227389 1.34217067003
23567840 512 1148760.119 1163996.014 1195717.398 20.1832541706 20.7332910678 21.0082747136 1.26145338566 1.29583069174 1.3130171696
25924560 512 1266292.668 1287213.361 1345084.012 19.7361274115 20.6234259559 20.9641500033 1.23350796322 1.28896412224 1.3102593752
28516960 512 1393194.99 1417828.821 1490280.588 19.5945429841 20.5958340016 20.9600000356 1.22465893651 1.2872396251 1.31000000223
31368640 256 769354.088 782828.335 824888.871 19.4701907671 20.5163034626 20.8756201215 1.21688692294 1.28226896641 1.30472625759
34505440 256 846187.426 861029.939 908349.906 19.4493170124 20.5182009124 20.8780995051 1.21558231328 1.28238755703 1.30488121907
37955920 256 931302.02 947544.154 999214.708 19.4487039516 20.509261714 20.8669482323 1.21554399698 1.28182885713 1.30418426452
41751440 256 1024077.274 1042127.69 1099031.732 19.4505187226 20.5125892778 20.8741447767 1.21565742016 1.28203682986 1.30463404854
45926560 256 1126381.424 1146109.539 1209363.664 19.4436127196 20.5167114659 20.8760533679 1.21522579498 1.28229446662 1.30475333549
50519200 256 1239217.948 1260480.993 1330043.521 19.4473564147 20.5206032805 20.8727047907 1.21545977592 1.28253770503 1.30454404942
55571120 256 1363302.413 1387242.764 1463220.895 19.4450568176 20.5100463872 20.870214245 1.2153160511 1.2818778992 1.30438839031
61128160 128 755467.875 768578.192 810856.595 19.2991079514 20.3607246769 20.7140627389 1.20619424696 1.27254529231 1.29462892118
67240960 128 831302.188 845345.539 892059.65 19.2965635874 20.3628989163 20.7068933638 1.20603522421 1.27268118227 1.29418083524
73965040 128 914288.664 930199.536 981485.87 19.2922290771 20.3559016181 20.7101443839 1.20576431732 1.27224385113 1.29438402399
81361520 128 1005560.49 1022707.995 1079072.816 19.3022646954 20.3660763599 20.7133726187 1.20639154346 1.27287977249 1.29458578867
89497600 128 1106154.834 1125049.411 1187091.54 19.3004371002 20.3647816496 20.7126388601 1.20627731877 1.2727988531 1.29453992876
98447360 128 1216754.649 1237652.081 1305459.175 19.3054862554 20.3631735824 20.712905581 1.20659289096 1.2726983489 1.29455659881
108292080 128 1339735.396 1363272.201 1436249.619 19.3021965773 20.3354637905 20.6927222814 1.20638728608 1.2709664869 1.29329514259
119121280 64 748568.399 761247.611 802306.614 19.0046094273 20.0296508254 20.368911993 1.18778808921 1.25185317659 1.27305699956
131033360 64 823027.168 837437.594 882370.648 19.008191306 20.0280835255 20.378756294 1.18801195663 1.25175522034 1.27367226837
144136640 64 905518.262 922332.263 970547.601 19.0093612111 20.0030842031 20.3745089351 1.1880850757 1.25019276269 1.27340680844
158550240 64 996120.397 1013186.082 1067722.199 19.0072199857 20.0303094175 20.3734717019 1.18795124911 1.2518943386 1.27334198137
174405200 64 1095433.254 1114485.111 1174789.919 19.0024320425 20.0306539582 20.3790285884 1.18765200266 1.25191587239 1.27368928678
191845680 64 1205055.075 1226069.304 1291600.417 19.0122631712 20.0284331072 20.3776968783 1.1882664482 1.2517770692 1.27360605489
211030240 64 1324108.855 1348771.524 1420450.43 19.0164120828 20.0270173557 20.4000378202 1.18852575517 1.25168858473 1.27500236376
232133200 64 1456419.65 1483673.657 1562679.602 19.0141661553 20.0266746395 20.4014341608 1.18838538471 1.25166716497 1.27508963505
255346480 32 825575.539 840545.334 885491.991 18.4554743421 19.4423477937 19.7948872611 1.15346714638 1.21514673711 1.23718045382
280881120 32 907798.141 924511.221 974140.679 18.4535889605 19.4442114619 19.8021904519 1.15334931003 1.21526321637 1.23763690325
308969200 32 998647.505 1016952.94 1071595.812 18.4528798812 19.4443892359 19.8008092956 1.15330499257 1.21527432725 1.23755058097
339866080 32 1098522.002 1118946.056 1179033.355 18.4485273701 19.4392115718 19.8006312849 1.15303296063 1.21495072324 1.23753945531
373852640 32 1208569.486 1230661.339 1296823.264 18.4501385996 19.4420416095 19.7974293056 1.15313366248 1.21512760059 1.2373393316
411237840 32 1329430.417 1353737.376 1426123.787 18.4550752185 19.4418963579 19.79736692 1.15344220116 1.21511852237 1.2373354325
452361600 32 1462369.177 1489436.478 1569167.179 18.4500050648 19.4376482835 19.7974238348 1.15312531655 1.21485301772 1.23733898967
497597760 16 852688.086 866974.114 913501.911 17.4308648162 18.366324972 18.674036358 1.08942905101 1.14789531075 1.16712727238
547357520 16 937706.407 953624.636 1004800.417 17.4317609185 18.367227501 18.6790241692 1.08948505741 1.14795171881 1.16743901058
602093200 16 1031489.975 1049506.235 1105167.376 17.4335424827 18.3581400067 18.678787838 1.08959640517 1.14738375042 1.16742423987
662302480 16 1134786.175 1154202.62 1216108.283 17.427460742 18.3621826816 18.6763637299 1.08921629637 1.1476364176 1.16727273312
728532720 16 1248291.121 1269407.931 1337620.937 17.428739634 18.3652917795 18.6759696098 1.08929622713 1.14783073622 1.16724810061
801385920 16 1372853.056 1396679.17 1471445.199 17.428001707 18.3609450122 18.6796025459 1.08925010669 1.14755906326 1.16747515912
881524480 16 1510137.959 1536274.578 1618157.911 17.432651763 18.3618109444 18.6796068478 1.08954073519 1.14761318403 1.16747542799
969676880 8 922979.093 938677.55 988693.549 15.6922537784 16.528391544 16.8095141024 0.980765861152 1.0330244715 1.0505946314
1066644560 8 1015132.829 1032556.901 1087816.369 15.6885973096 16.5282058001 16.811901332 0.980537331848 1.0330128625 1.05074383325
1173308960 8 1116623.257 1135610.986 1196304.33 15.6924478907 16.5311392646 16.8122446334 0.980777993172 1.03319620404 1.05076528959
1290639840 8 1228142.57 1249215.798 1315862.297 15.6933118968 16.5305605909 16.8142021492 0.980831993547 1.03316003693 1.05088763432
1419703760 8 1351139.132 1374511.308 1447824.307 15.6892380175 16.5260627743 16.8119327033 0.980577376092 1.03287892339 1.05074579396
1561674080 8 1485917.184 1511668.211 1592770.125 15.6876280436 16.5292787784 16.815732094 0.980476752727 1.03307992365 1.05098325587
1717841440 8 1634399.563 1662698.018 1751828.483 15.6895856568 16.5306404064 16.8168565767 0.980599103548 1.0331650254 1.05105353604
1889625520 4 1079119.974 1097324.917 1155914.072 13.0779653317 13.7762333889 14.0086408594 0.817372833229 0.861014586804 0.875540053714
2078588000 4 1187274.464 1207445.917 1271266.745 13.0804208207 13.7718002652 14.0057792062 0.817526301296 0.860737516577 0.87536120039
2286446800 4 1305937.718 1328227.054 1398255.85 13.0817077576 13.7714213431 14.0064676499 0.817606734848 0.860713833947 0.875404228121
2515091440 4 1436075.096 1460868.612 1537913.512 13.083135926 13.7731287774 14.0109187716 0.817695995378 0.86082054859 0.875682423226
2766600560 4 1579936.231 1606899.023 1691982.506 13.0809889591 13.7736125066 14.0086694929 0.817561809945 0.860850781661 0.875541843309
3043260560 4 1737766.514 1767536.669 1861254.349 13.0804715073 13.7740194628 14.0099859698 0.817529469209 0.860876216424 0.875624123115
3347586560 4 1911701.663 1943775.43 2046944.582 13.083252334 13.7776679686 14.0088241792 0.817703270874 0.861104248035 0.875551511198
3682345200 4 2099939.183 2138535.144 2251938.718 13.0815112172 13.7752057443 14.0283879831 0.817594451076 0.860950359018 0.876774248943
4050579680 2 1540272.901 1567914.406 1650173.673 9.81855363778 10.3336755234 10.5191221046 0.613659602361 0.64585472021 0.657445131536
4455637600 2 1693811.725 1725256.421 1815838.549 9.81505234032 10.3303776662 10.5221555247 0.61344077127 0.645648604139 0.657634720293
4901201360 2 1864079.292 1897237.208 1996917.594 9.81753353213 10.3333443796 10.5171520998 0.613595845758 0.645834023723 0.657322006236
5391321440 2 2049901.815 2086614.952 2196472.032 9.81814721327 10.3350576202 10.5201554544 0.613634200829 0.64594110126 0.657509715898
5930453520 2 2254910.553 2295700.031 2416320.974 9.81732738955 10.3331505683 10.5200687666 0.613582961847 0.645821910519 0.65750429791
6523498800 2 2480288.738 2524978.235 2657433.108 9.81924817654 10.3343446048 10.5205473864 0.613703011034 0.645896537797 0.657534211648
7175848640 2 2728596.647 2777524.407 2923043.911 9.81969324921 10.3341646567 10.5194714622 0.613730828076 0.645885291045 0.657466966388
7893433440 1 1500679.555 1527565.047 1607774.586 9.81907975003 10.3346609763 10.5198120594 0.613692484377 0.645916311019 0.657488253713
8682776720 1 1650622.163 1680435.31 1769239.005 9.81526712384 10.3339612877 10.5206108516 0.61345419524 0.64587258048 0.657538178227
9551054320 1 1815803.659 1848709.704 1945390.967 9.81916178497 10.3326707263 10.519919676 0.613697611561 0.645791920396 0.657494979748
10506159680 1 1997325.817 2033179.67 2139977.211 9.81894538502 10.33470857 10.520226185 0.613684086564 0.645919285628 0.657514136563
11556775600 1 2197115.804 2236738.118 2354080.137 9.81850653116 10.3335973997 10.5199512734 0.613656658197 0.645849837482 0.657496954585
12712453120 1 2416834.245 2460240.308 2589478.537 9.81854295246 10.3343182198 10.5199213776 0.613658934529 0.645894888736 0.657495086098
13983698400 1 2658229.728 2707176.448 2848152.616 9.81948672374 10.3308363297 10.5210608795 0.613717920234 0.645677270608 0.657566304969

META_DATA
HOSTNAME  localhost.localdomain
CONFIG  {'ERT_WORKING_SET_MIN': ['1'], 'ERT_CFLAGS': ['-O3'], 'ERT_CC': ['gcc'], 'ERT_MPI_CFLAGS': [], 'ERT_MPI_LDFLAGS': [], 'ERT_MEMORY_MAX': ['15000000000'], 'ERT_PROCS_THREADS': ['8,10,16'], 'ERT_LDFLAGS': [], 'ERT_LDLIBS': [], 'ERT_SPEC_GBYTES_DRAM': ['0'], 'ERT_RUN': ['export', 'KMP_AFFINITY=scatter;', 'export', 'OMP_NUM_THREADS=ERT_OPENMP_THREADS;', 'ERT_CODE'], 'ERT_FLOPS': ['1,2,4,8,16'], 'ERT_OPENMP_CFLAGS': ['-fopenmp'], 'ERT_SPEC_GFLOPS': ['0'], 'ERT_MPI': ['False'], 'ERT_TRIALS_MIN': ['1'], 'ERT_DRIVER': ['driver1'], 'ERT_RESULTS': ['Results.arm'], 'ERT_OPENMP': ['True'], 'ERT_MPI_PROCS': ['1'], 'ERT_KERNEL': ['kernel1'], 'ERT_OPENMP_THREADS': ['8,10,16'], 'ERT_LD': ['gcc'], 'ERT_NUM_EXPERIMENTS': ['4'], 'ERT_OPENMP_LDFLAGS': ['-fopenmp'], 'ERT_ALIGN': ['32'], 'ERT_GNUPLOT': ['gnuplot']}
MPI_PROCS      1
TIMESTAMP_DATA  1614746318.39
OPENMP_THREADS 10
FLOPS          1
UNAME  ('Linux', 'localhost.localdomain', '5.4.44-mlnx.14.gd7fb187', '#1 SMP PREEMPT Tue Sep 15 16:18:01 UTC 2020', 'aarch64', 'aarch64')
TIMESTAMP_DATA  1614746071.84
TIMESTAMP_DATA  1614745836.28
ERT_VERSION  1.0.0
TIMESTAMP_DATA  1614746556.21
