8 1073741824 42387581.16 42388508.28 42392164.445 0.405260486435 0.405295441645 0.405304306447 0.202630243217 0.202647720822 0.202652153223
16 536870912 26181516.249 26184485.115 26185243.685 0.656089719487 0.656108726544 0.656183126317 0.328044859744 0.328054363272 0.328091563159
24 536870912 26970033.687 26981895.988 26982006.286 0.955073670314 0.955077574514 0.955497648801 0.477536835157 0.477538787257 0.4777488244
32 268435456 13558870.792 13561169.939 13563600.956 1.26661564578 1.26684270319 1.26705751884 0.633307822891 0.633421351597 0.633528759421
40 268435456 16047228.858 16051564.195 16053420.247 1.33771097683 1.33786565715 1.33822709641 0.668855488413 0.668932828574 0.669113548203
48 268435456 20227053.22 20234188.044 20238788.337 1.2732878741 1.27357735927 1.27402659674 0.636643937051 0.636788679634 0.637013298371
56 134217728 11217194.47 11220223.4 11225234.276 1.33916007153 1.33975813138 1.34011990041 0.669580035765 0.669879065688 0.670059950204
64 134217728 13165291.669 13166345.843 13167111.106 1.30475614929 1.30483198519 1.30493646597 0.652378074647 0.652415992594 0.652468232985
72 134217728 14252799.034 14253070.747 14253626.378 1.35596039348 1.35601325322 1.35603910403 0.677980196739 0.678006626609 0.678019552016
80 134217728 16416946.208 16419244.917 16422671.761 1.3076335442 1.30790645907 1.30808959279 0.653816772098 0.653953229535 0.654044796393
88 134217728 17376723.514 17377761.534 17380170.956 1.35915349669 1.35934194296 1.35942314493 0.679576748347 0.679670971482 0.679711572466
96 134217728 19454409.959 19456816.766 19468609.253 1.32365920139 1.32446145153 1.32462530759 0.661829600695 0.662230725764 0.662312653797
104 134217728 20603629.68 20607333.477 20611380.732 1.35445983881 1.35472585306 1.3549693844 0.677229919407 0.677362926532 0.677484692202
112 67108864 11316311.67 11319047.33 11320959.206 1.32783673737 1.32806101943 1.32838207133 0.663918368685 0.664030509713 0.664191035665
120 67108864 11880772.944 11881578.37 11882910.315 1.35540258515 1.35555452806 1.35564642435 0.677701292573 0.677777264032 0.677823212173
128 67108864 12946065.16 12948116.125 12949357.313 1.32669666677 1.32682384203 1.32703404252 0.663348333386 0.663411921014 0.66351702126
136 67108864 13467921.777 13468439.178 13470554.718 1.35507493122 1.3552877781 1.35533984458 0.67753746561 0.677643889049 0.677669922288
144 67108864 14551116.576 14552229.981 14553822.672 1.32799150214 1.32813684619 1.32823847098 0.663995751068 0.664068423095 0.664119235491
152 67108864 15055671.134 15058247.218 15061087.401 1.35455655444 1.35481204158 1.3550438552 0.677278277219 0.677406020789 0.677521927599
160 67108864 16095155.751 16099743.556 16105249.779 1.33340598716 1.33386202117 1.33424222867 0.666702993579 0.666931010587 0.667121114335
176 67108864 17623799.645 17624375.928 17639253.512 1.33919046585 1.34032094098 1.34036476831 0.669595232926 0.67016047049 0.670182384157
192 67108864 19205242.962 19232399.783 19247627.621 1.3388561065 1.33991618658 1.34181087045 0.66942805325 0.669958093289 0.670905435224
208 67108864 20813406.672 20818281.312 20822643.211 1.34071775332 1.3409986639 1.34131273481 0.670358876659 0.670499331948 0.670656367407
224 33554432 11169980.526 11170589.162 11173558.286 1.34535348107 1.34571107378 1.34578439962 0.672676740535 0.672855536892 0.672892199812
240 33554432 11989420.738 11998640.473 12003656.938 1.34176838302 1.34232935775 1.34336159452 0.670884191509 0.671164678875 0.671680797261
264 33554432 13023331.906 13027441.739 13029570.446 1.35973324442 1.35995542724 1.36038459465 0.679866622212 0.67997771362 0.680192297327
288 33554432 14370343.733 14393408.057 14398491.532 1.34231789414 1.34279197501 1.34494714887 0.671158947069 0.671395987506 0.672473574436
312 33554432 15473677.963 15474458.935 15476119.162 1.35292093249 1.35306608496 1.35313437555 0.676460466246 0.676533042478 0.676567187777
336 33554432 16721710.001 16722398.038 16724358.01 1.34824776476 1.34840578802 1.34846126997 0.674123882379 0.67420289401 0.674230634984
368 33554432 18344900.332 18359740.549 18365140.908 1.34472488263 1.34512042183 1.34620856505 0.672362441315 0.672560210916 0.673104282527
400 33554432 19795370.025 19796239.123 19799968.307 1.35573679633 1.35599218787 1.35605172149 0.677868398166 0.677996093935 0.678025860747
440 33554432 21578293.732 21591770.526 21592723.537 1.36749308671 1.3675534447 1.36840755468 0.683746543353 0.68377672235 0.684203777341
480 16777216 11898000.125 11905242.478 11908782.555 1.35245792638 1.35286008578 1.3536835763 0.676228963188 0.676430042889 0.676841788149
528 16777216 13130455.73 13339446.495 13347653.225 1.3273299656 1.3281465691 1.34928600045 0.663664982801 0.664073284549 0.674643000224
576 16777216 14399458.351 14410306.292 14416158.202 1.34067291446 1.341217351 1.34222776724 0.67033645723 0.670608675498 0.671113883622
632 16777216 15835717.271 15845604.656 15846727.599 1.33821957193 1.33831440859 1.33915001519 0.669109785964 0.669157204297 0.669575007595
688 16777216 17286197.114 17299726.243 17323848.127 1.33258205953 1.33444014615 1.33548455243 0.666291029763 0.667220073073 0.667742276215
752 16777216 18776280.84 18832849.635 18864344.925 1.33759920974 1.33983615613 1.34387278711 0.668799604872 0.669918078067 0.671936393555
824 16777216 20520737.873 20526198.549 20572444.808 1.34397502222 1.34700304599 1.34736149056 0.671987511111 0.673501522993 0.673680745281
904 8388608 11276986.388 11277424.256 11279263.435 1.34464482999 1.34486412143 1.34491634043 0.672322414996 0.672432060713 0.672458170214
992 8388608 12412473.759 12420538.552 12428992.346 1.33904646561 1.33995786111 1.34082847587 0.669523232805 0.669978930556 0.670414237933
1088 8388608 13448498.549 13489197.12 13555483.094 1.34658505945 1.35320218436 1.35729731773 0.673292529725 0.676601092178 0.678648658863
1192 8388608 14762809.063 14768028.491 14776371.459 1.35340679053 1.35417137665 1.35465014732 0.676703395265 0.677085688323 0.677325073658
1304 8388608 16205453.111 16224347.164 16230377.972 1.34793470009 1.34843574554 1.35000789636 0.673967350044 0.67421787277 0.675003948182
1432 8388608 17697196.88 17699844.56 17704191.622 1.35702176213 1.35735504516 1.35755811923 0.678510881066 0.678677522578 0.678779059613
1568 8388608 19509996.919 19526470.023 19538272.973 1.34641760428 1.34723145848 1.34836898218 0.673208802138 0.673615729239 0.67418449109
1720 8388608 21211080.108 21227867.797 21265886.17 1.35695316383 1.35938341976 1.36045931528 0.678476581914 0.679691709878 0.680229657638
1888 4194304 11641921.441 11683255.75 11710031.678 1.35248924508 1.355588908 1.36040188763 0.676244622538 0.677794453999 0.680200943816
2072 4194304 12770639.022 12775546.087 12790482.794 1.35891631739 1.36050511326 1.36102788169 0.679458158693 0.680252556628 0.680513940847
2272 4194304 14001928.017 14029956.756 14032842.756 1.35816510649 1.35844448472 1.36116378779 0.679082553243 0.679222242358 0.680581893896
2496 4194304 15456119.376 15470555.84 15479755.817 1.35260309113 1.35340745249 1.35467157432 0.676301545565 0.676703726244 0.677335787161
2744 4194304 16898278.11 16913619.106 16920257.83 1.36040127658 1.36093524442 1.36217076096 0.68020063829 0.680467622208 0.68108538048
3016 4194304 18476800.906 18477363.262 18479099.92 1.36911656074 1.36924524183 1.36928691589 0.684558280369 0.684622620913 0.684643457943
3312 4194304 20445386.802 20469127.333 20488120.262 1.35605752703 1.35731578802 1.35889185981 0.678028763515 0.678657894008 0.679445929907
3640 2097152 11141058.125 11145062.098 11152520.106 1.36895216641 1.36986823633 1.37036055182 0.684476083203 0.684934118166 0.685180275908
4000 2097152 12324632.384 12339320.705 12340937.018 1.35947667309 1.35965474933 1.36127516645 0.679738336543 0.679827374663 0.680637583226
4400 2097152 13589201.088 13609920.016 13621559.831 1.35483291407 1.35599162804 1.3580590559 0.677416457035 0.67799581402 0.67902952795
4840 2097152 14888315.635 14907427.807 14908472.237 1.36167080284 1.36176620292 1.36351430596 0.680835401418 0.680883101459 0.681757152981
5320 2097152 16270443.077 16277861.091 16347354.988 1.36497294494 1.37080032538 1.37142530012 0.682486472472 0.685400162689 0.685712650061
5848 2097152 17991917.573 18025303.13 18045718.233 1.3592304543 1.36076989192 1.36329491798 0.67961522715 0.680384945959 0.68164745899
6432 2097152 19821197.026 19843419.795 19864296.944 1.35810310348 1.35953195602 1.36105621132 0.679051551738 0.679765978009 0.680528105659
7072 2097152 21694108.554 21701350.481 21724349.055 1.36538580801 1.36683281135 1.36728908746 0.682692904006 0.683416405674 0.683644543729
7776 1048576 11977080.984 11985112.725 11987901.737 1.3603259611 1.36064251761 1.36155495432 0.680162980552 0.680321258806 0.680777477158
8552 1048576 13139525.933 13154955.75 13311417.82 1.3473278464 1.36335265924 1.36495365171 0.673663923202 0.681676329622 0.682476825856
9400 1048576 14325143.936 14327557.597 14640332.706 1.34650142151 1.37589597296 1.37612779935 0.673250710755 0.687947986478 0.688063899674
10336 1048576 15969587.266 15981741.249 16136329.048 1.34331439372 1.3563079726 1.35734021869 0.671657196861 0.678153986298 0.678670109344
11368 1048576 17397785.115 17433371.447 17711688.422 1.34602773987 1.3675165477 1.37031373697 0.673013869937 0.683758273851 0.685156868487
12504 1048576 19213376.817 19233682.363 19441373.88 1.34881355453 1.36337847912 1.36481935777 0.674406777264 0.681689239561 0.682409678886
13752 1048576 21065539.179 21119834.615 21419762.177 1.34642177937 1.36554262047 1.36906224232 0.673210889684 0.682771310234 0.684531121158
15120 524288 11675754.214 11682321.085 11756103.833 1.34861594838 1.3571334844 1.35789678589 0.67430797419 0.678566742201 0.678948392944
16632 524288 12669842.447 12869673.235 12925817.14 1.34923122021 1.35511723674 1.37649036323 0.674615610104 0.677558618372 0.688245181617
18288 524288 14113203.597 14131434.48 14190080.244 1.35139178625 1.3570000919 1.35875301141 0.675695893126 0.678500045949 0.679376505703
20112 524288 15379002.145 15518211.606 15595234.751 1.35226951365 1.35898137282 1.3712827603 0.676134756825 0.679490686409 0.685641380148
22120 524288 16844269.807 17045537.31 17179734.07 1.35010827441 1.36073745862 1.37699653269 0.675054137203 0.680368729309 0.688498266347
24328 524288 18650028.605 18729717.611 18864274.711 1.3522787024 1.36199367539 1.36781328695 0.676139351202 0.680996837694 0.683906643477
26760 524288 20390337.228 20716976.4 20831968.272 1.34696315747 1.35443962566 1.37613681649 0.673481578736 0.677219812829 0.688068408243
29432 262144 11348197.827 11442650.075 11462126.698 1.3462461917 1.34853764774 1.35976166888 0.673123095852 0.674268823868 0.679880834439
32368 262144 12440062.982 12543991.071 12559093.615 1.35122441987 1.35285124869 1.36415338158 0.675612209934 0.676425624347 0.682076690791
35600 262144 13769185.177 13814028.044 13816101.121 1.35093487204 1.35113760741 1.35553793199 0.67546743602 0.675568803703 0.677768965994
39160 262144 15168748.309 15198137.821 15211868.912 1.34967755762 1.35089695342 1.3535143218 0.674838778811 0.675448476708 0.6767571609
43072 262144 16667761.718 16722486.79 16744808.624 1.34860500607 1.35040517715 1.35483894707 0.674302503035 0.675202588574 0.677419473534
47376 262144 18332803.174 18405766.728 18429552.586 1.34776295692 1.34950467726 1.35487563207 0.673881478459 0.67475233863 0.677437816035
52112 262144 20147684.6 20218158.563 20243974.793 1.34962113594 1.35134444469 1.35607127064 0.674810567968 0.675672222346 0.678035635321
57320 131072 11074112.227 11109082.318 11127205.357 1.35039244787 1.35259543947 1.35686669703 0.675196223935 0.676297719734 0.678433348515
63048 131072 12152892.474 12192082.275 12214405.319 1.35312808773 1.35560559215 1.35997705463 0.676564043863 0.677802796077 0.679988527314
69352 131072 13388270.243 13392287.265 13434076.428 1.35329069962 1.35751349476 1.35792080366 0.67664534981 0.678756747382 0.67896040183
76280 131072 14708317.655 14710017.933 14778044.109 1.35311169547 1.35936913273 1.35952627547 0.676555847733 0.679684566364 0.679763137737
83904 131072 16193595.185 16193975.868 16246714.673 1.35380786939 1.35821680576 1.35824873505 0.676903934694 0.67910840288 0.679124367527
92288 131072 17806239.943 17806938.16 17866162.311 1.3541097999 1.3586134379 1.35866671175 0.677054899952 0.679306718949 0.679333355875
101512 131072 19593942.211 19595223.225 19653429.964 1.35400089332 1.35802289275 1.35811167765 0.677000446659 0.679011446373 0.679055838826
111656 131072 21550116.511 21550680.197 21602603.316 1.35492699819 1.35819149078 1.35822701697 0.677463499094 0.679095745388 0.679113508483
122816 65536 11834399.205 11835359.287 11837080.38 1.35994166088 1.36013942303 1.36024976622 0.679970830442 0.680069711516 0.680124883112
135096 65536 13017980.632 13019149.097 13020921.683 1.3599116363 1.36009679128 1.36021887054 0.679955818148 0.680048395639 0.680109435271
148600 65536 14319177.817 14319725.75 14322750.56 1.35988538782 1.36017264157 1.3602246895 0.679942693912 0.680086320787 0.680112344749
163456 65536 15757355.629 15758229.939 15759401.868 1.35947449094 1.35957559415 1.35965103133 0.679737245469 0.679787797073 0.679825515665
179800 65536 17320456.127 17321151.399 17323650.371 1.3603798908 1.3605761567 1.36063077249 0.680189945401 0.680288078348 0.680315386246
197776 65536 19059917.841 19060721.373 19061508.9 1.35996032675 1.36001651589 1.36007385175 0.679980163375 0.680008257943 0.680036925874
217552 65536 20957576.125 20958469.031 20962283.877 1.36029909295 1.36054669365 1.36060466029 0.680149546474 0.680273346823 0.680302330144
239304 32768 11525831.194 11527178.313 11529159.381 1.36029231844 1.36052609912 1.36068511503 0.680146159218 0.680263049558 0.680342557514
263232 32768 12679399.918 12679668.79 12681373.967 1.36035514739 1.36053808958 1.36056694036 0.680177573696 0.680269044788 0.680283470179
289552 32768 13946945.167 13947341.992 13951557.138 1.36014064124 1.36055170103 1.36059041208 0.680070320621 0.680275850513 0.680295206039
318504 32768 15337151.717 15337456.443 15347977.299 1.36001492166 1.36094783523 1.3609748752 0.680007460832 0.680473917614 0.680487437601
350352 32768 16871570.228 16872520.022 16884115.666 1.35989761775 1.36083220776 1.36090881653 0.679948808875 0.68041610388 0.680454408265
385384 32768 18556244.285 18557554.677 18573823.387 1.35979142785 1.36098350583 1.36107961482 0.679895713924 0.680491752917 0.680539807412
423920 32768 20415899.679 20416198.298 20435589.93 1.35949200464 1.36078327191 1.3608031758 0.679746002322 0.680391635957 0.6804015879
466312 16384 11227087.115 11227181.357 11242228.948 1.35917100485 1.36099267751 1.36100410191 0.679585502425 0.680496338757 0.680502050954
512936 16384 12348400.93 12348846.082 12364792.898 1.35933427973 1.36108967076 1.36113873718 0.679667139864 0.680544835379 0.680569368588
564224 16384 13582720.955 13600774.58 13614973.762 1.3579528213 1.35937052138 1.36117734387 0.678976410649 0.67968526069 0.680588671933
620640 16384 14941775.865 14963013.426 15046729.917 1.35159809687 1.35916014649 1.36109199494 0.675799048437 0.679580073245 0.680545997469
682704 16384 16437525.535 16468381.735 16579343.392 1.34932030437 1.35841183621 1.36096182022 0.674660152187 0.679205918104 0.680480910109
750968 16384 18092336.127 18144189.685 18260924.561 1.34756152909 1.35623138047 1.36011840877 0.673780764544 0.678115690235 0.680059204385
826064 16384 19927719.44 20050895.627 20118348.21 1.34546160895 1.34998783374 1.3583323086 0.672730804474 0.674993916869 0.679166154298
908664 16384 22037636.496 22178485.482 22197475.683 1.34137333349 1.34252187672 1.35110232703 0.670686666746 0.671260938358 0.675551163515
999528 8192 12191954.431 12227254.189 12241338.948 1.33778394844 1.339324962 1.34320275266 0.668891974218 0.669662480998 0.671601376329
1099480 8192 13432145.735 13441772.188 13477286.982 1.33661027951 1.34014176613 1.34110220924 0.668305139753 0.670070883067 0.670551104618
1209424 8192 14694816.118 14731220.594 14746976.001 1.34367905764 1.34511615582 1.34844850435 0.671839528818 0.672558077912 0.674224252174
1330360 8192 16127425.157 16148777.705 16205809.105 1.34498796689 1.34973795777 1.35152499719 0.672493983447 0.674868978884 0.675762498595
1463392 8192 17735330.378 17756138.353 17804482.055 1.34663925937 1.3503056831 1.35188992914 0.673319629685 0.675152841551 0.67594496457
1609728 8192 19503294.162 19518228.655 19551287.105 1.34895382643 1.35123857898 1.35227327922 0.674476913217 0.67561928949 0.676136639609
1770696 8192 21439966.349 21462028.654 21467251.19 1.35141118009 1.35174003034 1.35313100738 0.675705590046 0.675870015172 0.67656550369
1947760 4096 11791037.903 11801518.36 11807535.378 1.35134466332 1.35203364798 1.35323540228 0.675672331659 0.676016823991 0.676617701141
2142536 4096 12971198.798 12983229.494 12988651.794 1.35130690932 1.35187126748 1.35312511861 0.675653454661 0.675935633739 0.676562559303
2356784 4096 14269747.25 14280160.869 14288866.979 1.35117602791 1.35199979224 1.35298643976 0.675588013954 0.675999896119 0.676493219878
2592456 4096 15696682.121 15708558.565 15716434.422 1.3512861112 1.35196361042 1.35298653488 0.675643055599 0.675981805209 0.67649326744
2851696 4096 17268980.479 17280279.221 17289980.977 1.35113472149 1.35189329601 1.35277781224 0.675567360747 0.675946648004 0.67638890612
3136864 4096 18994328.049 19008696.745 19017660.69 1.35122769866 1.35186489809 1.35288754736 0.675613849329 0.675932449045 0.676443773681
3450544 4096 20896468.571 20908492.304 20921026.832 1.35112184861 1.35193183884 1.35270973428 0.675560924303 0.675965919422 0.676354867138
3795592 2048 11495680.535 11499003.043 11504634.343 1.35134628085 1.35200806312 1.3523988236 0.675673140427 0.676004031561 0.676199411799
4175144 2048 12645075.316 12649905.841 12655957.97 1.35125210312 1.35189858636 1.35241502297 0.675626051562 0.675949293179 0.676207511487
4592656 2048 13909155.759 13916336.846 13920841.621 1.35132052272 1.35175795069 1.3524558429 0.67566026136 0.675878975343 0.676227921448
5051920 2048 15303323.783 15308669.361 15313275.026 1.3512892758 1.35169581575 1.35216797432 0.6756446379 0.675847907876 0.676083987159
5557112 2048 16833985.764 16839939.705 16844793.334 1.35127396939 1.35166343531 1.35214149941 0.675636984695 0.675831717653 0.676070749706
6112816 2048 18515987.523 18528055.158 18532027.33 1.35107152014 1.35136117215 1.35224191013 0.675535760069 0.675680586076 0.676120955064
6724096 2048 20374118.996 20386806.459 20389073.176 1.35081653679 1.35096672799 1.35180800806 0.675408268396 0.675483363993 0.675904004031
7396504 1024 11209187.235 11215191.763 11217823.707 1.35035463096 1.3506715277 1.35139505429 0.675177315478 0.675335763851 0.675697527145
8136152 1024 12334130.726 12341043.81 12342885.177 1.34999548785 1.35019691628 1.35095368017 0.674997743925 0.675098458142 0.675476840086
8949760 1024 13568622.386 13573788.977 13578934.119 1.34981938342 1.35033103219 1.35084520437 0.67490969171 0.675165516093 0.675422602184
9844736 1024 14925781.27 14932110.154 14933662.655 1.35010544926 1.35024582059 1.35081835673 0.675052724632 0.675122910294 0.675409178363
10829208 1024 16418539.468 16426356.081 16427565.651 1.3500611384 1.35016055141 1.35080334199 0.675030569202 0.675080275706 0.675401670996
11912128 1024 18061223.348 18068201.921 18073546.397 1.34982020729 1.35021947677 1.35074118037 0.674910103643 0.675109738386 0.675370590185
13103336 1024 19866684.224 19874294.217 19878581.946 1.34997718655 1.35026843394 1.35078565831 0.674988593273 0.675134216969 0.675392829156
14413664 1024 21852160.16 21865893.073 21869573.532 1.3497832424 1.35001043742 1.35085884672 0.674891621202 0.675005218709 0.675429423358
15855024 512 12015551.633 12020042.655 12022305.456 1.35045184432 1.35070607002 1.35121091997 0.675225922159 0.67535303501 0.675605459986
17440520 512 13215302.317 13223132.641 13226926.664 1.35020726535 1.35059467109 1.35139492473 0.675103632676 0.675297335543 0.675697462366
19184568 512 14537081.312 14544954.858 14548162.355 1.35034220492 1.35063998643 1.35137151746 0.675171102461 0.675319993214 0.675685758729
21103024 512 15990305.478 15999238.728 16002540.545 1.35037911732 1.35065779962 1.35141236706 0.675189558659 0.675328899811 0.675706183529
23213320 512 17592386.209 17598039.408 17602423.53 1.3504072118 1.35074363279 1.35117768548 0.675203605898 0.675371816397 0.675588842742
25534648 512 19351813.864 19359044.459 19361706.131 1.35047393939 1.35065961584 1.35116427513 0.675236969694 0.675329807919 0.675582137565
28088112 512 21286757.025 21292540.945 21298724.76 1.35042013135 1.3508123226 1.35117935786 0.675210065675 0.675406161301 0.675589678931
30896920 256 11696828.725 11701627.098 11704938.038 1.35149993863 1.35188234145 1.35243692217 0.675749969314 0.675941170724 0.676218461085
33986608 256 12870149.414 12873206.299 12875692.644 1.35147240441 1.35173342925 1.35205448952 0.675736202204 0.675866714625 0.67602724476
37385264 256 14152314.467 14157018.159 14163960.091 1.35140561291 1.35206827829 1.35251765445 0.675702806455 0.676034139146 0.676258827227
41123784 256 15567546.649 15573854.077 15579539.095 1.35147627151 1.35196960906 1.35251738008 0.675738135756 0.675984804529 0.676258690041
45236160 256 17124402.534 17130384.845 17145605.742 1.35083672566 1.35203698747 1.35250931377 0.675418362831 0.676018493734 0.676254656886
49759776 256 18839872.984 18844497.921 18864602.552 1.35051906033 1.35195988871 1.35229177679 0.675259530164 0.675979944353 0.676145888394
54735752 256 20726654.204 20729193.772 20740772.308 1.35118907859 1.3519438012 1.35210945038 0.675594539293 0.675971900602 0.67605472519
60209320 128 11379905.258 11381322.754 11385280.735 1.3538169395 1.35428774433 1.3544564362 0.67690846975 0.677143872165 0.677228218098
66230248 128 12517674.738 12520240.993 12521978.619 1.35401472913 1.35420264654 1.35448027232 0.677007364566 0.677101323268 0.677240136162
72853272 128 13770475.778 13772727.918 13775501.113 1.35388451418 1.35415712436 1.35437859466 0.676942257091 0.677078562179 0.67718929733
80138592 128 15144727.802 15148069.219 15150636.661 1.35410016167 1.35432966772 1.35462847667 0.677050080833 0.677164833861 0.677314238335
88152448 128 16661168.536 16663219.055 16669249.544 1.35381179749 1.35430174767 1.35446842394 0.676905898746 0.677150873835 0.677234211971
96967688 128 18325380.51 18330711.433 18335561.174 1.35385701547 1.35421520429 1.35460915065 0.676928507735 0.677107602144 0.677304575325
106664456 128 20162261.713 20166673.425 20169408.259 1.35383747433 1.35402107033 1.35431734419 0.676918737163 0.677010535167 0.677158672095
117330896 64 11052525.15 11054797.827 11057565.588 1.35819720611 1.35853725441 1.35881660382 0.679098603055 0.679268627207 0.679408301912
129063984 64 12157076.265 12160556.095 12162214.184 1.35832091937 1.35850612611 1.35889498362 0.679160459686 0.679253063057 0.67944749181
141970376 64 13373366.012 13377285.826 13378157.061 1.35834913921 1.35843760568 1.35883577191 0.679174569604 0.679218802841 0.679417885957
156167408 64 14710846.385 14713997.217 14716535.239 1.35829717385 1.35853146696 1.35882244304 0.679148586925 0.679265733478 0.679411221518
171784144 64 16177540.094 16185090.002 16190156.042 1.3581320881 1.35855719241 1.35919121846 0.67906604405 0.679278596204 0.679595609228
188962552 64 17792337.838 17802534.603 17832929.185 1.35632269971 1.35863837343 1.35941700727 0.678161349857 0.679319186716 0.679708503633
207858800 64 19572554.423 19583012.316 19603979.054 1.35716970145 1.35862276807 1.35934869946 0.678584850726 0.679311384037 0.67967434973
228644680 64 21534427.56 21540392.76 21565049.78 1.35712735832 1.35868084515 1.35905721006 0.678563679161 0.679340422575 0.679528605032
251509144 32 11763502.695 11768616.606 11787417.332 1.36557354021 1.36775508583 1.36834968575 0.682786770105 0.683877542913 0.684174842874
276660056 32 12939703.238 12942257.977 12959882.661 1.36623486857 1.36809539846 1.36836550718 0.683117434284 0.684047699229 0.684182753589
304326056 32 14234484.792 14237766.249 14251860.467 1.36661930062 1.36797214137 1.36828749819 0.683309650312 0.683986070686 0.684143749093
334758656 32 15659266.025 15662356.377 15684375.78 1.36598066028 1.36790106599 1.3681710209 0.682990330139 0.683950532995 0.684085510451
368234520 32 17223479.813 17229128.863 17231842.947 1.36764299399 1.36785843715 1.36830707475 0.683821496995 0.683929218575 0.684153537377
405057968 32 18949445.056 18950333.296 18955915.091 1.36757892339 1.36798174191 1.36804586495 0.683789461694 0.683990870954 0.684022932476
445563760 32 20844145.329 20849425.291 20850851.676 1.36762186423 1.36771542822 1.36806187972 0.683810932117 0.683857714109 0.684030939861
490120136 16 11307243.175 11312006.291 11312719.775 1.38639024602 1.38647769003 1.38706173638 0.693195123009 0.693238845017 0.693530868191
539132144 16 12439850.415 12442712.064 12444161.68 1.38637130018 1.3865328169 1.38685177333 0.693185650092 0.693266408451 0.693425886665
593045352 16 13681265.077 13686268.035 13688428.923 1.38638636842 1.38660526123 1.38711231434 0.693193184212 0.693302630617 0.693556157168
652349880 16 15048931.961 15056211.052 15058064.925 1.38631333202 1.38648402894 1.38715466414 0.693156666012 0.693242014472 0.693577332069
717584864 16 16556883.002 16562259.771 16563711.389 1.38632671801 1.38644822419 1.38689846665 0.693163359006 0.693224112093 0.693449233326
789343344 16 18212176.487 18218523.969 18219937.435 1.38633774666 1.38644530429 1.38692852148 0.693168873332 0.693222652147 0.693464260739
868277672 16 20031958.94 20037867.397 20040645.398 1.38642668199 1.38661889279 1.38702787816 0.693213340993 0.693309446397 0.693513939082
955105432 8 10717207.135 10720828.086 10722161.553 1.4252431132 1.42542038632 1.42590198356 0.712621556599 0.712710193159 0.712950991779
1050615968 8 11788082.835 11790740.656 11793332.217 1.42536945273 1.42568274364 1.42600418773 0.712684726365 0.71284137182 0.713002093864
1155677560 8 12965438.65 12971195.0 12973127.69 1.42531865883 1.42553102933 1.4261639316 0.712659329417 0.712765514665 0.7130819658
1271245312 8 14265106.644 14269801.01 14273209.482 1.4250421405 1.4253825248 1.42585159015 0.712521070249 0.712691262399 0.712925795075
1398369840 8 15691573.307 15696573.075 15701292.978 1.42497292875 1.42540141298 1.42585558518 0.712486464374 0.712700706488 0.712927792588
1538206824 8 17259852.135 17266098.715 17272500.927 1.42488394055 1.42541228278 1.42592815926 0.712441970274 0.712706141388 0.712964079631
1692027504 8 18986829.675 18993133.781 18995773.821 1.42518227049 1.42538037041 1.42585363262 0.712591135247 0.712690185205 0.712926816309
1861230248 8 20886794.934 20890694.468 20896478.604 1.42510537456 1.42549995232 1.42576609107 0.712552687281 0.712749976158 0.712883045534
2047353272 4 10841476.465 10842220.357 10846099.536 1.51011210266 1.51065239745 1.51075605144 0.755056051331 0.755326198726 0.755378025718
2252088592 4 11925003.217 11928156.342 11929003.191 1.51032810098 1.51043532793 1.51083470655 0.755164050488 0.755217663964 0.755417353277
2477297448 4 13117610.645 13121795.169 13122149.841 1.51029974693 1.51034056916 1.51082236852 0.755149873463 0.755170284582 0.75541118426
2725027192 4 14425899.532 14434589.282 14435705.918 1.51015943798 1.51027626142 1.51118600872 0.755079718991 0.755138130712 0.755593004361
2997529904 4 15869382.962 15876882.737 15877545.6 1.51032406621 1.51038712254 1.51110092241 0.755162033104 0.755193561269 0.755550461206
3297282888 4 17460401.089 17462944.817 17464558.79 1.51038817649 1.51052777068 1.51074783274 0.755194088244 0.755263885342 0.755373916371
3627011176 4 19206612.652 19210886.699 19211909.285 1.51031784387 1.51039823734 1.51073434622 0.755158921936 0.755199118672 0.755367173112
3989712288 2 9302137.637 9307032.464 9307198.403 1.71467808689 1.71470865861 1.71561094608 0.857339043447 0.857354329306 0.857805473041
4388683512 2 10231925.355 10237881.272 10239024.195 1.71449287683 1.71468427711 1.71568238029 0.857246438414 0.857342138554 0.857841190144
4827551856 2 11254805.912 11260957.995 11262309.193 1.71458686608 1.71479259869 1.71572993573 0.857293433038 0.857396299346 0.857864967863
5310307040 2 12380857.003 12386621.455 12388607.274 1.71457757036 1.71485245086 1.71565087577 0.85728878518 0.857426225431 0.857825437886
5841337744 2 13618166.573 13623950.619 13627667.708 1.71455244409 1.71502023381 1.71574865462 0.857276222045 0.857510116905 0.857874327309
6425471512 2 14980915.484 14988962.917 14991948.547 1.71437928615 1.7147207709 1.71564188286 0.857189643075 0.857360385449 0.857820941432
7068018656 2 16482500.2 16488002.838 16491206.582 1.71437271636 1.71470583198 1.71527828187 0.857186358179 0.857352915989 0.857639140936
7774820520 1 9063886.652 9068770.871 9069623.343 1.71447484112 1.71463600318 1.71555996197 0.85723742056 0.85731800159 0.857779980985
8552302568 1 9968364.554 9975772.687 9976969.024 1.71440896477 1.71461456397 1.71588880436 0.857204482386 0.857307281986 0.857944402181
9407532824 1 10965289.816 10972534.678 10973447.696 1.71459929178 1.71474196256 1.71587490743 0.857299645892 0.857370981279 0.857937453716
10348286104 1 12059707.623 12068466.298 12073386.342 1.7142309226 1.71492977624 1.71617528841 0.857115461302 0.85746488812 0.858087644203
11383114712 1 13269396.274 13272361.461 13276605.411 1.71476282673 1.71531113667 1.7156944411 0.857381413367 0.857655568336 0.857847220548
12521426176 1 14598574.467 14601419.643 14604382.257 1.71474916989 1.71509709085 1.71543135315 0.857374584947 0.857548545425 0.857715676575
13773568792 1 16058124.111 16064538.562 16065555.497 1.7146707183 1.71477926227 1.7154642344 0.857335359152 0.857389631133 0.857732117201

META_DATA
FLOPS          8
TIMESTAMP_DATA  1618389732.23
TIMESTAMP_DATA  1618383186.47
UNAME  ('Linux', 'linux', '5.4.44-mlnx.14.gd7fb187', '#1 SMP PREEMPT Tue Sep 15 16:18:01 UTC 2020', 'aarch64', 'aarch64')
MPI_PROCS      1
OPENMP_THREADS 1
TIMESTAMP_DATA  1618376638.77
HOSTNAME  linux
TIMESTAMP_DATA  1618396277.71
CONFIG  {'ERT_WORKING_SET_MIN': ['1'], 'ERT_CFLAGS': ['-O3'], 'ERT_CC': ['gcc'], 'ERT_MPI_CFLAGS': [], 'ERT_MPI_LDFLAGS': [], 'ERT_MEMORY_MAX': ['15000000000'], 'ERT_PROCS_THREADS': ['1'], 'ERT_LDFLAGS': [], 'ERT_LDLIBS': [], 'ERT_SPEC_GBYTES_DRAM': ['0'], 'ERT_RUN': ['export', 'KMP_AFFINITY=scatter;', 'export', 'OMP_NUM_THREADS=ERT_OPENMP_THREADS;', 'ERT_CODE'], 'ERT_FLOPS': ['1,2,4,8,16'], 'ERT_OPENMP_CFLAGS': ['-fopenmp'], 'ERT_SPEC_GFLOPS': ['0'], 'ERT_MPI': ['False'], 'ERT_TRIALS_MIN': ['1'], 'ERT_DRIVER': ['driver1'], 'ERT_RESULTS': ['Results.arm'], 'ERT_OPENMP': ['True'], 'ERT_MPI_PROCS': ['1'], 'ERT_KERNEL': ['kernel1'], 'ERT_OPENMP_THREADS': ['1'], 'ERT_LD': ['gcc'], 'ERT_NUM_EXPERIMENTS': ['6'], 'ERT_OPENMP_LDFLAGS': ['-fopenmp'], 'ERT_ALIGN': ['32'], 'ERT_GNUPLOT': ['gnuplot']}
TIMESTAMP_DATA  1618370094.57
ERT_VERSION  1.0.0
TIMESTAMP_DATA  1618363549.34
