128 67108864 5059179.09 5090588.532 5095448.863 3.37161055795 3.3748296638 3.39578197933 3.37161055795 3.3748296638 3.39578197933
256 33554432 3403762.656 3422437.639 3442910.64 4.98992596102 5.01977566756 5.04731701951 4.98992596102 5.01977566756 5.04731701951
384 33554432 3296152.268 3312533.245 3312960.453 7.77848215866 7.7794853274 7.81814724586 7.77848215866 7.7794853274 7.81814724586
512 16777216 2389685.225 2406311.13 2413074.038 7.11949526349 7.13950451786 7.18917663476 7.11949526349 7.13950451786 7.18917663476
640 16777216 2784786.69 2805927.202 2808986.438 7.64504811753 7.6533833325 7.71148345297 7.64504811753 7.6533833325 7.71148345297
768 16777216 3566517.453 3566915.518 3666300.468 7.02883028844 7.22467455311 7.22548091117 7.02883028844 7.22467455311 7.22548091117
896 8388608 1993471.11 2013603.14 2017674.766 7.4503511613 7.46541621702 7.5408093253 7.4503511613 7.46541621702 7.5408093253
1024 8388608 2361294.161 2383080.38 2384235.569 7.20560896221 7.20910185329 7.27561583294 7.20560896221 7.20910185329 7.27561583294
1152 8388608 2569142.521 2586781.269 2588839.617 7.46564318048 7.47158372593 7.52288075652 7.46564318048 7.47158372593 7.52288075652
1280 8388608 2939561.651 2961251.107 2961948.363 7.25023999346 7.25194713452 7.30545538063 7.25023999346 7.25194713452 7.30545538063
1408 8388608 3170513.53 3171537.491 3172580.361 7.44577518615 7.44822351778 7.45062902413 7.44577518615 7.44822351778 7.45062902413
1536 8388608 3526584.118 3530719.45 3531310.029 7.297519494 7.29874014091 7.30729876666 7.297519494 7.29874014091 7.30729876666
1664 8388608 3725573.893 3727974.437 3754104.15 7.43647120818 7.48859411345 7.49341932969 7.43647120818 7.48859411345 7.49341932969
1792 4194304 2045576.789 2066653.697 2067446.035 7.27099294565 7.27378058444 7.34872707631 7.27099294565 7.27378058444 7.34872707631
1920 4194304 2154216.795 2175041.795 2176601.706 7.39966679048 7.40497373293 7.4765582542 7.39966679048 7.40497373293 7.4765582542
2048 4194304 2364561.682 2365484.695 2365566.478 7.26247575106 7.26272684001 7.26556186492 7.26247575106 7.26272684001 7.26556186492
2176 4194304 2450822.227 2460528.622 2461421.153 7.41588288772 7.4185729216 7.44795391804 7.41588288772 7.4185729216 7.44795391804
2304 4194304 2644556.512 2663563.486 2665021.148 7.25223244345 7.25620130085 7.30835311868 7.25223244345 7.25620130085 7.30835311868
2432 4194304 2728528.687 2748596.74 2749161.415 7.42084278671 7.42236733352 7.47695809584 7.42084278671 7.42236733352 7.47695809584
2560 4194304 2923824.866 2943453.43 2944418.76 7.29340431182 7.29579624435 7.34477523935 7.29340431182 7.29579624435 7.34477523935
2816 4194304 3223188.555 3244386.484 3244467.581 7.28080017391 7.2809821655 7.32886696664 7.28080017391 7.2809821655 7.32886696664
3072 4194304 3497972.519 3515017.265 3516404.001 7.32845366137 7.33134486496 7.3670686765 7.32845366137 7.33134486496 7.3670686765
3328 4194304 3797952.472 3821660.516 3842465.419 7.26546224358 7.30501500777 7.35061526699 7.26546224358 7.30501500777 7.35061526699
3584 2097152 2034493.913 2057311.151 2059385.059 7.29945352876 7.30681186883 7.38875916018 7.29945352876 7.30681186883 7.38875916018
3840 2097152 2175454.749 2184276.983 2195330.349 7.33653929001 7.37366528391 7.40356808957 7.33653929001 7.37366528391 7.40356808957
4224 2097152 2382565.755 2404408.754 2405616.485 7.36474005997 7.36843935813 7.43599208493 7.36474005997 7.36843935813 7.43599208493
4608 2097152 2608086.084 2627822.077 2628147.708 7.35398272067 7.35489400183 7.41055019256 7.35398272067 7.35489400183 7.41055019256
4992 2097152 2819603.752 2839561.835 2842549.894 7.36590960538 7.37366072114 7.42585391765 7.36590960538 7.37366072114 7.42585391765
5376 2097152 3055447.074 3074944.89 3075800.292 7.33096305461 7.33300241488 7.379796723 7.33096305461 7.33300241488 7.379796723
5888 2097152 3350105.983 3369276.487 3379726.436 7.30711861438 7.32978194199 7.37172557445 7.30711861438 7.32978194199 7.37172557445
6400 2097152 3628709.044 3650506.102 3650938.682 7.35250518787 7.35337644972 7.3975469718 7.35250518787 7.35337644972 7.3975469718
7040 2097152 3983939.24 4001217.0 4001637.573 7.37895414598 7.37972975722 7.4117345625 7.37895414598 7.37972975722 7.4117345625
7680 1048576 2173285.376 2173782.75 2206081.004 7.30078692976 7.40926265976 7.41095832966 7.30078692976 7.40926265976 7.41095832966
8448 1048576 2412824.098 2435801.534 2437074.6 7.26967491927 7.27347439794 7.3427400326 7.26967491927 7.27347439794 7.3427400326
9216 1048576 2627386.551 2647239.743 2647766.117 7.29949398019 7.30094540289 7.35611317819 7.29949398019 7.30094540289 7.35611317819
10112 1048576 2868786.098 2888064.681 2889462.988 7.33921877943 7.3427721905 7.39211649094 7.33921877943 7.3427721905 7.39211649094
11008 1048576 3132003.412 3149907.605 3150678.774 7.32713515783 7.32892900711 7.37082505324 7.32713515783 7.32892900711 7.37082505324
12032 1048576 3419210.892 3438220.731 3439308.254 7.33663021762 7.33895082317 7.37975330011 7.33663021762 7.33895082317 7.37975330011
13184 1048576 3732460.471 3751744.869 3773017.799 7.32804705436 7.36959812925 7.40767442357 7.32804705436 7.36959812925 7.40767442357
14464 524288 2046844.926 2068855.867 2069484.035 7.32868821769 7.33091343187 7.4097471046 7.32868821769 7.33091343187 7.4097471046
15872 524288 2251455.655 2251772.893 2256248.171 7.37640410568 7.3910643137 7.39210574059 7.37640410568 7.3910643137 7.39210574059
17408 524288 2466537.301 2488284.43 2488569.503 7.33498139634 7.33582173642 7.40050069407 7.33498139634 7.33582173642 7.40050069407
19072 524288 2700026.13 2717745.19 2717930.415 7.35796669467 7.35846816898 7.40675849385 7.35796669467 7.35846816898 7.40675849385
20864 524288 2950870.404 2970437.475 2970945.206 7.36381459335 7.36507327561 7.4139107005 7.36381459335 7.36507327561 7.4139107005
22912 524288 3242616.497 3259391.904 3260013.325 7.36959359269 7.37099864626 7.40913189525 7.36959359269 7.37099864626 7.40913189525
25088 524288 3557421.703 3574359.497 3579775.63 7.34869371911 7.35982900155 7.39487102859 7.34869371911 7.35982900155 7.39487102859
27520 524288 3889885.904 3908447.703 3933722.219 7.33575222486 7.38318987813 7.41842106225 7.33575222486 7.38318987813 7.41842106225
30208 262144 2136036.542 2139428.776 2154327.541 7.3515710135 7.40276660839 7.41452292252 7.3515710135 7.40276660839 7.41452292252
33152 262144 2340666.937 2360797.275 2360957.054 7.36192797177 7.36242622781 7.425744988 7.36192797177 7.36242622781 7.425744988
36352 262144 2570220.731 2571958.593 2590756.86 7.35650561049 7.41027379985 7.41528427739 7.35650561049 7.41027379985 7.41528427739
39936 262144 2830160.638 2833441.902 2847567.535 7.35293028546 7.38958704367 7.39815446758 7.35293028546 7.38958704367 7.39815446758
43904 262144 3099240.408 3102910.05 3117937.955 7.38255240618 7.41830732476 7.42709093899 7.38255240618 7.41830732476 7.42709093899
48256 262144 3405271.433 3424069.668 3428337.81 7.37968167962 7.38888053723 7.42966962422 7.37968167962 7.38888053723 7.42966962422
52992 262144 3753894.267 3760106.525 3773378.501 7.3629162006 7.38890494492 7.40113272242 7.3629162006 7.38890494492 7.40113272242
58240 131072 2053165.491 2069640.015 2074225.23 7.36046709836 7.37677395554 7.43596491706 7.36046709836 7.37677395554 7.43596491706
64000 131072 2259415.104 2260524.026 2277526.197 7.36642064627 7.42182600452 7.42546864022 7.36642064627 7.42182600452 7.42546864022
70400 131072 2483133.945 2486743.98 2518043.96 7.32907681246 7.42132593802 7.43211522566 7.32907681246 7.42132593802 7.43211522566
77440 131072 2732962.283 2753351.399 2788458.812 7.28016181291 7.37298964723 7.42799543421 7.28016181291 7.37298964723 7.42799543421
85120 131072 3001914.761 3010062.291 3021105.507 7.38593777288 7.4130350547 7.43315485499 7.38593777288 7.4130350547 7.43315485499
93568 131072 3300790.354 3318943.521 3323873.627 7.37942910728 7.39039083877 7.43103534651 7.37942910728 7.39039083877 7.43103534651
102912 131072 3628740.58 3647847.987 3649414.123 7.3923546133 7.3955283839 7.43447009596 7.3923546133 7.3955283839 7.43447009596
113152 131072 3992633.076 4007198.887 4011609.455 7.39406919361 7.40220755806 7.4292120822 7.39406919361 7.40220755806 7.4292120822
124416 65536 2195473.616 2197070.682 2197303.233 7.42157646113 7.42236200483 7.42776129631 7.42157646113 7.42236200483 7.42776129631
136832 65536 2413412.444 2414780.077 2433164.818 7.37099425872 7.42711275235 7.43132154994 7.37099425872 7.42711275235 7.43132154994
150400 65536 2649588.753 2653411.289 2670518.156 7.38179920466 7.42939056667 7.4401088764 7.38179920466 7.42939056667 7.4401088764
165376 65536 2918642.664 2919492.369 2938618.133 7.37631161687 7.42463426251 7.42679579771 7.37631161687 7.42463426251 7.42679579771
181888 65536 3206594.716 3213426.197 3223896.641 7.39490951193 7.41900466183 7.43481046016 7.39490951193 7.41900466183 7.43481046016
200064 65536 3527730.669 3533757.697 3544518.585 7.39812416811 7.42065270357 7.43333067868 7.39812416811 7.42065270357 7.43333067868
220032 65536 3882818.178 3906406.792 3920228.297 7.35672315974 7.38275244735 7.42760360694 7.35672315974 7.38275244735 7.42760360694
241920 32768 2137430.725 2154796.198 2157285.046 7.34926946691 7.3577580723 7.4175358923 7.34926946691 7.3577580723 7.4175358923
266112 32768 2346873.127 2358347.059 2365983.538 7.37110624478 7.39497435945 7.43112860741 7.37110624478 7.39497435945 7.43112860741
292608 32768 2585038.558 2599718.861 2639880.057 7.26410195689 7.37631986892 7.41820961573 7.26410195689 7.37631986892 7.41820961573
321792 32768 2839710.524 2857880.028 2860467.405 7.37255753208 7.37923226496 7.4264472853 7.37255753208 7.37923226496 7.4264472853
353920 32768 3120940.644 3141244.957 3142708.465 7.38041768058 7.38385622182 7.43189434397 7.38041768058 7.38385622182 7.43189434397
389248 32768 3435486.262 3453377.659 3475188.585 7.34053888129 7.38690043399 7.42537008812 7.34053888129 7.38690043399 7.42537008812
428160 32768 3774776.862 3793655.317 3800679.362 7.38286266412 7.39653221374 7.4335238309 7.38286266412 7.39653221374 7.4335238309
470912 16384 2073776.533 2095214.187 2097300.954 7.35747742191 7.3648052365 7.44093887188 7.35747742191 7.3648052365 7.44093887188
517888 16384 2290393.718 2304550.226 2310346.537 7.34528509564 7.36375965798 7.40927372034 7.34528509564 7.36375965798 7.40927372034
569600 16384 2523873.649 2544430.714 2546810.91 7.32863705221 7.33549264961 7.39524056895 7.32863705221 7.33549264961 7.39524056895
626560 16384 2778289.249 2796985.019 2815779.982 7.29144969111 7.34044620923 7.38984181989 7.29144969111 7.34044620923 7.38984181989
689152 16384 3061522.803 3077659.758 3248691.251 6.95114770573 7.33743640027 7.37611123258 6.95114770573 7.33743640027 7.37611123258
758016 16384 3361804.441 3375123.938 3376621.143 7.35607201284 7.35933516644 7.38849291323 7.35607201284 7.35933516644 7.38849291323
833792 16384 3696727.785 3707841.645 3708487.191 7.36734275969 7.36862543546 7.39077850602 7.36734275969 7.36862543546 7.39077850602
917120 8192 2030638.494 2050648.794 2051989.388 7.32269580334 7.3274829527 7.39968937081 7.32269580334 7.3274829527 7.39968937081
1008768 8192 2233023.348 2251335.381 2253555.028 7.33403653634 7.34126734359 7.4014698175 7.33403653634 7.34126734359 7.4014698175
1109632 8192 2455233.18 2475103.345 2475839.535 7.34304886524 7.34523296764 7.40467782698 7.34304886524 7.34523296764 7.40467782698
1220480 8192 2696124.332 2718043.801 2719755.276 7.35225867432 7.35688818283 7.41669962422 7.35225867432 7.35688818283 7.41669962422
1342464 8192 2971692.571 2988904.554 2989257.56 7.35799098422 7.35886000326 7.4014823709 7.35799098422 7.35886000326 7.4014823709
1476608 8192 3270962.946 3284164.604 3286823.271 7.36052518718 7.36648383657 7.39621508143 7.36052518718 7.36648383657 7.39621508143
1624192 8192 3592479.753 3608944.408 3608974.603 7.37349653441 7.37355822634 7.40735190109 7.37349653441 7.37355822634 7.40735190109
1786496 8192 3951154.714 3967530.133 3993255.494 7.3298466647 7.37737319763 7.40794845625 7.3298466647 7.37737319763 7.40794845625
1965056 4096 2170515.943 2178337.951 2193154.065 7.33999448963 7.38991796227 7.41654941716 7.33999448963 7.38991796227 7.41654941716
2161536 4096 2390153.624 2409241.158 2411654.259 7.34238867197 7.34974282388 7.40843715408 7.34238867197 7.34974282388 7.40843715408
2377600 4096 2628488.389 2647316.609 2647343.081 7.35730073665 7.35737430641 7.41007617972 7.35730073665 7.35737430641 7.41007617972
2615296 4096 2891080.732 2902162.734 2910147.899 7.36199862535 7.38225482017 7.41055225296 7.36199862535 7.38225482017 7.41055225296
2876800 4096 3179492.04 3196772.549 3197809.946 7.36965172977 7.3720432839 7.41211026904 7.36965172977 7.3720432839 7.41211026904
3164416 4096 3497866.182 3513909.894 3517171.939 7.37038061306 7.37722271031 7.41105992145 7.37038061306 7.37722271031 7.41105992145
3480832 4096 3845593.316 3861045.813 3868258.558 7.37152786362 7.38529847224 7.41497433578 7.37152786362 7.38529847224 7.41497433578
3828864 2048 2117979.888 2138145.596 2151959.85 7.28778789437 7.33487325341 7.40471004133 7.28778789437 7.33487325341 7.40471004133
4211712 2048 2329226.036 2348813.175 2356778.913 7.31980936219 7.34463367952 7.40639683971 7.31980936219 7.34463367952 7.40639683971
4632832 2048 2560019.316 2579885.566 2580928.51 7.35242367174 7.355395961 7.41247527056 7.35242367174 7.355395961 7.41247527056
5096064 2048 2817179.105 2836052.895 2836669.986 7.35844431923 7.36004542821 7.40935431012 7.35844431923 7.36004542821 7.40935431012
5605632 2048 3099431.275 3117202.896 3118507.551 7.36271062247 7.36579216626 7.40802638768 7.36271062247 7.36579216626 7.40802638768
6166144 2048 3407841.938 3428193.821 3428295.706 7.36707915242 7.36729810003 7.4112961468 7.36707915242 7.36729810003 7.4112961468
6782720 2048 3752249.816 3771800.75 3795406.937 7.31990576535 7.36571811753 7.40409687051 7.31990576535 7.36571811753 7.40409687051
7460992 1024 2069748.47 2085861.075 2086665.466 7.32274140967 7.32556535003 7.38259350712 7.32274140967 7.32556535003 7.38259350712
8206976 1024 2274942.519 2278881.79 2300670.008 7.30564869779 7.37549745746 7.38826880575 7.30564869779 7.37549745746 7.38826880575
9027584 1024 2502890.923 2521252.856 2525510.596 7.32069469884 7.33305744721 7.38685488133 7.32069469884 7.33305744721 7.38685488133
9930240 1024 2752583.726 2771635.401 3080746.442 6.60136492986 7.33759264031 7.3883788994 6.60136492986 7.33759264031 7.3883788994
10923264 1024 3028288.916 3046095.389 3393276.762 6.59269674744 7.3441050969 7.38728876026 6.59269674744 7.3441050969 7.38728876026
12015488 1024 3335424.323 3349765.964 4097554.93 6.00546419618 7.34610109735 7.3776878265 6.00546419618 7.34610109735 7.3776878265
13217024 1024 3667399.597 3681664.026 4731602.838 5.7207813248 7.35223664105 7.38083332237 5.7207813248 7.35223664105 7.38083332237
14538624 1024 4034269.137 4049270.859 4612143.336 6.45580585486 7.35320085734 7.38054426734 6.45580585486 7.35320085734 7.38054426734
15992448 512 2215018.477 2240581.674 2588571.068 6.32637324679 7.3089354171 7.39328674774 6.32637324679 7.3089354171 7.39328674774
17591680 512 2439043.917 2440481.809 2806397.603 6.41886249502 7.38128030849 7.38563180205 6.41886249502 7.38128030849 7.38563180205
19350784 512 2684410.881 2702044.238 3329754.444 5.95095018244 7.33341169524 7.38158340672 5.95095018244 7.33341169524 7.38158340672
21285760 512 2954160.95 2971928.752 3643080.29 5.98301890294 7.3341658091 7.37827715176 5.98301890294 7.3341658091 7.37827715176
23414272 512 3244482.298 3267190.417 4010153.138 5.97887753981 7.3384809172 7.38984291663 5.97887753981 7.3384809172 7.38984291663
25755648 512 3569083.224 3593457.241 3614987.53 7.29567760141 7.33938983636 7.38951206703 7.29567760141 7.33938983636 7.38951206703
28331136 512 3928129.84 3947602.259 3948459.463 7.34744361335 7.34903907755 7.38546953529 7.34744361335 7.34903907755 7.38546953529
31164160 256 2156275.919 2180076.771 2182342.909 7.31143114778 7.31903120672 7.39981826046 7.31143114778 7.31903120672 7.39981826046
34280576 256 2377677.113 2382643.455 2394884.427 7.32881082449 7.36646302457 7.38184962796 7.32881082449 7.36646302457 7.38184962796
37708544 256 2610212.067 2614912.24 2633834.526 7.33029138217 7.38333556005 7.39663063093 7.33029138217 7.38333556005 7.39663063093
41479296 256 2870418.471 2873875.374 2896646.99 7.33171823329 7.38981228766 7.39871198801 7.33171823329 7.38981228766 7.39871198801
45627136 256 3156697.927 3168529.409 3182674.031 7.34008365433 7.37285049829 7.4004843581 7.34008365433 7.37285049829 7.4004843581
50189824 256 3475355.792 3491627.07 3495621.933 7.35124975771 7.35966051724 7.39411773239 7.35124975771 7.35966051724 7.39411773239
55208704 256 3823734.497 3845145.479 3880482.185 7.28436701946 7.35131000956 7.39247363283 7.28436701946 7.35131000956 7.39247363283
60729472 128 2097270.977 2099049.934 2123149.385 7.32249220985 7.4065626454 7.41284507462 7.32249220985 7.4065626454 7.41284507462
66802304 128 2304515.634 2329596.801 2332856.174 7.33066616562 7.34092260801 7.42081744714 7.33066616562 7.34092260801 7.42081744714
73482496 128 2540022.878 2560357.88 2562201.294 7.34193641228 7.34722248126 7.4060431262 7.34193641228 7.34722248126 7.4060431262
80830720 128 2790068.069 2794545.654 2817351.932 7.34472114931 7.40466139474 7.41654461764 7.34472114931 7.40466139474 7.41654461764
88913792 128 3068348.875 3092954.321 3095262.97 7.35379545215 7.3592844865 7.41829944354 7.35379545215 7.3592844865 7.41829944354
97805056 128 3379486.55 3398863.367 3400467.384 7.36313321334 7.36660807819 7.40884568279 7.36313321334 7.36660807819 7.40884568279
107585536 128 3720759.078 3735909.857 3737596.25 7.36887972209 7.37220604089 7.40222536279 7.36887972209 7.37220604089 7.40222536279
118344064 64 2035652.944 2038789.039 2059438.595 7.35542211784 7.42992036068 7.44136677946 7.35542211784 7.42992036068 7.44136677946
130178432 64 2237926.701 2244819.077 2261439.153 7.36824569164 7.42279833004 7.44565909534 7.36824569164 7.42279833004 7.44565909534
143196160 64 2464346.383 2467182.307 2485377.033 7.37477985699 7.42916663596 7.4377159828 7.37477985699 7.42916663596 7.4377159828
157515776 64 2716633.867 2734749.415 2738247.553 7.3631105069 7.37252898471 7.4216918124 7.3631105069 7.37252898471 7.4216918124
173267328 64 2982127.062 3000173.0 3007531.019 7.37422751217 7.39231303795 7.43704661904 7.37422751217 7.39231303795 7.43704661904
190594048 64 3279378.036 3297562.549 3300643.435 7.39129767405 7.39820330365 7.43922715716 7.39129767405 7.39820330365 7.43922715716
209653376 64 3604469.029 3639375.067 3653149.768 7.34588884449 7.37369236035 7.44509993347 7.34588884449 7.37369236035 7.44509993347
230618624 64 3969948.091 3986591.726 4014640.381 7.35288371325 7.40461675056 7.43565991176 7.35288371325 7.40461675056 7.43565991176
253680384 32 2162389.126 2168551.341 2187824.647 7.4208619042 7.48681586137 7.50815122995 7.4208619042 7.48681586137 7.50815122995
279048320 32 2381654.531 2406698.615 2415477.853 7.39360638634 7.42057703806 7.49860747961 7.39360638634 7.42057703806 7.49860747961
306953088 32 2619807.961 2640767.598 2640831.173 7.43894491736 7.43912400579 7.49864032954 7.43894491736 7.43912400579 7.49864032954
337648384 32 2879275.343 2884861.546 2903107.451 7.44357449414 7.49065292439 7.50518585468 7.44357449414 7.49065292439 7.50518585468
371413120 32 3170404.359 3189853.984 3191587.778 7.44784142985 7.45188958467 7.49760503342 7.44784142985 7.45188958467 7.49760503342
408554368 32 3485943.781 3506513.892 3506606.888 7.45663268999 7.4568304468 7.5008322551 7.45663268999 7.4568304468 7.5008322551
449409792 32 3834875.799 3854901.413 3887876.706 7.39792664814 7.46120940759 7.50017163411 7.39792664814 7.46120940759 7.50017163411
494350720 16 2077157.123 2091438.963 2101697.042 7.52688076534 7.56379857116 7.61580472889 7.52688076534 7.56379857116 7.61580472889
543785728 16 2284517.592 2289071.337 2306289.113 7.54508322392 7.60183530095 7.61698809278 7.54508322392 7.60183530095 7.61698809278
598164224 16 2511607.28 2517503.168 2540251.861 7.53518005906 7.60326954552 7.62111788751 7.53518005906 7.60326954552 7.62111788751
657980544 16 2763622.086 2783358.54 2795407.37 7.53213203698 7.56473774593 7.61876144885 7.53213203698 7.56473774593 7.61876144885
723778560 16 3038579.893 3060638.783 3064363.457 7.55814845236 7.5673464143 7.6222823607 7.55814845236 7.5673464143 7.6222823607
796156416 16 3344269.417 3363450.562 3367618.197 7.56528912176 7.57466323419 7.61810791394 7.56528912176 7.57466323419 7.61810791394
875772032 16 3677871.537 3699386.144 3700980.311 7.57223834472 7.57550143 7.61981617413 7.57223834472 7.57550143 7.61981617413
963349120 8 1956864.77 1958215.432 1981590.439 7.77839134497 7.87124116587 7.87667403302 7.77839134497 7.87124116587 7.87667403302
1059683968 8 2150733.876 2178056.79 2178057.342 7.78443393618 7.78443590904 7.88332934967 7.78443393618 7.78443590904 7.88332934967
1165652352 8 2368887.768 2384688.443 2389537.036 7.80504229523 7.82091165273 7.87307777259 7.80504229523 7.82091165273 7.87307777259
1282217472 8 2605518.948 2629038.348 2633360.472 7.79060814884 7.80341586406 7.87385544356 7.79060814884 7.80341586406 7.87385544356
1410439168 8 2870665.985 2885686.921 2889726.244 7.80939950103 7.82033093187 7.86125129357 7.80939950103 7.82033093187 7.86125129357
1551483008 8 3152386.92 3174527.839 3195049.782 7.76943391238 7.81965992644 7.87458162909 7.76943391238 7.81965992644 7.87458162909
1706631296 8 3468818.134 3490765.355 3522863.984 7.75110843337 7.82238218816 7.87187441981 7.75110843337 7.82238218816 7.87187441981
1877294336 4 1782670.554 1805431.868 1809735.38 8.29864678227 8.3184278256 8.42463833505 8.29864678227 8.3184278256 8.42463833505
2065023744 4 1961609.3 1983085.72 1989108.036 8.30532562988 8.33054758319 8.42175348169 8.30532562988 8.33054758319 8.42175348169
2271526016 4 2155122.325 2184564.281 2187245.053 8.30826344907 8.31845887349 8.43210054353 8.30826344907 8.31845887349 8.43210054353
2498678528 4 2370639.315 2391750.434 2398939.542 8.332610253 8.35765635906 8.43208331926 8.332610253 8.35765635906 8.43208331926
2748546304 4 2608731.373 2626656.628 2639894.943 8.32925965115 8.37123901069 8.4287599174 8.32925965115 8.37123901069 8.4287599174
3023400832 4 2868271.776 2887318.229 2925426.981 8.26792355888 8.37704912921 8.43267603105 8.26792355888 8.37704912921 8.43267603105
3325740800 4 3154958.384 3173422.477 3182501.99 8.36006591154 8.38398498556 8.43305145796 8.36006591154 8.38398498556 8.43305145796
3658314880 4 3469935.233 3497096.207 3522996.997 8.3072790198 8.36880580563 8.43431276805 8.3072790198 8.36880580563 8.43431276805
4024146304 2 1638388.487 1641536.663 1666934.446 9.65639965904 9.80580304955 9.82464497506 9.65639965904 9.80580304955 9.82464497506
4426560896 2 1802037.49 1826160.905 1833511.367 9.65701326028 9.6958836078 9.8256799219 9.65701326028 9.6958836078 9.8256799219
4869216896 2 1977690.99 1982189.802 2007011.95 9.70441037185 9.82593471339 9.8482865536 9.70441037185 9.82593471339 9.8482865536
5356138496 2 2181894.72 2186879.748 2203999.075 9.72076360059 9.79685965979 9.81924278363 9.72076360059 9.79685965979 9.81924278363
5891752320 2 2395148.682 2426046.718 2428892.396 9.70278029558 9.71416135771 9.8394765457 9.70278029558 9.71416135771 9.8394765457
6480927488 2 2636087.96 2646222.199 2669075.186 9.71261884565 9.79649780045 9.83415968866 9.71261884565 9.79649780045 9.83415968866
7129020160 2 2898152.538 2927205.132 2930529.951 9.73069073403 9.74174318303 9.8393995023 9.73069073403 9.74174318303 9.8393995023
7841922176 1 1593255.293 1601340.97 1629173.601 9.62687115871 9.79419414467 9.8438991045 9.62687115871 9.79419414467 9.8438991045
8626114304 1 1757074.948 1761418.282 1784160.091 9.66966400326 9.79450979038 9.81872095305 9.66966400326 9.79450979038 9.81872095305
9488725632 1 1927949.666 1962096.172 1964617.866 9.65961451966 9.67202909563 9.84333336014 9.65961451966 9.67202909563 9.84333336014
10437598080 1 2123888.175 2127452.096 2167269.121 9.63202767839 9.81229904036 9.82876424744 9.63202767839 9.81229904036 9.82876424744
11481357824 1 2340984.574 2344502.435 2362819.704 9.71835286845 9.79428099762 9.80899912927 9.71835286845 9.79428099762 9.80899912927
12629493504 1 2573182.117 2584373.549 2599177.651 9.71806871234 9.77373685695 9.81624535672 9.71806871234 9.77373685695 9.81624535672
13892442752 1 2830741.555 2854008.569 2861339.131 9.71044823138 9.73538965713 9.81540877687 9.71044823138 9.73538965713 9.81540877687

META_DATA
TIMESTAMP_DATA  1614779902.28
HOSTNAME  localhost.localdomain
CONFIG  {'ERT_WORKING_SET_MIN': ['1'], 'ERT_CFLAGS': ['-O3'], 'ERT_CC': ['gcc'], 'ERT_MPI_CFLAGS': [], 'ERT_MPI_LDFLAGS': [], 'ERT_MEMORY_MAX': ['15000000000'], 'ERT_PROCS_THREADS': ['8,10,16'], 'ERT_LDFLAGS': [], 'ERT_LDLIBS': [], 'ERT_SPEC_GBYTES_DRAM': ['0'], 'ERT_RUN': ['export', 'KMP_AFFINITY=scatter;', 'export', 'OMP_NUM_THREADS=ERT_OPENMP_THREADS;', 'ERT_CODE'], 'ERT_FLOPS': ['1,2,4,8,16'], 'ERT_OPENMP_CFLAGS': ['-fopenmp'], 'ERT_SPEC_GFLOPS': ['0'], 'ERT_MPI': ['False'], 'ERT_TRIALS_MIN': ['1'], 'ERT_DRIVER': ['driver1'], 'ERT_RESULTS': ['Results.arm'], 'ERT_OPENMP': ['True'], 'ERT_MPI_PROCS': ['1'], 'ERT_KERNEL': ['kernel1'], 'ERT_OPENMP_THREADS': ['8,10,16'], 'ERT_LD': ['gcc'], 'ERT_NUM_EXPERIMENTS': ['4'], 'ERT_OPENMP_LDFLAGS': ['-fopenmp'], 'ERT_ALIGN': ['32'], 'ERT_GNUPLOT': ['gnuplot']}
MPI_PROCS      1
TIMESTAMP_DATA  1614778867.09
UNAME  ('Linux', 'localhost.localdomain', '5.4.44-mlnx.14.gd7fb187', '#1 SMP PREEMPT Tue Sep 15 16:18:01 UTC 2020', 'aarch64', 'aarch64')
OPENMP_THREADS 16
TIMESTAMP_DATA  1614776836.07
TIMESTAMP_DATA  1614777848.96
FLOPS          16
ERT_VERSION  1.0.0
