64 134217728 1756346.749 1760023.065 1760461.867 9.75872838034 9.76116138796 9.78159306742 1.21984104754 1.2201451735 1.22269913343
128 67108864 884260.905 886755.444 914861.64 18.7786528944 19.3738525094 19.4285070016 2.34733161181 2.42173156368 2.4285633752
192 67108864 1061961.938 1062188.509 1062390.15 24.2564407963 24.2610455278 24.2662216544 3.03205509953 3.03263069098 3.03327770679
256 33554432 533651.29 534735.879 535028.705 32.1101821705 32.1277659844 32.1930622223 4.01377277131 4.01597074806 4.02413277779
320 33554432 527030.516 531770.925 533747.504 40.2340738253 40.3836228541 40.7468558804 5.02925922816 5.04795285677 5.09335698504
384 33554432 552598.828 553107.729 553120.141 46.5898850283 46.5909305274 46.6338371894 5.82373562853 5.82386631592 5.82922964867
448 16777216 297426.239 297451.258 297480.638 50.5323157738 50.5373069762 50.5415580903 6.31653947172 6.31716337202 6.31769476129
512 16777216 322431.851 326191.367 327798.505 52.4098460547 52.6680682631 53.2821715061 6.55123075683 6.58350853289 6.66027143826
576 16777216 358611.628 358693.842 358757.524 53.8730243662 53.8825889071 53.8949418338 6.73412804577 6.73532361339 6.73686772923
640 16777216 379794.193 379864.781 379864.9 56.5328264865 56.5328441965 56.5433513092 7.06660331081 7.06660552456 7.06791891365
704 16777216 429404.066 429437.682 429463.4 55.004268415 55.0075624896 55.0118687698 6.87553355187 6.8759453112 6.87648359622
768 16777216 470535.755 470586.236 470621.963 54.7569085211 54.7610656764 54.7669406675 6.84461356513 6.84513320955 6.84586758343
832 16777216 508684.903 509016.405 509250.954 54.8202947971 54.8455553687 54.8812973598 6.85253684964 6.85569442109 6.86016216998
896 8388608 259965.585 260063.448 260097.796 57.7951284754 57.8027617937 57.8245214112 7.22439105943 7.22534522422 7.2280651764
960 8388608 287588.677 287676.599 287700.223 55.9823249077 55.9869221758 56.0040385735 6.99779061346 6.99836527197 7.00050482168
1024 8388608 299071.711 299091.621 299134.361 57.4319483946 57.440155383 57.4439793271 7.17899354932 7.18001942288 7.18049741589
1088 8388608 313968.831 314002.715 314064.096 58.1206551162 58.1320164955 58.1382901923 7.26508188953 7.26650206193 7.26728627403
1152 8388608 329465.008 329520.185 329731.225 58.6154763838 58.6530164518 58.6628393386 7.32693454798 7.33162705647 7.33285491733
1216 8388608 345400.192 345609.834 345662.16 59.0203297231 59.0292655156 59.0650935596 7.37754121539 7.37865818945 7.38313669496
1280 8388608 361490.75 362715.576 362769.943 59.1968460849 59.2057190287 59.4063236196 7.39960576061 7.40071487859 7.42579045245
1408 8388608 388177.01 390732.254 390943.653 60.4238486716 60.456539961 60.8545058555 7.55298108395 7.55706749512 7.60681323193
1536 8388608 427529.27 427635.322 427645.679 60.2597080748 60.2611675188 60.2761157757 7.53246350935 7.53264593985 7.53451447196
1664 8388608 458110.665 458144.681 458205.395 60.927452467 60.9355266617 60.9400512952 7.61593155838 7.61694083271 7.61750641191
1792 4194304 245057.561 245175.965 245437.38 61.247335414 61.312639418 61.3422637304 7.65591692675 7.66407992725 7.6677829663
1920 4194304 263991.519 264083.793 264100.373 60.9848716874 60.9887005069 61.0100181287 7.62310896093 7.62358756336 7.62625226608
2112 4194304 286025.731 286091.806 286106.494 61.9235860337 61.9267652007 61.9410709451 7.74044825421 7.74084565008 7.74263386814
2304 4194304 313997.033 315312.851 315974.896 61.1673682836 61.2957980327 61.5526606966 7.64592103545 7.66197475408 7.69408258708
2496 4194304 338421.737 338636.545 338844.185 61.7923119088 61.8302007777 61.869446548 7.7240389886 7.72877509721 7.7336808185
2688 4194304 360746.596 361041.39 361264.905 62.4156345992 62.454275129 62.5053113571 7.8019543249 7.80678439112 7.81316391964
2944 4194304 391518.699 391558.012 398241.824 62.0127281056 63.0712721874 63.0776052717 7.7515910132 7.88390902342 7.88470065896
3200 4194304 425032.081 425575.696 426321.734 62.9654635435 63.0758425641 63.1565164136 7.87068294294 7.88448032051 7.8945645517
3520 4194304 467178.352 467277.893 467283.334 63.1905698567 63.1913056499 63.2047697279 7.89882123209 7.89891320624 7.90059621598
3840 2097152 254268.358 254394.691 254431.482 63.3024153827 63.3115702874 63.343026583 7.91280192284 7.91394628593 7.91787832287
4224 2097152 277771.185 307490.52 307973.325 57.526865666 57.6171912422 63.7817781423 7.19085820826 7.20214890527 7.97272226779
4608 2097152 336328.319 336399.41 336418.764 57.4502819111 57.4535871867 57.4657313707 7.18128523889 7.18169839834 7.18321642133
5056 2097152 362603.057 362683.868 362722.161 58.4645861326 58.4707589586 58.4837899588 7.30807326658 7.30884486982 7.31047374485
5504 2097152 394349.125 394382.162 394411.797 58.5313355016 58.535733713 58.5406376038 7.3164169377 7.31696671413 7.31757970047
6016 2097152 425870.347 425891.267 425900.751 59.2460398456 59.2473591716 59.2502695756 7.4057549807 7.40591989645 7.40628369695
6592 2097152 461404.401 461439.705 461456.252 59.9165183009 59.9186668776 59.923251508 7.48956478761 7.4898333597 7.49040643849
7232 1048576 249724.971 249823.088 249915.135 60.6870138697 60.709373923 60.7332266504 7.58587673372 7.58867174038 7.5916533313
7936 1048576 273981.375 274023.555 274267.907 60.6815374575 60.735648335 60.7449987139 7.58519218218 7.59195604188 7.59312483923
8704 1048576 299554.464 299623.276 299630.459 60.9204119932 60.9218724649 60.9358671016 7.61505149915 7.61523405812 7.6169833877
9536 1048576 326409.802 326460.982 326497.929 61.2513578057 61.2582898865 61.267894988 7.65641972571 7.65728623582 7.6584868735
10432 1048576 351562.395 351641.954 351690.834 62.2065961037 62.2152431334 62.229322519 7.77582451296 7.77690539167 7.77866531487
11456 1048576 385309.905 385497.524 385580.487 62.3085817929 62.3219912354 62.3523376904 7.78857272412 7.79024890443 7.79404221129
12544 1048576 424179.677 424217.359 424218.57 62.0120771422 62.0122541661 62.0177630245 7.75150964278 7.75153177077 7.75222037806
13760 1048576 459128.657 459299.621 459309.194 62.8265488629 62.8278583317 62.8512533035 7.85331860786 7.85348229146 7.85640666294
15104 524288 250372.856 250428.195 250515.481 63.2204119313 63.2424472173 63.2564254649 7.90255149142 7.90530590216 7.90705318311
16576 524288 274102.708 274171.721 274175.036 63.3945235481 63.3952900489 63.4112515809 7.92431544351 7.92441125611 7.92640644762
18176 524288 297716.794 297767.907 297805.988 63.9977641282 64.0059486867 64.0169374389 7.99972051603 8.00074358584 8.00211717986
19968 524288 328257.311 328312.902 328368.454 63.7636329341 63.7744220238 63.7852223435 7.97045411676 7.97180275297 7.97315279293
21952 524288 360392.182 360451.165 360544.662 63.8432426771 63.8598029001 63.8702544108 7.98040533464 7.98247536251 7.98378180135
24128 524288 395428.298 395450.044 395659.343 63.9440017672 63.9778452724 63.9813636403 7.9930002209 7.99723065905 7.99767045504
26496 524288 432595.495 432686.538 432710.127 64.207116872 64.2106172853 64.2241308962 8.025889609 8.02632716066 8.02801636203
29120 262144 236598.611 236642.851 236660.988 64.5111249176 64.5160692389 64.5281326694 8.0638906147 8.06450865486 8.06601658367
32000 262144 259680.485 259692.796 259703.732 64.6013666065 64.6040870537 64.6071498211 8.07517082581 8.07551088171 8.07589372763
35200 262144 286446.208 286494.894 286510.94 64.4126803675 64.4162879915 64.4272365442 8.05158504593 8.05203599894 8.05340456802
38720 262144 313349.843 313408.598 313460.759 64.7622733536 64.7730518229 64.7851971638 8.09528416921 8.09663147786 8.09814964547
42560 262144 344149.647 344178.921 344231.323 64.8218096062 64.8316788697 64.8371935712 8.10272620078 8.10395985872 8.1046491964
46784 262144 377431.837 377498.549 377596.585 64.9589820628 64.9758518463 64.9873364869 8.11987275785 8.12198148078 8.12341706087
51456 262144 414373.219 414431.986 414440.705 65.0943862476 65.0957557316 65.1049877043 8.13679828095 8.13696946644 8.13812346304
56576 262144 455880.679 455931.173 456201.554 65.019765119 65.0583238098 65.0655297633 8.12747063987 8.13229047622 8.13319122042
62208 131072 249854.568 249876.078 249944.179 65.244383835 65.2621654803 65.2677839054 8.15554797938 8.15777068504 8.15847298817
68416 131072 274955.209 274968.692 274986.039 65.2209252849 65.2250398893 65.2282383346 8.15261566061 8.15312998616 8.15352979183
75200 131072 302351.503 302390.892 302429.588 65.1828709299 65.1912121745 65.1997049937 8.14785886624 8.14890152181 8.14996312421
82688 131072 331357.088 331402.281 331426.886 65.40254876 65.4074045797 65.416325339 8.175318595 8.17592557246 8.17704066738
90944 131072 365021.122 365066.675 365071.127 65.3035043662 65.3043007445 65.3124504286 8.16293804577 8.16303759306 8.16405630357
100032 131072 401764.6 401823.969 401826.173 65.2590357971 65.2593937421 65.2690371626 8.15737947463 8.15742421777 8.15862964532
110016 131072 441470.229 441528.813 441553.861 65.314872887 65.3185782102 65.3272461188 8.16435911088 8.16482227628 8.16590576485
120960 65536 242081.364 242135.751 242183.696 65.4646426736 65.4776052463 65.4923157158 8.18308033419 8.18470065579 8.18653946448
133056 65536 266696.554 266727.813 266738.384 65.3821012577 65.3846924917 65.3923561082 8.17276265721 8.17308656147 8.17404451353
146304 65536 292298.263 292520.745 292528.791 65.5537454021 65.5555485065 65.6054459277 8.19421817526 8.19444356331 8.20068074096
160896 65536 321336.847 321363.938 321366.891 65.6226920153 65.6232950195 65.6288275337 8.20283650191 8.20291187744 8.20360344172
176960 65536 353889.779 353943.752 353960.364 65.5285265782 65.5316020948 65.5415965546 8.19106582227 8.19145026185 8.19269956932
194624 65536 389054.233 389105.264 389122.496 65.5571373802 65.5600406578 65.5686399587 8.19464217253 8.19500508222 8.19607999484
214080 65536 427726.63 427855.98 447570.156 62.6938444931 65.5825676668 65.6024006735 7.83673056163 8.19782095835 8.20030008419
235456 32768 234826.952 241578.7 241996.749 63.7646765081 63.8750205047 65.7115560398 7.97058456351 7.98437756309 8.21394450497
258944 32768 258186.287 264550.906 265937.401 63.8125886776 64.1470265235 65.7283319776 7.9765735847 8.01837831544 8.2160414972
284800 32768 299182.608 299670.477 300430.753 62.1263056915 62.2839226168 62.3854873275 7.76578821144 7.7854903271 7.79818591594
313280 32768 329092.657 329602.934 329713.469 62.269576497 62.2904591013 62.3870440233 7.78369706213 7.78630738766 7.79838050291
344576 32768 362543.83 362948.109 363120.9 62.1890195139 62.2186262334 62.2880073176 7.77362743924 7.77732827918 7.7860009147
379008 32768 399073.527 399572.25 399573.268 62.1629880606 62.1631464347 62.2408318455 7.77037350757 7.77039330434 7.78010398069
416896 32768 429033.652 429053.667 429399.11 63.6277430943 63.6789715539 63.6819422641 7.95346788679 7.95987144424 7.96024278301
458560 16384 235704.313 235780.699 236154.692 63.6281835129 63.7291099048 63.7497629498 7.95352293911 7.9661387381 7.96872036873
504384 16384 258841.386 258917.179 258933.982 63.8296093249 63.8337516878 63.8524432565 7.97870116561 7.97921896098 7.98155540706
554816 16384 284648.859 284695.029 284709.317 63.8553415798 63.8585462902 63.8689041364 7.98191769748 7.98231828628 7.98361301705
610240 16384 312523.135 312573.637 312587.387 63.97041324 63.9732272751 63.9835649927 7.996301655 7.99665340939 7.99794562409
671232 16384 343482.948 343630.073 343646.413 64.0045388048 64.0075822933 64.0349988378 8.0005673506 8.00094778666 8.00437485473
738304 16384 377519.8 377621.69 377647.399 64.0617293699 64.0660907799 64.0833817776 8.00771617124 8.00826134749 8.0104227222
812096 16384 415300.315 415361.355 415384.625 64.0629434178 64.0665324486 64.0759488179 8.00786792723 8.00831655607 8.00949360224
893248 16384 456330.976 456391.678 456445.124 64.125891427 64.133400925 64.1419320699 8.01573642837 8.01667511562 8.01774150874
982528 8192 250859.678 250965.841 250976.088 64.14052781 64.1431466843 64.1702918554 8.01756597625 8.01789333553 8.02128648192
1080768 8192 275796.836 275843.047 275873.852 64.1862314374 64.1933994878 64.2041553805 8.02327892968 8.02417493597 8.02551942257
1188800 8192 303174.985 303209.468 303246.901 64.2291780584 64.2371075299 64.2444138325 8.02864725731 8.02963844124 8.03055172906
1307648 8192 333445.804 333485.0 333502.467 64.2409185897 64.2442833471 64.2518351558 8.03011482371 8.03053541838 8.03147939447
1438400 8192 366573.801 366634.257 366682.683 64.2701351675 64.278624133 64.2892250775 8.03376689594 8.03482801663 8.03615313469
1582208 8192 403047.379 403097.732 403144.14 64.3018049872 64.3092079516 64.3172421474 8.0377256234 8.03865099395 8.03965526842
1740416 8192 443213.659 443268.179 443276.513 64.327738799 64.3289482415 64.3368613872 8.04096734988 8.04111853019 8.0421076734
1914432 4096 243643.169 243692.211 243732.82 64.3451585388 64.3558810503 64.368834999 8.04314481735 8.04448513129 8.04610437488
2105856 4096 267965.324 268021.529 268358.547 64.2840429152 64.3648755246 64.3783758827 8.0355053644 8.04560944058 8.04729698534
2316416 4096 294684.951 294721.208 295057.501 64.3131586477 64.3865434754 64.3944653692 8.03914483096 8.04831793442 8.04930817115
2548032 4096 324118.817 324205.245 324435.561 64.3378243731 64.3835300814 64.4006982908 8.04222804664 8.04794126017 8.05008728635
2802816 4096 356398.623 356427.878 356846.171 64.3433236446 64.4188350273 64.4241228508 8.04291545558 8.05235437841 8.05301535635
3083072 4096 392071.342 392131.145 392478.764 64.3513181875 64.4083647679 64.4181890346 8.04391477344 8.05104559598 8.05227362932
3391360 4096 431510.036 431630.617 431844.318 64.3334182297 64.3652698066 64.3832560131 8.04167727871 8.04565872583 8.04790700163
3730496 2048 237909.37 238209.886 241679.457 63.2247018662 64.1455813299 64.2266070311 7.90308773327 8.01819766624 8.02832587888
4103488 2048 266572.843 267003.0 267560.225 62.8190787625 62.9501797658 63.0517597323 7.85238484532 7.86877247072 7.88146996654
4513792 2048 546652.206 577947.887 580865.789 31.8291976944 31.9898946737 33.8213069097 3.9786497118 3.99873683421 4.22766336371
4965120 2048 716531.645 726497.697 730390.726 27.8441809241 27.9933874587 28.3827401929 3.48052261551 3.49917343234 3.54784252411
5461632 2048 790280.027 800927.312 804740.016 27.7988471149 27.9311796924 28.307490899 3.47485588936 3.49139746155 3.53843636238
6007744 2048 869880.322 881703.913 885789.642 27.7805454672 27.9092777759 28.2886263796 3.47256818341 3.48865972199 3.53607829745
6608512 2048 957379.444 970306.273 974755.835 27.7694825515 27.896825884 28.2734973282 3.47118531894 3.4871032355 3.53418716602
7269312 2048 1054228.058 1068541.414 1072448.726 27.7636601454 27.8651829137 28.2435111891 3.47045751817 3.48314786422 3.53043889864
7996224 1024 580809.896 589405.525 590611.399 27.7276510066 27.7843794423 28.1955711581 3.46595637583 3.47304743029 3.52444639476
8795840 1024 641198.818 652011.066 652627.566 27.6020831152 27.6281818812 28.0940635171 3.4502603894 3.45352273515 3.51175793964
9675392 1024 707402.456 720195.965 722264.236 27.4348387035 27.5136265391 28.0112157485 3.42935483794 3.43920331739 3.50140196856
10642880 1024 782870.855 795575.321 797933.082 27.3163486158 27.3973031398 27.8419078968 3.41454357698 3.42466289248 3.4802384871
11707136 1024 870497.92 881993.912 883841.666 27.1272734137 27.1841043365 27.5431037538 3.39090917671 3.39801304207 3.44288796922
12877824 1024 973141.093 998528.09 1009869.561 26.1160298028 26.4126606113 27.1017057462 3.26450372535 3.30158257641 3.38771321827
14165568 1024 1078564.317 1144151.678 1153586.744 25.1485927824 25.3559766785 26.8978704438 3.1435740978 3.16949708481 3.36223380548
15582080 512 644397.209 660344.298 664629.719 24.0074276907 24.1632281347 24.7612027134 3.00092846134 3.02040351683 3.09515033918
17140288 512 781372.959 836348.676 908058.638 19.3287681847 20.986049737 22.4625829571 2.41609602309 2.62325621712 2.80782286964
18854272 512 919403.96 994766.609 1067142.61 18.0920285134 19.4083459912 20.9992292485 2.26150356418 2.4260432489 2.62490365606
20739648 512 1029043.406 1109559.598 1188135.428 17.8745613097 19.1403865013 20.6380016899 2.23432016371 2.39254831267 2.57975021124
22813568 512 1133469.146 1222495.441 1309603.414 17.8382962218 19.109350308 20.6102598509 2.22978702772 2.3886687885 2.57628248136
25094912 512 1247031.601 1344428.294 1441647.969 17.8248715641 19.1138419228 20.6066870057 2.22810894551 2.38923024034 2.57583587571
27604352 512 1371739.415 1478874.856 1588214.547 17.7978828499 19.1137582286 20.6065788727 2.22473535624 2.38921977858 2.57582235909
30364736 256 757309.284 816471.76 878330.967 17.7003264329 19.0413748444 20.5289241271 2.21254080411 2.38017185555 2.56611551589
33401152 256 832873.909 898230.777 966486.291 17.6943946161 19.0389711218 20.5329878139 2.21179932701 2.37987139022 2.56662347674
36741248 256 916004.115 988187.554 1063223.852 17.6929053469 19.0363852488 20.5365005112 2.21161316836 2.3795481561 2.56706256391
40415360 256 1007851.571 1086726.639 1169628.682 17.691652606 19.0412782547 20.5314601033 2.21145657575 2.38015978184 2.56643251291
44456896 256 1108183.43 1195562.749 1286606.931 17.6914411104 19.0386751101 20.5398584168 2.2114301388 2.37983438877 2.5674823021
48902528 256 1219124.863 1314925.222 1414920.169 17.695764669 19.0414587211 20.5377604017 2.21197058362 2.38018234013 2.56722005021
53792768 256 1341306.063 1446598.789 1556973.895 17.689376363 19.0390711132 20.5336410352 2.21117204537 2.37988388915 2.5667051294
59172032 128 743354.57 802054.576 862825.172 17.5563262218 18.8865454363 20.3779472184 2.19454077772 2.36081817953 2.5472434023
65089216 128 817680.08 882005.597 949220.165 17.5542407446 18.8919881605 20.378189103 2.19428009307 2.36149852006 2.54727363788
71598080 128 899256.61 970269.575 1044188.997 17.5534395906 18.8907381539 20.3825118172 2.19417994882 2.36134226923 2.54781397715
78757888 128 989383.077 1067976.777 1148526.769 17.5546795009 18.8787057567 20.3783749659 2.19433493761 2.35983821959 2.54729687073
86633664 128 1088060.58 1174059.882 1263123.427 17.5582350148 18.8901931869 20.3832565867 2.19477937685 2.36127414837 2.54790707334
95297024 128 1197196.956 1291296.552 1389475.971 17.5577258284 18.8926688499 20.3776312843 2.19471572855 2.36158360624 2.54720391053
104826688 128 1316771.009 1420382.895 1528258.366 17.559617356 18.8932380293 20.3798777043 2.19495216949 2.36165475366 2.54748471304
115309312 128 1448153.33 1562329.197 1681154.764 17.558873522 18.8943430928 20.3840182255 2.19485919025 2.3617928866 2.54800227818
126840192 64 809386.797 872722.375 938962.99 17.2909313241 18.6033325615 20.0590677241 2.16136641552 2.32541657019 2.50738346551
139524160 64 889911.008 959999.007 1032770.914 17.2924045768 18.6032405761 20.0684027048 2.1615505721 2.32540507201 2.5085503381
153476544 64 978967.004 1055792.618 1136516.842 17.2852674998 18.6068715551 20.0670681971 2.16065843748 2.32585894439 2.50838352464
168824192 64 1076621.088 1161616.872 1249878.076 17.2892836437 18.6029465454 20.071589547 2.16116045546 2.32536831817 2.50894869338
185706560 64 1184361.349 1277730.753 1374756.457 17.2906550531 18.6036374441 20.0702595539 2.16133188164 2.32545468051 2.50878244423
204277184 64 1302807.54 1405406.244 1512967.155 17.2822519415 18.6049262721 20.0701014917 2.16028149269 2.32561578402 2.50876268647
224704896 64 1432920.435 1546144.207 1663625.599 17.2888820088 18.6025511448 20.0724520256 2.16111025111 2.3253188931 2.5090565032
247175360 32 812505.666 876176.081 942895.59 16.7772796986 18.0548446631 19.4696771998 2.09715996232 2.25685558289 2.43370964997
271892864 32 893280.745 963985.402 1037221.458 16.7766904182 18.0512518757 19.4800384911 2.09708630228 2.25640648446 2.43500481139
299082112 32 982592.961 1060094.704 1140660.331 16.7808546048 18.0561746944 19.4803503869 2.0976068256 2.2570218368 2.43504379836
328990272 32 1080641.805 1166201.854 1254765.495 16.7803286685 18.0546595221 19.4841411008 2.09754108356 2.25683244026 2.4355176376
361889280 32 1188932.828 1282640.871 1380225.487 16.7805290789 18.0572087196 19.4804225895 2.09756613486 2.25715108996 2.43505282369
398078208 32 1307617.139 1411052.949 1518589.755 16.7767530553 18.0553148839 19.4835357783 2.09709413192 2.25691436048 2.43544197229
437886016 32 1438408.381 1552282.186 1670229.229 16.7789573655 18.053872728 19.4831352446 2.09736967069 2.256734091 2.43539190558
481674560 16 837874.959 904126.332 973064.372 15.8402530845 17.0480444762 18.3960455608 1.98003163556 2.13100555952 2.2995056951
529841984 16 921785.803 994573.699 1070359.714 15.8404163257 17.0474480725 18.3935827964 1.98005204071 2.13093100907 2.29919784955
582826176 16 1013642.73 1094144.255 1177722.105 15.8360257932 17.0456843755 18.399419322 1.97950322415 2.13071054694 2.29992741525
641108736 16 1115395.507 1203354.789 1295344.357 15.837857664 17.0485709946 18.393008958 1.979732208 2.13107137433 2.29912611975
705219584 16 1226761.958 1324003.444 1424606.811 15.8408808057 17.0445377542 18.3956035976 1.98011010071 2.13056721928 2.2994504497
775741504 16 1349223.901 1456128.723 1567334.774 15.8381786328 17.047756655 18.3985238548 1.9797723291 2.13096958187 2.29981548185
853315648 16 1484156.382 1601857.302 1723831.411 15.8403545508 17.0465251193 18.3983986237 1.98004431885 2.13081563991 2.29979982797
938647168 8 907244.669 979276.223 1053868.004 14.2506980295 15.3361782256 16.5538086926 1.78133725369 1.9170222782 2.06922608657
1032511872 8 997787.758 1077065.021 1159550.776 14.2470604082 15.3381547352 16.5568176394 1.78088255102 1.9172693419 2.06960220492
1135763008 8 1097666.771 1184941.959 1275814.061 14.2436180032 15.3359478833 16.5553049506 1.7804522504 1.91699348542 2.06941311882
1249339264 8 1207362.406 1303490.485 1404223.153 14.2352219313 15.3353081239 16.5562784833 1.77940274141 1.91691351548 2.06953481041
1374273152 8 1328116.696 1433833.547 1543502.127 14.245766201 15.3353717229 16.5560530172 1.78072077513 1.91692146536 2.06950662715
1511700416 8 1460624.652 1576998.505 1697739.819 14.2467098818 15.3374949813 16.5594950235 1.78083873522 1.91718687267 2.06993687794
1662870400 8 1606908.384 1734735.376 1867503.32 14.2467893444 15.3371671369 16.5572142537 1.78084866805 1.91714589211 2.06965178172
1829157440 8 1768305.741 1908996.331 2054921.36 14.2421601185 15.3308409056 16.5505988933 1.78027001481 1.9163551132 2.06882486166
2012073152 4 1166742.81 1260631.334 1358112.319 11.8521752515 12.7686697783 13.7961726252 1.48152190644 1.59608372229 1.72452157815
2213280448 4 1283340.041 1386672.096 1493477.658 11.8557137358 12.7688756665 13.7970008091 1.48196421697 1.59610945831 1.72462510113
2434608448 4 1411896.676 1525234.811 1642732.603 11.8563834117 12.7697502336 13.7948250145 1.48204792646 1.59621877919 1.72435312681
2678069248 4 1552894.308 1677919.745 1807076.358 11.8559206915 12.7685212882 13.7965306934 1.48199008644 1.59606516103 1.72456633668
2945876160 4 1708367.564 1845527.91 1987477.717 11.8577476761 12.7697929423 13.7950460876 1.48221845951 1.59622411779 1.72438076095
3240463744 4 1879171.499 2030311.371 2186518.044 11.8561609968 12.7683420003 13.7952868941 1.4820201246 1.59604275004 1.72441086177
3564510080 4 2067305.953 2232636.131 2404972.118 11.857135651 12.7723816004 13.7938366591 1.48214195638 1.59654770005 1.72422958238
3920961088 2 1515957.577 1639130.702 1766558.782 8.878189909 9.56839154612 10.3458332805 1.10977373862 1.19604894326 1.29322916007
4313057152 2 1667820.797 1802975.16 1943510.842 8.87683682291 9.56875557176 10.3441740498 1.10960460286 1.19609444647 1.29302175622
4744362816 2 1834559.061 1983265.948 2137657.582 8.87768528683 9.56878792939 10.3444209933 1.10971066085 1.19609849117 1.29305262416
5218799040 2 2018117.35 2181472.061 2351538.156 8.87725172851 9.56931630398 10.3438960871 1.10965646606 1.196164538 1.29298701089
5740678912 2 2220078.649 2400108.867 2586800.059 8.87688075006 9.56736419907 10.3431991738 1.10961009376 1.19592052488 1.29289989672
6314746752 2 2441558.942 2639958.921 2845574.169 8.87658711664 9.56794698852 10.3454340477 1.10957338958 1.19599337357 1.29317925596
6946221376 2 2685914.863 2903367.599 3130260.052 8.87622275544 9.56988206163 10.3446635211 1.10952784443 1.1962352577 1.29308294013
7640843456 1 1477242.592 1596995.55 1721229.135 8.87835710032 9.56902285169 10.3447375501 1.10979463754 1.19612785646 1.29309219376
8404927744 1 1624904.287 1756732.226 1893320.555 8.87850472209 9.56882058586 10.3451357858 1.10981309026 1.19610257323 1.29314197323
9245420480 1 1787820.991 1932306.106 2082878.694 8.87754097887 9.56931249277 10.3426691224 1.10969262236 1.1961640616 1.2928336403
10169962496 1 1966598.4 2125566.714 2291459.888 8.87640455699 9.56917741421 10.3426937559 1.10955056962 1.19614717678 1.29283671948
11186958720 1 2163046.025 2338291.56 2519925.949 8.87879957301 9.56848915796 10.343708447 1.10984994663 1.19606114474 1.29296355587
12305654592 1 2379053.014 2572486.37 2772622.932 8.87654390359 9.56712908998 10.3450024187 1.10956798795 1.19589113625 1.29312530234
13536220032 1 2617298.473 2829232.93 3049514.334 8.87762348324 9.56882686361 10.3436579142 1.10970293541 1.19610335795 1.29295723927
14889841984 1 2878833.059 3112136.216 3355114.519 8.87590685783 9.56888834586 10.3443594532 1.10948835723 1.19611104323 1.29304493165

META_DATA
OPENMP_THREADS 8
HOSTNAME  localhost.localdomain
CONFIG  {'ERT_WORKING_SET_MIN': ['1'], 'ERT_CFLAGS': ['-O3'], 'ERT_CC': ['gcc'], 'ERT_MPI_CFLAGS': [], 'ERT_MPI_LDFLAGS': [], 'ERT_MEMORY_MAX': ['15000000000'], 'ERT_PROCS_THREADS': ['8,10,16'], 'ERT_LDFLAGS': [], 'ERT_LDLIBS': [], 'ERT_SPEC_GBYTES_DRAM': ['0'], 'ERT_RUN': ['export', 'KMP_AFFINITY=scatter;', 'export', 'OMP_NUM_THREADS=ERT_OPENMP_THREADS;', 'ERT_CODE'], 'ERT_FLOPS': ['1,2,4,8,16'], 'ERT_OPENMP_CFLAGS': ['-fopenmp'], 'ERT_SPEC_GFLOPS': ['0'], 'ERT_MPI': ['False'], 'ERT_TRIALS_MIN': ['1'], 'ERT_DRIVER': ['driver1'], 'ERT_RESULTS': ['Results.arm'], 'ERT_OPENMP': ['True'], 'ERT_MPI_PROCS': ['1'], 'ERT_KERNEL': ['kernel1'], 'ERT_OPENMP_THREADS': ['8,10,16'], 'ERT_LD': ['gcc'], 'ERT_NUM_EXPERIMENTS': ['4'], 'ERT_OPENMP_LDFLAGS': ['-fopenmp'], 'ERT_ALIGN': ['32'], 'ERT_GNUPLOT': ['gnuplot']}
TIMESTAMP_DATA  1614747919.02
MPI_PROCS      1
FLOPS          2
UNAME  ('Linux', 'localhost.localdomain', '5.4.44-mlnx.14.gd7fb187', '#1 SMP PREEMPT Tue Sep 15 16:18:01 UTC 2020', 'aarch64', 'aarch64')
TIMESTAMP_DATA  1614748512.69
TIMESTAMP_DATA  1614747633.34
TIMESTAMP_DATA  1614748212.66
ERT_VERSION  1.0.0
